100
-117 -582
772 -245
598 -296
253 -129
445 485
-243 -658
-740 156
-751 -541
481 -576
-894 -382
421 -998
-872 -743
538 -701
-260 -226
73 929
-979 820
814 -863
-561 84
331 -134
897 682
11 662
850 -685
73 -575
-341 -185
957 193
623 299
-73 -715
10 -579
-316 876
978 787
-935 -197
581 344
306 325
-222 -249
834 188
804 -958
-669 -531
-59 760
712 113
442 76
742 -361
515 -375
642 753
-392 -666
-222 675
566 200
532 -497
859 7
815 -265
924 177
721 449
-406 785
211 -45
896 58
-662 683
835 556
-246 981
-991 -941
935 -293
-978 10
596 -563
894 211
990 -160
168 806
-755 226
478 172
-83 -117
628 443
63 47
776 -437
-270 532
-618 750
997 -174
309 414
320 637
689 794
430 -49
-724 571
88 679
-978 514
333 706
588 -382
-828 352
-304 244
-937 -458
-395 -299
425 -376
463 -355
794 -432
6 553
-868 834
-281 490
-989 -837
375 -612
277 -700
140 123
303 841
150 -996
-184 463
392 -735
