100
808 168
927 443
-862 -82
463 -333
-975 -834
507 517
-950 567
-71 583
-740 238
-151 -708
-480 -671
660 -781
-976 -721
-973 -284
228 187
-420 905
-611 -838
738 -599
-652 724
-369 -55
117 -598
785 -978
126 -395
-816 935
-463 -324
-577 -266
-861 -865
564 587
489 150
28 -934
739 260
-587 719
-446 623
53 -507
550 -964
-855 -856
440 -367
533 -825
-170 684
-103 -704
599 -296
-114 137
859 465
350 -755
-367 -182
-40 222
-55 -860
-556 -516
-313 603
-163 -495
521 239
460 -610
-597 -156
424 -109
-434 -383
166 239
-8 63
-677 -628
771 749
-865 963
-382 -860
-844 -689
180 -715
-404 958
-860 -206
-244 750
106 -899
505 554
-210 592
-502 217
80 176
243 112
870 945
749 657
-513 731
-579 -255
513 -341
653 279
-5 -514
-413 143
315 60
-519 64
490 286
272 292
42 105
-555 -549
-275 -698
-220 -406
-326 -833
-419 -510
-996 -918
789 656
-540 572
-284 628
-821 -492
-768 655
-800 -876
814 -763
-151 410
813 -15
