100
677 -205
-20 -397
-312 -687
-302 592
189 -523
333 -77
-170 -91
918 172
-584 213
415 899
-255 784
335 626
133 454
-508 588
-189 -140
-777 -301
523 111
806 -212
90 847
318 754
354 -415
-810 -262
-848 -201
-262 -858
-840 -484
-830 -700
22 711
-595 -223
-675 54
82 161
-863 192
530 -430
-488 -565
-234 -876
-780 179
-723 676
-54 -897
-574 969
187 -850
309 801
541 -331
-674 -72
-998 687
379 19
239 -822
-635 -390
-122 816
229 702
957 529
-753 869
981 -910
569 -363
-497 -245
-535 -108
-856 401
262 488
-464 854
-785 -620
-360 -334
584 -785
646 -45
-90 871
-703 850
885 -862
-975 124
535 -465
-136 336
104 -813
756 220
74 45
728 356
411 -361
-105 -193
563 773
865 303
823 293
970 946
-751 552
-405 258
-653 -701
-198 -26
-597 788
-556 -524
55 -405
-635 -61
-745 442
-592 -260
-564 -817
-148 -136
-214 -868
-202 106
434 178
643 -39
360 -360
411 -443
-499 -982
-617 886
369 -103
-387 -431
-325 -676
