100
-5 128
-30 342
-132 -353
720 77
-236 -382
-608 -253
-772 772
325 -376
-834 318
91 940
357 -920
545 61
448 -48
-962 745
525 -157
-788 -978
587 273
329 489
-50 156
777 150
-913 -999
943 -274
960 -304
538 952
56 -100
699 815
450 -886
116 506
-718 288
-587 537
113 -605
-307 -161
270 872
417 328
544 812
-400 -938
-838 217
-225 -310
900 -998
998 176
-750 827
-926 817
914 -358
-864 396
186 432
-97 516
776 -379
117 -895
707 -543
-987 -924
716 437
-292 -87
581 -775
-935 -12
453 -692
-824 -590
292 -848
857 150
556 -31
-633 474
864 795
513 -430
-273 -126
-944 204
523 -931
224 69
279 179
-907 437
554 -954
159 -242
-285 -784
210 -818
749 -374
361 -760
-572 288
750 423
710 -738
-355 -651
700 -842
439 145
622 -887
345 -179
149 -507
843 790
-920 165
111 114
-955 -720
320 238
-974 129
-30 512
137 153
-597 549
584 400
-136 668
135 757
223 198
-231 963
-928 961
366 718
208 349
