100
868 105
606 -144
-985 -434
-489 -311
-370 -833
-345 320
434 637
432 396
-954 -600
-213 529
-879 -5
501 -475
-543 -429
639 -54
-367 967
-713 1
-195 298
106 -376
126 756
693 -980
923 550
-262 -707
-892 -500
-249 246
-276 -602
125 -140
222 -294
-894 496
49 -985
-651 104
970 -680
-567 -284
-202 -883
229 584
-583 948
-176 -655
420 97
-578 172
-893 -673
-64 -875
829 281
-100 54
279 -106
853 944
-798 -92
204 -266
449 944
438 -503
369 909
70 590
-934 689
-752 598
870 -509
36 241
-117 220
46 845
11 -112
-828 -846
-76 483
348 717
-937 -703
-53 -549
-598 -315
-505 122
-588 -323
-531 -893
161 380
-841 335
-155 -169
275 441
-992 -473
871 83
-148 -666
-777 808
-863 107
-58 -421
-489 -527
-959 134
73 -215
719 -414
-431 -980
318 -700
135 -392
-707 -816
-635 650
951 -927
-661 -299
665 424
-722 -811
-637 -349
623 -461
-692 956
175 -877
-907 -198
800 122
418 -60
678 -500
-104 451
166 238
-25 -723
