100
-529 607
115 -944
-209 576
589 -965
-755 -210
-741 -436
-511 -309
700 -248
141 -836
-245 442
-58 424
-743 16
198 493
522 283
-765 419
274 -419
-543 -254
-356 202
-480 -663
766 546
-810 426
-200 -428
995 615
745 -248
-441 914
33 -615
88 -166
-870 -959
-831 -626
-534 996
-724 732
-135 210
74 922
-854 282
873 547
709 891
-243 726
-194 502
57 435
-600 105
431 -589
-604 137
678 -236
291 781
709 -431
356 968
677 517
-256 -852
236 753
828 934
898 606
567 -179
-572 -198
635 121
-5 723
54 926
728 463
19 204
-165 -954
103 -760
981 -963
-827 -660
654 924
49 -104
742 419
-452 -487
-913 -392
-368 354
-876 112
986 502
-484 -671
23 -777
-183 -709
-513 -19
-230 -10
922 -42
-368 -555
-905 930
-734 310
-521 45
264 816
-470 -234
936 -421
-322 -743
-695 431
768 -33
3 -286
-580 45
-68 -738
-153 -136
-154 -280
161 125
280 -852
-510 970
67 789
954 153
330 -260
47 171
-848 406
-919 376
