100
898 -641
-56 406
-111 -276
-550 -325
-100 790
-668 148
205 -121
927 259
847 -946
-958 -437
613 -853
329 361
-324 -225
-128 559
-195 2
32 219
162 345
-104 -553
632 -353
587 -744
540 -339
-380 622
-587 385
-756 -663
-453 12
-877 384
-196 -843
-16 -538
967 -628
-458 -434
72 215
-304 -929
-265 66
-435 871
-4 112
-365 -620
-145 920
-642 543
809 -925
464 -966
259 789
895 986
-184 -25
-924 198
44 114
753 -516
-428 -865
914 -643
-925 -631
537 -696
883 353
-499 307
-53 -324
-938 703
906 325
-398 -208
-497 283
-364 849
862 12
233 248
-192 120
-924 -144
-522 62
897 -198
-679 118
639 -891
700 39
450 -518
742 688
-482 -18
400 761
960 -861
407 -397
317 -584
-791 -738
777 285
-289 611
809 220
-586 882
-829 -403
-813 -299
993 129
12 46
-257 291
166 1
-17 -560
366 356
-862 0
75 73
-982 -462
-122 -105
479 -700
-500 -214
-964 139
-894 761
-868 637
-721 419
-571 599
-220 244
850 964
