100
594 708
-445 -109
928 695
-389 -181
448 780
379 -617
715 765
37 360
21 282
-907 -359
566 707
-901 -967
201 -699
-545 -688
-267 218
599 260
120 -341
597 912
-460 623
-690 713
-474 -153
-851 -573
911 -76
-983 -829
-197 43
320 -851
174 -244
-181 -366
-959 -279
561 -467
-570 -489
413 142
185 379
-148 730
-403 860
-237 339
-492 -721
-875 -754
-88 -201
789 846
-560 -698
-715 105
-106 -604
955 -627
869 922
-193 469
565 917
891 -465
772 -303
-166 591
-849 17
914 -813
512 -742
439 856
39 356
-656 148
-962 -626
44 280
-651 422
151 -260
99 -14
174 -946
-278 213
-787 818
-192 -727
-395 -816
-844 -296
-508 -676
155 115
-490 -742
958 316
-958 157
-534 -819
470 -205
258 -352
214 -241
782 -468
-838 239
-567 839
-719 -233
-123 977
126 232
-581 -874
-919 -958
226 -211
-511 -864
-247 663
-299 761
-895 -22
179 -131
823 -81
-100 261
265 482
-324 -209
27 194
-81 257
-129 -484
539 -505
-929 478
645 315
