10
30 300
581363150 622687922 3
879555111 981176351 6
809145676 816447117 8
12511073 157517348 1
372235408 441686194 5
212278276 294286912 1
33328686 766126922 7
123235507 125871415 1
85020256 515550108 7
147066801 233425599 1
580623 191883197 1
254131489 335929236 9
401667961 574728835 7
184934993 186894341 5
285736705 380806801 1
326436150 349966118 8
731850657 967980184 1
380233211 540346589 1
367862641 556637951 9
710034163 773371365 7
257022881 268252117 1
14692426 108280355 6
339576398 859620351 4
200149911 437052663 6
332303730 765104866 1
474275341 477308941 7
59826713 147296738 5
141840769 598499425 6
434864618 964623365 1
21459285 33329999 6
459237325 517396477 1
29867617 662239319 1
962916855 999167665 1
864750589 954030335 1
358277914 374227264 4
120391527 242367715 1
36087331 279572019 3
681649801 868503680 4
607572391 910212141 6
711002377 766916225 7
121908551 122499511 9
517900580 519081956 6
394912233 471363561 3
590419225 885143635 6
580356790 916947518 6
288437617 546818305 1
482463811 782898442 1
64346762 319173086 1
3673460 13047946 3
895296167 956884890 5
868362371 983908219 3
662040289 950082333 7
969191711 975031577 4
280249849 440167065 1
257247526 351203134 4
495211909 925769917 5
218199955 513379925 5
150095419 721117085 4
276189761 491230455 8
802876065 827876449 10
487028981 784580381 5
33936993 167970225 5
146978497 160710147 6
408036721 779735774 6
97082925 793710368 1
249897209 363312509 1
80239705 169244745 1
261446293 517916793 6
265844178 449998169 2
167190924 229855564 1
569316655 817098439 9
449429938 587968820 3
880405832 969762404 7
353941351 504177662 7
254757581 672301826 1
14204351 261966061 4
165306451 281186963 5
296661246 712163317 9
292622573 512230709 1
17326799 164952249 8
47633593 192568429 1
393085273 508007398 4
57839391 285369117 6
882170173 994023685 3
151061587 188886920 6
64686805 721449160 1
861404815 894718855 1
223896751 642699387 6
308075881 363182893 6
353883241 797009078 5
360003265 360909841 9
30728487 56824089 9
184984533 438697677 6
422708833 630658227 8
64984366 86887756 1
236071981 727242462 4
606220329 860050976 1
474883266 640781426 7
129868060 364107923 5
86339545 663543149 9
180366187 375396647 10
9901626 875638124 6
118590781 199650856 5
306162397 659990257 1
471284686 522112762 5
93879440 216036494 3
547030331 623232621 1
131688961 556200261 1
206275816 472728488 4
697937409 788922259 5
6428225 55742525 1
409381129 447372115 3
276760257 681177617 9
42157955 55398539 3
30319489 339752197 9
754685625 855612093 6
725245856 760552376 4
224924897 339483359 3
549811718 788949958 8
86704359 735954093 5
91805260 159394394 8
29776321 462489657 6
720576484 832062159 1
80936506 93871890 9
343590899 541650891 9
293942551 528319369 3
218613880 325059400 5
33688755 655978755 2
72536251 244606909 9
284701985 477700001 1
677052801 716700033 9
78373093 463414361 2
442575769 762938005 1
176187172 565309380 9
615877865 988795822 5
366312833 490609649 3
30301253 73880677 7
981995301 999527664 1
256348726 383000326 9
807065338 899692069 3
362239921 604891301 2
16324441 608902515 4
843887771 973718119 1
72720922 775608512 7
353703313 365462113 1
112329907 130769110 9
55909283 486947489 7
52279852 331907718 6
147457687 872612087 9
18482791 26045083 7
194627608 780858531 9
614091470 756744227 1
150868081 268379041 9
30354686 301121625 5
15116707 372467632 1
14033481 114129815 1
76102012 478406872 9
111966991 388190367 2
479907757 682016685 4
254584606 307529399 9
379393129 821272621 1
229520179 235260059 9
23497748 271423400 6
314032715 444277389 3
345267721 888120406 7
84013876 202211956 9
31073967 528970175 3
84312493 335332048 1
497330885 755287189 1
579709281 618809761 7
205067863 529715674 9
338972551 606699478 7
339966913 369015835 9
249874001 865328363 2
262802457 693360177 9
127707365 554823338 1
389806715 817830373 5
5934703 214308769 2
20650411 38710103 7
481442138 503041228 1
69944284 157611204 6
640196661 853241079 9
298677496 403845898 6
699637639 837610287 9
23758504 264121825 4
161182753 181602405 1
29967598 131692066 3
295362376 368752030 2
358112264 653598992 1
8233019 279216299 1
634197166 843821495 4
239971681 267500757 6
236102465 554585990 5
83135016 642310848 5
629492657 743275538 7
42876691 264392356 9
75814381 231744655 4
186485112 384966212 7
445931713 482052351 9
173412361 279919721 5
318275105 318722649 7
111689753 603025488 3
309691147 364203795 1
456038309 550922789 7
390139369 798210511 3
527160376 631554770 1
29027841 408440933 3
49437055 511681067 1
327408803 451848996 1
588582943 719327167 3
65396759 66945479 1
217477326 539142842 7
28106126 105883846 1
602724775 744745913 5
275076241 514054585 6
582048635 657281391 7
2360061 453155549 1
91680301 138690040 1
35065177 94197061 1
33407391 713879407 7
321205549 458258547 8
240013357 321095883 7
304598218 526892598 5
234787351 490425379 5
202497520 734892048 1
68847885 234495504 4
271992299 686734571 6
52003875 441731592 9
215784506 562452806 5
32848447 406628127 1
623425221 629241296 10
91451125 186458686 3
62919676 174901633 6
196291201 398797923 1
217547051 233503355 6
274497576 635416344 9
404909185 623296705 5
416166791 628725797 6
27261079 239229219 9
76946521 243025609 9
91185251 107042235 5
2989576 327505306 10
378269245 623789343 6
339716937 604446996 7
93247951 622561855 9
658077505 699645179 1
252246281 502010741 6
192095353 555981067 4
600342184 724382695 7
283197029 817083095 10
93639086 307176738 8
240411413 260140673 7
752791767 894615583 1
3498721 34988110 10
173492779 189212589 3
53542873 256842530 9
278318041 830231559 5
128100397 185534851 1
568129 42384281 9
281147505 432723405 8
302341733 976511538 1
147052081 252927585 1
605815705 940729753 1
581912359 868502687 5
197014021 428145493 1
604943521 949863145 5
545334409 921591835 1
213624036 285451896 9
542777181 996720396 1
38222271 576478366 2
8386341 12142885 1
57798329 671626425 5
14616022 250552273 5
631796335 651810823 1
573569075 858366388 4
98767085 420108829 1
229991437 231867725 1
381438721 550856743 1
41579057 305642395 6
42683148 248603308 4
16069951 47366051 6
24163312 60610085 1
541057481 920023962 1
15858961 305836185 1
108063649 999649171 8
227470978 247799363 9
94840285 100918555 1
105577748 105783788 6
20131321 156883327 4
689856679 919167455 1
9001601 248046095 2
233251281 313532329 8
285554083 361063084 9
516129139 586757619 6
170174821 634983301 7
609901825 966895049 8
211958553 494479385 1
167578710 229079474 9
90324081 146734058 3
331692773 357337938 9
525135430 608162781 7
501975964 673135414 4
460752790 739118879 10
47541725 580482086 9
8846421 21796239 1
469447441 533210553 3
73472295 163862904 3
9051147 224509930 4
507599569 769068145 1
968981716 981681180 6
533366263 804341276 1
370853 864097528 6
251563456 364551152 3
331951125 618019701 3
384876032 693467507 1
34098857 43981747 6
836977341 922183810 7
19298965 700733213 9
106408111 151999111 1
405706321 827351044 3
405344086 569467966 9
77904371 88015637 5
808160365 886020890 9
20926996 512334884 9
426651933 639135553 5
661829851 886875214 3
47786184 182827686 4
161169007 408099856 4
173747457 264838873 3
352553371 681323481 3
30 300
268707209 723244557 1
65846287 255984046 9
131850811 775950071 2
28790821 95762836 9
34089761 737435762 10
579244785 840041084 3
156937691 374309387 7
118096156 232374304 5
155515981 266634973 5
221091404 443409206 2
307956061 698001409 6
7255111 750969113 3
99694780 123405659 9
202822971 324037039 7
539208391 582630729 2
46457610 221957466 3
637398763 794752959 5
81030115 326737891 5
422895792 652101522 4
79012198 112776434 1
10752782 16567087 1
429889558 997342861 1
270743608 462978288 1
335992801 470833848 3
12211849 89801501 4
40581581 151670379 5
38960741 70965461 5
337769263 475975946 8
237817308 981895316 7
89080291 113480291 6
285896773 392863613 5
260711347 740470013 2
7069217 68732317 1
94151326 668870824 1
915188236 929489691 3
156529185 191105289 3
80198241 143352388 6
64919801 97206627 3
589485793 788441313 2
158178961 174938011 1
233030049 676871898 5
64552600 513655579 1
109171986 679021809 3
564187219 917281278 7
289864741 640661308 10
214982 308145682 7
219188404 366865809 9
143732161 146533245 9
90925581 212242326 1
179982026 328716899 4
11560849 866064121 1
186777064 294399546 1
649475 636401249 4
669447425 865772501 1
80706916 105523840 1
585531800 597987290 7
442727141 473804681 7
54939825 690278465 9
681565 91104121 9
236552375 285517555 3
96072481 285358471 10
130574003 696734303 1
128802893 205629563 9
17010649 517580761 3
483955028 554648780 1
223814221 262500501 1
455093101 929202666 3
15601313 156060296 1
6080901 132623145 5
44750449 541606730 9
66371979 107926363 7
266474079 768090363 6
92502361 999439849 8
20155393 473547947 6
198310645 240918925 7
504233129 705691189 10
947768515 986728037 1
72940029 220833645 1
57303683 212668243 3
597683601 636765651 5
90473207 165889252 5
654405145 686349176 1
725106009 949871319 8
117031238 568821165 5
278570419 440424403 2
357828701 586029429 7
828936681 839800523 5
63178633 109050697 8
193105657 947136687 1
252401641 281998923 7
196491961 681532725 1
33345803 44322027 1
135002497 218775959 5
358432093 452155560 9
231887681 332422785 10
117865801 151166153 3
275136763 794510827 4
264139981 282789517 1
710824621 909896377 1
423840719 509356303 7
69398563 806322436 10
452377577 615065435 3
10956288 494277142 1
350182762 546309111 1
542104999 659361329 8
922555673 986160565 5
80657457 695204097 1
304831867 681126069 4
25827107 184678957 5
85412234 326686699 9
62550416 503696384 5
171460161 843517761 5
333811159 384543439 9
310538236 584785123 10
43927097 302040322 7
180660121 479132913 3
794486095 835816440 2
257943691 466459731 7
703867 25063787 3
74417586 190015116 6
413818285 419010955 3
258005857 367488355 10
105749857 785823504 3
294772957 466967067 1
482904416 601057284 5
657706820 877146305 8
252441157 734353783 6
192612410 570048782 7
340060519 690949761 2
501215593 739782366 1
27032897 296935503 8
243383138 465182906 3
584706637 591481657 9
122091625 132701410 9
33748731 251258436 8
480861900 575784780 9
152299753 201878701 9
14951119 96470111 5
882649076 892147301 1
106705851 778364891 3
619521286 706231507 6
501402736 548828636 3
38293183 44822895 1
9312031 478788839 5
29978847 221259323 3
167250467 172180907 5
232640851 390295565 2
847082809 855724657 1
548860841 578056579 1
181200457 395520475 3
1764365 22169374 6
197867521 476456092 6
401415 413795526 8
349207966 360810076 3
4291617 360513763 3
521916317 614052467 9
233505481 529624753 7
156614599 302525118 6
270135985 425670768 4
564122833 650432161 1
294750053 322641114 7
69124569 323952645 6
101948641 209483349 5
262989390 943310598 5
32979156 685578546 6
11525927 218705114 5
108901261 350371413 2
817532156 860997071 3
26213391 217409708 1
56317516 487811311 8
736044505 897250671 1
3907854 46710339 7
41592049 338418499 9
338652141 524724277 5
832998961 972473889 6
28912633 101233587 7
160951491 291910851 3
232003201 335762805 2
370193433 527433738 7
300926806 314526329 1
291686209 753203149 5
188849568 199222200 5
278519941 701625223 5
263127874 322739758 9
712883440 855579952 5
444279034 464740579 5
313123886 314296019 1
26599761 703363201 3
198786619 270647389 5
95154625 326912701 9
56452085 374514342 1
218335281 299546677 4
392960413 508852080 1
229400193 280721169 7
181384881 189446115 5
317098851 368034410 2
76325221 500287333 10
13944887 434654162 1
179466521 893549024 10
54661011 157871091 8
15968557 82211437 1
197467507 836409952 3
80641461 150106004 6
199547541 206834052 8
713012092 829588854 8
501364561 708149755 1
62246181 820745209 8
9227275 168944497 1
599090205 778406475 3
392838529 533634984 9
496085993 983739965 2
241219375 797260415 3
354302873 451853603 9
199350226 266667256 1
613025825 670981193 5
107353417 342894505 2
586597897 827932549 1
389769985 468825475 7
777236097 815387745 10
983240313 996034054 4
151141394 176072914 1
17583328 304564960 3
521559137 710039990 1
24695881 283468385 6
714405628 888360755 9
40164283 40473019 1
131118910 662762664 10
213880018 707600278 3
2353072 438748684 7
61117636 133085672 3
114128263 148906471 5
724591397 878362236 5
39823291 171951903 1
237878501 247623041 10
117678353 215300045 1
174941561 478624869 7
341854033 592377397 3
86519609 573285473 9
37040141 113316221 1
321374223 834095919 6
180290771 638411954 6
243627609 714670977 6
25891325 47171970 9
716596280 923059523 8
593647209 750708531 5
675850776 689236434 1
79747739 224865250 2
524372215 602223254 10
20011931 173896649 9
134538222 559465262 3
31094805 137705307 5
338893237 601870231 7
353271376 640259896 1
553657961 693534194 1
27010001 32790979 1
590454621 699390133 1
221473729 449049685 7
144646841 288455927 2
491685277 810376804 1
664679236 752059616 10
777038573 840986132 1
11619225 340840089 1
131563252 132084008 1
34639844 124581353 3
300722298 467823127 9
95697097 152255465 6
56829490 105828064 9
458688544 731410744 9
147759435 382626235 7
565000138 878785424 4
39795562 242160912 1
113313433 183495485 7
629924062 976494862 3
273751369 864146367 9
335800017 413145423 8
42220861 505043578 1
164421481 187661973 5
396660391 399576547 5
289847197 335400400 1
186092314 822595961 7
16278832 541582226 5
47025604 404442397 4
16052755 359834914 7
855969841 971786374 4
28418776 257058460 1
32832271 461440963 1
332791603 659994193 1
193948533 704144733 8
381398707 844086674 6
254717189 334431229 6
37446205 132920613 7
527171513 682791684 5
283714435 446791839 3
214927091 710108151 5
809789177 851536129 6
161916481 296564898 5
352819801 750831655 9
551399759 995457009 1
144549497 235856097 5
84380451 127992799 1
147266757 177517785 5
24797776 31241281 10
104062321 267097139 1
397248076 398556951 7
59558281 83554906 7
2394946 104319307 10
142607386 779853079 9
599887297 793820746 9
157217309 623257592 1
675745171 911996453 9
106936033 466527073 3
156732391 248499927 3
4795667 916023803 3
879452179 968984979 1
146562292 160995156 5
107419807 289003231 1
131152579 204455675 1
617416966 637626430 10
425402636 688084744 7
16434001 298682011 4
405877269 463111617 5
177449050 543545605 1
77257177 440957425 7
371864617 702907541 7
27424415 66578442 6
28071121 61198775 2
65973801 79912289 3
253549819 279425163 3
97694704 141101179 9
776840161 918582657 1
30 300
749523411 909901141 3
18016996 57620908 1
153146017 481286752 1
72290044 193894673 9
168051625 351282400 3
261187411 538509811 6
197474251 341128957 7
147615561 230180481 9
401754944 672393707 8
320029977 494769037 1
318331801 786221801 1
153149596 172333788 5
963107057 965685899 9
72508505 175430985 1
102078376 993696478 5
218815195 635189363 6
207388333 538117328 6
43004501 389772377 7
261740469 292787219 3
181477448 288458891 6
605654056 736504350 7
213000361 392069069 1
810768799 887068467 3
32205277 274114451 3
721703861 941939051 4
240709969 252344314 5
463025089 497499660 9
909850041 915089377 7
441392013 819597469 5
173155626 368171271 7
716030419 817415534 9
222488301 597208458 1
786748495 989642527 5
203370751 301099874 5
159567298 200290201 7
374730721 743395201 10
300209277 618963069 1
29289219 130352119 6
195756881 290516321 1
48730296 167695347 4
161529796 165570568 1
598297177 988370983 3
58756851 87977450 1
357186193 391333305 3
344965457 852944726 2
275299777 539987673 1
171879746 485493570 6
71183861 372531908 8
162748574 261784214 5
70604509 980680914 1
33248237 425145353 7
34988704 813971749 9
204357911 329846122 7
162103684 638826992 9
19462231 669424521 5
511087655 575862419 9
248284801 480845313 7
343735813 381100425 10
143405681 727128916 7
40616434 352954306 6
307691521 410626874 4
362736452 398843588 3
140400037 382348483 1
28496001 416765520 9
514224373 552605414 6
452156770 973194185 4
423168663 548706267 7
318087771 701830025 1
579946561 994795631 7
181245569 277930346 4
56205913 181017608 5
132764841 310630639 9
365400653 386210013 6
210212872 587622744 1
21407499 38729209 6
47213746 122732116 6
308932021 517440081 3
85127689 153932828 1
187962061 673402699 3
7577183 235043219 1
81280877 228623052 8
541566323 630377899 7
70129249 164611345 8
201981601 438422242 9
680124247 959245691 3
60808838 717739758 1
696838225 974562575 1
478612788 856353354 1
96640111 107565809 1
21858664 663031624 1
195451126 892674166 1
12121357 342662659 5
163695111 463318047 9
66662200 711916888 3
339565535 608863173 7
115220935 241117639 3
232893983 563800241 4
529458165 670848485 9
46993826 103238804 7
475679101 578058397 5
248532549 304563309 9
58330520 381482019 7
15118900 256612360 6
41744885 736122973 3
30797941 482200366 7
652617967 978167287 5
355053695 561532151 5
209507782 350914758 10
485891397 686382597 1
205128865 412079154 9
61148323 98997023 4
441590065 596489680 6
136034617 820613155 7
50506278 58787622 5
128304063 329016370 1
41341 515193741 4
859812318 864913864 1
464307717 651155278 1
723858763 909900933 4
311702311 744887665 5
74091381 793919765 3
256165729 551530925 9
189710145 484785931 1
660545015 816949887 3
82740421 231650848 7
250078753 387847756 1
810561601 993543953 7
145799119 195588892 9
62487553 105409149 10
28768851 337962771 3
212498337 223710837 1
751539853 798977691 2
198523476 621975082 7
427331890 428377900 9
58859968 867456346 1
450773841 516530269 9
87173427 379708219 2
6976501 170172821 1
315419689 780297049 1
1833159 19958098 1
7224561 20484885 1
124304016 157476456 1
252667339 463155447 5
489009907 806493052 5
90283631 325965966 7
15362461 288313728 2
639191323 656485419 1
308811304 684816136 9
92872410 334685010 7
142460101 216228061 6
613147046 694201030 5
254346333 260685917 6
259067001 423056577 7
356140051 437666871 9
353420497 498539881 1
911724703 981006773 9
310895004 845624248 1
165088321 244052945 3
482508863 626470076 1
147716869 572082854 1
114402166 146264710 7
401708581 655882344 6
159844671 186853786 3
91493585 313743615 3
99563281 253177405 3
168501469 753822947 1
5463001 743784123 6
94693873 541849883 3
201367687 297655683 7
687464401 742494082 6
78357106 161141122 4
26829979 349162219 7
24268231 375272119 7
807740473 960110572 1
494639596 693806601 1
567104521 793840911 1
157501507 518020227 3
114254021 651816461 1
40852737 726273598 2
343196767 624378736 5
298305739 479733562 2
291994099 511467175 7
347140012 406024443 6
12299741 397251581 1
169846125 981689899 10
66151166 343404158 1
133715977 144322207 3
243102686 665437958 1
87875641 455034041 3
305794988 603564380 1
746267402 752760098 5
227878873 385054035 5
43489512 457777080 1
250628201 417163361 3
295921930 429548437 3
897673121 897772049 6
319278690 461114483 3
271029893 582438628 7
162553 902306160 1
187439673 711771395 7
401019340 527500021 6
32416396 586662656 6
273565699 276107599 3
3795665 37049025 1
190340491 795021561 7
393900571 887939490 1
199536305 654491441 7
549447842 843247062 7
599339845 650136791 7
663277796 720949314 6
104948145 456108849 7
143293273 244723273 3
685937221 712771613 7
51643711 350955451 1
263873520 266185872 9
539926 255589153 1
845530559 979311289 1
83872573 184537340 6
271171489 708574915 7
43653336 84384128 9
2589697 334381825 5
269710489 642315865 1
339118561 564958941 6
717669031 926021333 3
796851793 986222513 6
621633315 779563877 1
378359753 766300385 1
251167361 423371393 7
347868605 350926385 10
23071951 610741621 1
19747522 421388062 3
219687778 688678386 3
88831037 104331189 5
48513731 62492035 6
134622681 136592278 1
564342553 659435551 7
83090307 785957244 10
188727001 358108045 2
38964587 865214430 5
106691421 389256305 4
51705229 197779969 4
101165026 146717122 5
59782111 280939223 7
9573373 507495185 9
352098637 649565499 10
193293121 757602453 1
757603417 793323927 5
8475841 224233647 1
41852917 67345852 10
617815345 986684433 7
251637179 419545824 7
99896225 407117377 9
389534540 841255572 7
25125129 345423959 9
489734628 670117350 3
38773966 170998880 2
146084446 457153670 1
38001566 109949203 10
192687857 866327894 1
254028937 957124525 5
495350857 683571959 6
196518888 626385193 5
876035952 932144629 7
408565081 463554225 7
212674239 657507918 1
181066263 195134163 1
20892751 288972111 9
472268875 562573665 9
77641184 225668828 6
120788431 187750809 1
6351967 94029571 10
103806656 190819987 1
22878453 31845024 5
132050734 150691418 5
106661029 620386683 7
23101025 113584704 9
198053423 435745973 1
213402964 632540111 1
11649877 18625993 6
459411991 513162611 2
1363272 113150772 9
278838853 460769438 1
163678369 456441709 6
198936806 303707930 3
324384415 477862275 1
249202962 251646786 5
18891055 307875881 1
2370051 87798688 10
662232001 921723289 1
474604576 932436076 1
21405145 725683507 1
480929479 593462150 1
28590829 42449892 5
101557674 487488999 3
212358852 230743273 5
408332476 971456882 9
27928671 362186399 1
393242149 550293508 9
901257841 939289199 9
93534409 800772329 10
232646498 891520966 1
177675562 645941458 4
15428001 758578559 6
183026769 357869434 1
186161031 368947257 9
58486717 80483017 9
20744925 442528125 2
56190569 197354006 1
92334145 110017285 10
84279363 100523358 7
232699257 238265361 6
69475071 432049322 9
775054785 842323777 6
245217339 352057056 1
6354685 77035761 9
260287375 483672994 3
74654041 124093802 3
311092156 591482966 1
583486801 952500641 10
110887765 340365063 1
234841015 931709605 1
567409601 763831487 1
74447593 278493422 1
60245326 259002856 3
404836165 649333177 4
468845670 808960398 5
441944059 759531116 1
19198197 100690785 7
9777706 47801806 2
18602927 301289639 7
30 300
94854509 943753811 3
807847789 906339482 1
466975161 541679058 9
254874907 748892435 1
85188401 792094545 1
331703321 613502406 4
8141707 136820887 10
58977025 391719661 7
7107623 163724839 5
1792281 323314386 6
606090090 933302202 1
184232124 540950748 3
566185910 751752301 3
499184921 523064357 1
1980658 179124082 1
231205129 378848769 8
165917605 342766480 1
55976625 673109721 1
346793635 427858795 1
93702908 274887364 3
604796799 778359699 9
93096225 160962705 7
92889500 298831436 1
539182166 733466809 1
760942509 806665928 5
831143491 871679041 10
16176994 130995390 7
261419211 268478599 1
123279265 399088069 8
528442417 923658503 1
488103941 615825941 9
94965196 404401058 4
64968560 592725176 5
247337707 421627282 4
125762768 188308376 8
45328321 403706690 1
91367683 105549529 8
288849133 428978939 1
149857621 932192615 6
593804062 905164678 1
238233381 526892965 3
81007841 234611349 9
760088557 895047661 5
537314017 655443392 6
47954978 59355182 3
79237741 86304437 8
150678881 250535011 7
76020911 303955307 5
176015890 179926115 1
509343397 640975093 7
244198185 768184352 7
307798793 332159833 1
790407793 804664013 3
113085053 389377943 4
544591376 587846004 1
37084916 241421594 4
424587421 486054197 5
304196143 431706331 8
257797616 541678304 1
779063641 991228965 9
24878971 569800222 1
78249217 378947629 10
252142711 486354311 1
401133217 755874512 9
42412014 574013508 6
634264620 637813660 1
10646647 291941137 1
319086721 343256401 2
241717735 643480585 6
96121030 122082910 1
25043464 180811252 1
724506081 934763167 8
181036421 185545493 7
152513767 753009679 1
86894479 127158195 7
425158631 784923260 9
325283509 691338240 3
482173490 558049026 1
648382777 957880307 4
130737672 194217480 9
123881782 394670587 8
59507937 172461583 3
96304745 140475585 1
173919515 255237569 7
85519539 586172943 3
42251587 487539361 3
227220804 807958212 10
135453751 297674923 1
491411773 493588589 5
109622878 702404328 10
347674097 433150777 5
1712086 360595975 9
846740819 974979701 9
1765297 545318137 7
212388859 858735766 5
87595894 739218754 9
127246890 438032466 7
473607434 820936966 4
16165121 49952196 1
28941940 192176003 9
217448713 760743046 1
69601001 516329841 6
26701217 898922567 1
241688251 810363596 1
65839873 626206873 1
417527265 529921690 3
627846934 637816503 10
64931476 88274796 1
25472602 111464266 9
91805595 161524500 1
230533309 780628423 9
136761769 608092858 1
201647881 282931111 7
297589591 309679796 3
717212386 829437847 9
14456308 21713470 9
59562754 180091129 3
174061133 233877197 1
14050297 24435325 1
162976297 311092517 1
301114913 342253463 1
102853841 193031396 7
627311170 970355428 3
163017559 168245059 9
45698101 138150244 1
3829357 874570145 3
154270465 234048698 2
152372803 566827415 9
488732245 520894207 7
321123367 635130792 7
184075689 543448203 4
435066709 525365557 2
91632300 658409900 9
126184921 996409591 7
54056188 145893409 1
32269392 77140647 2
442972061 548095901 9
512862626 721358102 5
51809660 604245271 10
803956385 847522747 1
588971541 641095317 5
41534641 493533334 7
88962433 132562682 5
72699177 641527765 9
585764509 803520733 6
207186012 934127948 2
357375561 891410073 3
51691591 653936176 7
84017593 123629401 9
130023711 149082143 7
857101231 862975091 9
301830739 646851551 1
470413529 649199855 9
770177165 809359794 7
30572614 55936198 3
653711011 917502281 3
321528625 349013537 7
36267242 138510890 5
178159178 314445842 3
307019647 354204019 1
231158553 486334825 7
402404221 451310171 1
121818121 235058453 3
351385381 810791461 4
37760845 339231526 1
160417909 539958349 1
3080746 7633891 3
208077151 581048407 1
95265421 534642119 8
635295011 696058979 1
90830191 253247521 3
327105806 449265506 1
766928143 804573439 8
417550626 705933500 1
423599105 556248541 5
213126481 358518241 1
418003855 797688589 5
240748516 264703636 1
574163074 590570178 9
778633241 877327045 5
129725792 171299772 7
668746144 699613552 1
71460351 195410573 5
663893041 865531135 9
1286937 49538349 1
565191517 820548058 9
294240601 325412865 4
546949873 653187949 6
750204557 924777300 1
181177801 209828241 1
502853269 811158883 9
137769141 536673545 4
312837631 600694973 5
222156613 650555219 7
176700203 576084227 5
88027423 679300873 5
375146951 674375969 4
901194229 999253183 9
178070088 178924460 9
127264206 166179678 1
9250201 19334341 6
5571321 90553724 5
4169749 614042125 9
493154666 857680949 1
136686001 187078238 1
815271643 831178668 9
19128076 900584470 1
70418981 165401925 4
30565653 237918393 3
34185319 91667917 5
480642456 748567776 7
684066941 836827511 3
51213499 192602929 9
142725082 942194770 9
432913933 571095225 1
772563401 948607505 5
316983073 381412013 5
55525041 119945149 1
63803551 224555536 9
50031361 352771561 7
712431550 743292191 1
633789768 674042052 1
287616427 756394282 3
165585792 233920591 1
134924091 393425308 1
233231721 318278121 9
745117045 746708950 7
272889795 313614181 7
59674026 250109686 3
531661372 871450188 9
687240533 763341849 4
29579287 573819829 1
341570291 931846477 3
287918155 641471680 7
5000172 123000432 5
90037 33384782 4
21770681 677736666 7
142499601 180311739 1
182562177 347144804 1
35673826 76520695 7
90798481 544779625 6
81895843 213582913 5
103634101 136810054 3
405935113 612130879 9
548379781 833026206 10
764153758 917394194 10
14468693 137643668 9
140387201 342165498 10
760735399 812433367 1
164398977 331538577 7
223912013 661779107 3
7757305 54713845 7
419913875 852271762 1
675669009 851049229 8
10778113 237006973 10
70624303 555190000 5
57356461 140337073 9
615110329 776243627 5
619883341 638794725 9
337906086 889213546 5
52309310 53725472 7
456309829 533296923 1
280719473 635095418 7
759577817 870935481 1
327068441 372731465 1
158716454 428732159 1
32126485 513707746 1
280032091 386101915 6
104451260 764301020 8
185846376 227307879 1
381077754 877545229 9
566521606 953601376 5
437799616 569649658 7
216968961 394980563 10
63095997 69025557 3
50798341 144305228 3
108466031 112898305 9
91756461 233993549 1
652964206 672943116 3
3545701 59672761 1
563814637 663344045 1
2194452 795577386 1
32344626 100041101 10
45175057 97975057 9
73770873 101238004 9
191916533 285372903 3
171690417 483353127 1
278402289 503883611 1
222366037 297267637 1
299005396 439121941 1
16487009 72223451 9
18809336 334555665 8
109042957 745994093 7
77889593 910779570 5
235505336 311446456 1
826685413 832684369 5
32597871 303481817 6
14473165 454946485 1
12881251 220830323 2
406166328 682151268 1
286274055 300754145 6
48425245 209385800 1
324679321 550274523 7
1727011 792131241 6
957238099 980008099 1
99001468 435595178 5
4810345 601626948 5
1330617 31668232 3
71563273 795718220 8
45791233 476097063 1
100127626 108842541 1
53947385 663850679 3
723890878 808235038 9
1528561 43421269 1
298897921 340121155 1
62633957 136948901 5
288013519 438990538 3
360716049 449819475 6
449715605 714910567 1
701137165 810171375 9
235917073 367733296 1
138932081 204779657 5
370961682 458827196 3
49029605 683152605 4
540360829 547042005 2
893982776 978027191 1
318605197 844347627 6
123344621 450315674 6
200095141 706949541 6
441476534 861494606 4
30 300
33104121 59137427 4
123083121 289933752 7
924648229 966204003 8
609490913 743151865 1
107008073 109378365 9
741116722 842737000 3
57475307 434331994 1
12723719 335866680 7
19351987 38544919 10
680998309 721055055 6
184734999 261944481 7
38980006 380048118 4
162080735 299742456 4
513983107 850937751 2
281100766 633573756 1
534931183 535796287 7
15982197 202070131 3
27494017 205738329 1
66233601 79021413 6
189303769 204307907 7
243830180 305167159 3
689890833 932845323 9
314815795 493765555 7
37657257 78605696 1
3464151 70934391 3
102171369 302363868 5
386999247 612142110 5
195243896 200821916 4
419923466 527782781 1
193946719 526100233 1
82192713 127564963 5
44892487 168273992 1
56879901 190117981 7
40275301 347100657 6
70116841 279871273 7
352311315 413389805 1
88477965 468627049 5
27526599 60633999 9
824544449 992169881 1
573032968 599262199 1
244254160 652807360 1
9082943 107925425 4
307407906 340541814 4
81863440 346806118 5
26864641 247627141 5
752836261 892943163 7
92047781 241819481 1
189994045 259278061 2
86195173 203866533 7
406449 450679006 3
120694231 138423269 9
199810865 879634820 3
64098523 641422729 9
446893609 616974745 1
470342095 854818945 9
196949077 256898005 9
888563194 897283738 1
264638489 574517261 9
327454401 439863841 3
34904737 346388994 5
389493630 744051995 5
560712001 574105326 2
179825185 338836801 1
2192754 2707954 6
768747241 775026787 1
412247785 773211063 3
122212991 920340024 5
201782198 363162454 4
136192981 969579967 1
261115471 643061309 3
24101914 52377510 7
28389719 352341527 6
52173473 53936673 5
414133921 539875165 2
860590433 912036773 5
436090579 526492005 7
330659369 552382753 9
4167649 367224304 3
480315782 480479432 9
448609829 699595813 6
299793937 931706662 9
24974569 199985649 4
1130081 997094311 7
190458778 781845860 7
325129569 956020069 1
236553010 383637801 5
244720909 341429284 3
191272002 365786166 9
278285667 452734332 5
467019070 477536978 1
73614361 226471299 1
32921827 65211981 2
77506929 316249986 7
164335337 469792577 9
116446448 157650568 9
260943211 426337867 9
75691578 415053634 2
113129233 336769675 6
4699925 15024509 9
153322781 620783429 1
109625077 535019577 6
42859857 510621557 9
1598566 32103742 3
822719251 880771396 4
710193751 769407159 3
511520221 546117569 5
93311396 619188204 3
2269477 683338646 9
112731373 451587885 7
97249109 415206263 6
399368444 545017721 3
407477085 422652765 7
286834375 308329585 1
348206902 388273654 1
23166649 127293049 7
854656025 926686849 1
948208654 988087879 7
7602724 304104738 8
353331948 514476169 1
911408804 935814372 6
717181246 772932620 1
505569481 820359426 7
844225526 889722274 9
59980897 129263617 5
28402423 262101881 5
359481385 545710735 5
28356751 225917451 5
33746098 341960353 5
16473937 229133943 1
82716979 125238019 4
234784369 429473409 1
205897609 231203260 8
122682456 655271211 5
482162409 886309635 8
423382051 690885859 7
13299469 197506429 3
30150521 219219893 6
265819323 274383774 7
247461361 352802257 10
1178887 817483567 3
185040649 632327649 1
417801809 495108257 1
297490381 652658389 3
18865981 432695465 8
19619911 561614507 3
17077695 103758037 5
121686697 573900207 9
3248540 665792450 1
135320161 367406829 5
118126275 396428365 4
495738881 500650139 1
2749327 51130864 1
299562916 487445284 1
150966523 474674171 5
17216061 681000441 3
320263355 556364910 9
42997557 195866655 1
15289187 412238672 1
249830515 538569347 1
94802473 292680838 5
515511193 673322537 3
484288204 673915844 9
235758245 586419111 5
310474621 314427661 1
287267385 340996635 8
61891425 147978745 9
103366041 198994399 10
23349900 517953684 6
308948293 640071358 7
589843505 783754033 6
99675649 539079213 1
723182905 739178929 10
104010625 755325250 4
345540744 478120920 7
351588805 920686885 1
8996821 268556693 1
20885203 415858533 6
18013057 811749860 3
80534481 404160669 1
82225405 815688676 6
18629682 842431192 7
60570601 525206773 5
436432816 438874794 1
224355631 666193711 5
173347105 239322170 1
272049297 409147697 1
105029285 200449337 9
383635449 414181749 3
391616842 730727042 9
248230125 641407437 5
452340751 522396495 5
55644903 90645960 3
535982341 618461936 3
716047270 778593891 3
326830501 988718888 1
720477185 874168913 1
167613546 548267088 1
107112668 320868236 9
382476401 635920141 3
665605727 867540438 10
33009031 535795151 1
101730709 200743173 9
484639279 728348199 5
278343088 642367792 1
8960645 15069319 1
701205191 998738426 5
192936041 233760632 6
39398161 75667233 1
159326273 294313619 3
24182175 153643879 8
207074406 219503564 10
152362497 839833425 3
1859991 490610269 3
420274167 511735284 1
95588091 98158966 3
177021551 250563151 1
288841990 500119612 5
111860761 859996210 7
64629025 461168917 3
104411322 187055037 1
8660665 246554587 1
517447225 651085485 5
122973188 221381680 3
10922671 190267839 1
473414033 735120698 10
131208954 244980658 7
13825633 58808679 7
11435479 53008459 1
158618293 568668268 1
112416529 278876719 8
567275601 870637581 5
55495025 172056320 1
240608401 323570904 3
100841066 357429554 9
455142217 647172485 7
54736529 361103441 5
156681385 588703295 9
386121016 759028656 6
279531055 417887922 5
277759304 981565022 2
47364013 211901500 7
41008120 54410245 8
167024051 848894751 5
228129793 388633753 10
481818256 844234912 1
826482095 871534435 5
129535396 448548220 9
748401613 885084925 7
619418773 764310025 6
777516611 779126660 3
538903981 796616027 5
252300821 933297123 8
23616685 313184687 6
129212161 753271776 8
710752381 788209941 3
85783342 138144286 7
6911851 275850440 1
12375397 114709447 1
281289351 442011003 1
513106890 513141071 1
454185537 559008758 10
281485261 295729980 1
164929305 210469757 4
8275051 256478615 5
203240228 448562276 6
268693412 271579572 5
7094881 233972129 4
551535227 723692923 1
19107726 161414133 9
539677413 627758133 3
182290231 387776209 5
149107924 223717364 7
163167093 166157631 1
76186625 382219357 1
512649949 922611809 6
242319529 260551340 6
352319041 766408309 1
731582955 880720083 4
38263251 550379181 1
139794425 413062415 1
432179243 601718151 1
40579057 415105807 1
277905553 432198901 2
47780587 80427835 7
126610453 175483873 1
9320689 761473233 9
2861281 6654133 7
148230076 362949157 7
115322401 122862241 3
465921643 847754231 1
198958839 300956427 7
820356484 914376196 7
176751431 265886295 9
23575550 216969270 6
639075893 804153578 2
765945601 779708517 1
255758663 268796891 6
135015903 621257139 5
933236778 996344598 5
295910203 648402386 9
614932501 806538685 1
148917686 356930141 1
95169928 705610612 1
166099393 207696024 6
116039161 174073865 1
961991738 970261811 8
14759494 160390900 9
366003845 457480304 9
384517983 463951137 1
9908631 134173495 5
453546897 462572157 8
545343051 569267871 1
43027751 415587951 7
497784061 530042581 1
252378768 573766528 1
73218901 574837945 1
730549055 939327695 10
634024151 845116109 2
167948041 954912181 9
362596515 653017847 7
22166081 434658681 3
501893605 594606655 1
234553313 267052295 5
160577541 568544553 9
234033229 423602024 7
290363841 329484725 3
180956485 408045760 1
82556049 252219424 1
45088321 196714321 5
548667946 954309289 3
30 300
670885465 774954535 5
197029033 379462702 3
81287691 709037943 3
696570954 745549970 7
351137941 653187829 10
289637263 496879480 1
751356361 897917468 9
46276651 67013353 1
58596631 113772691 9
518697266 870877586 9
279071479 530668903 1
163292905 639635761 8
65634145 104072391 7
483299349 821499849 8
740328293 867628773 5
546524501 671814401 1
162175791 433117886 3
230620081 988132913 1
409104541 805845445 1
168958233 629423321 1
518273976 925491494 4
12464129 607335905 3
557356801 560659366 1
79100263 208432250 7
36082985 261658624 1
227022418 330489210 9
257046921 300983769 9
4605305 36471693 10
157884237 563987277 1
246073283 443516237 10
145626776 338034304 6
737378150 962288247 9
172390384 390381856 3
140261353 376394397 1
257488214 387744782 5
53779863 180957927 7
559571874 670049306 3
22737319 300916629 5
358686257 457491209 6
311394097 408066147 3
222322597 656517589 1
190570953 968556633 5
3296209 185011699 1
47254489 207616264 9
135623076 679948611 9
844412329 864462424 9
293013937 366105721 1
292550061 837236046 10
145135537 410662789 5
183933721 832363156 1
598135489 625283449 9
2156511 94983487 7
340543854 340833264 6
20813281 137495492 5
420333558 428577406 1
175407616 175516803 5
165340865 662791921 3
96059777 159004663 7
183631623 359628109 1
130570753 763570939 1
128158418 159139587 8
309306853 508935571 9
282556051 390651987 4
491466721 828221737 3
186035081 446211131 7
127424161 216166801 3
288726730 302595559 9
316057951 809349271 5
558261331 717609169 7
292604834 335647343 3
487384385 771269709 1
295217501 449230721 7
295000501 468896797 9
55633656 290894952 2
224528557 428635257 5
660521698 869432415 7
653983342 678247803 3
178345819 314433862 1
521446781 581052599 9
208878781 264041889 5
244715066 453167306 3
218434201 531263874 6
120226753 120254325 3
10705633 137335261 3
758662297 944037495 6
367366225 754681142 10
208271581 217071973 1
219509741 721939961 2
10259176 33862420 3
59364298 68725468 10
162765289 208820982 7
550819471 708479581 6
229094953 346673327 3
91151841 376326263 6
1988561 62211930 1
778732329 873354826 9
75270789 421131576 3
550227621 964553833 3
67167401 579925201 10
789115405 949693329 10
391772902 408549673 4
303774521 864447626 7
32487855 209391687 6
103061701 106845481 1
494421930 883535422 7
421198009 443686077 2
385772232 766516014 3
358839867 591703959 7
949861401 992782147 1
36754861 548122153 10
355908556 566079256 6
583529206 604287874 6
677756422 727538726 9
37412181 230911491 9
42690001 60631525 8
495058246 572351686 9
58110276 107220792 1
77473931 176603036 1
22466449 179886481 3
118241256 423313341 2
150666257 190639825 6
146772019 332152243 1
29203071 41101871 2
203867203 307693093 1
729184885 906607243 6
51392764 250390468 5
971930131 983755819 7
862267393 885796132 1
786844735 967148986 9
526657689 888094489 1
655432501 861624201 4
87125049 119741061 8
675277013 703614575 7
309267617 988648844 1
219101609 266552833 1
355156803 515954195 9
386920 47617480 6
497373461 525501674 3
250079191 375317795 9
131190593 521108033 9
310234745 689876714 2
82182385 95068797 1
136070097 397985325 5
61883751 122393991 3
614083487 651716873 5
270904204 348917484 9
723736142 725845782 1
35331849 42663375 3
3066337 461496423 10
296244946 402290386 4
7026543 63278783 3
343137169 979716999 7
182820441 582371037 7
54416699 66645635 1
162208001 325087426 5
346756591 811556591 7
88214218 181746052 6
41792070 782600922 3
412753531 629944054 3
823771018 884912374 5
177402993 900451106 7
77132044 657256274 8
18896413 259555531 2
254856106 258200986 1
38240104 198723880 6
74490274 423297604 6
233646505 305053393 9
15633675 387446305 1
337926891 564170859 1
14341201 44244473 2
503930721 629358719 1
755073130 944805011 1
56190871 332278829 6
445007375 660123420 5
26008351 325914367 1
7017531 178632960 5
276566935 729311485 3
450902457 601531125 1
28029961 155977033 7
366892680 784816732 2
158573377 170389137 9
456602569 606002105 6
2223411 587675211 9
99335365 353259925 7
53578883 246323683 9
7750221 636922831 9
60045475 69863395 3
104430053 181232989 1
12541339 499264515 1
664342162 735042320 5
336491821 657224985 3
93295168 141459456 9
214369465 352876890 5
18685653 487926453 5
3446031 403594131 9
720379713 745365278 8
316130833 774066673 1
651076067 754052703 2
34264569 289633809 1
126841921 384606055 6
493225426 615459916 9
94981729 294959024 6
582103768 670660425 7
837328405 843426480 6
265977505 632832175 5
98663461 350496441 6
147769766 193508498 4
60073326 98260486 1
252963085 267887170 9
441204515 529915851 1
650430561 876617115 1
259544041 417452626 3
621924497 791465072 9
7210728 51030105 4
503782540 723863895 9
71378125 163450924 1
319907449 619774014 1
569579617 584209107 5
496763551 678850351 7
59326813 355156093 1
735003313 932681884 5
160435185 553689889 1
44495170 349280962 6
56285647 98001574 1
286105306 384309214 3
153375979 233565655 5
17365001 239082409 1
327498917 592983497 1
330530185 516931498 1
25387373 295299653 1
50701951 258587848 1
684506061 863504301 5
93124783 404832340 5
215891049 238598069 1
334788205 560470149 1
57994719 439448979 6
293679030 731344484 6
86845571 425503781 6
44280644 122974910 9
82331217 239386077 5
83469853 215607997 1
117393226 554098810 2
83965901 754837711 3
132089985 816829660 4
283043641 379493641 6
283028428 497804028 3
298901606 477789749 9
227394651 399813467 7
323691221 710704971 1
30744809 119528889 8
289702207 974304967 6
250638301 357913027 8
153226316 391377608 9
2105601 727244595 3
298257793 323028225 5
147515653 266901905 5
34130977 111722002 6
770705209 953398531 3
71246072 500447684 1
565980859 757606708 4
789550841 828527441 1
211811032 317790136 9
9419761 13113905 1
67815064 296718895 6
3176554 165070132 7
897475954 934929454 7
16517299 84450563 5
229231605 335850227 2
73494464 140786288 8
30003964 276272788 6
87222136 114585881 1
574005622 614932913 7
339799041 341354314 1
311008963 483385063 7
29190316 415022048 1
373969779 392032698 5
415392349 551156557 7
8408731 304609051 1
156032115 220995183 1
400152206 514481333 3
336376846 417902476 9
150005857 425951252 1
172979341 429250421 8
110334241 366387097 7
482004087 509807006 2
99023386 541800742 10
25879130 570805106 4
540158086 589138948 10
464758660 696610567 1
34936198 56613756 7
52221609 235008096 4
76949312 395999162 5
5885815 126269775 3
61696504 159771790 3
151626735 634772375 6
169011043 212688803 1
611577692 774131356 5
286142041 303727718 1
564801726 595384891 1
637326446 670616563 5
602394753 921966819 1
896641841 918180457 7
142204983 361951146 7
228553336 333805665 4
490843670 561671801 1
133415569 273487775 10
120642859 220994544 5
696543079 792119567 1
97699870 403031584 7
32253761 117497696 4
238213479 682021783 5
6427609 138711461 2
78582400 614849755 2
62124067 62402267 1
129918461 259039598 9
551040040 624742620 9
29450044 633273394 3
319142485 361279945 10
727891792 947014948 9
54111813 575984076 7
143207201 164175923 7
216948901 697768580 9
56097757 300973927 10
385538151 749256119 9
307796570 936473795 1
532510377 685765377 7
183264097 878158947 7
187348589 191688893 6
274047128 778351955 9
276413596 843942506 8
30 300
3145443 16100021 7
61961 253626709 5
509584945 575747793 1
25099400 314495444 6
70388377 122047543 8
23711872 289131973 1
60388993 68537107 5
28392991 291342811 2
43819030 424092356 9
73697061 101681331 3
455550674 842976986 1
378494725 736475282 1
569593127 758147645 9
80663129 83484409 1
440944491 481351949 6
191977501 333316599 7
189235145 409038485 1
225389858 473548670 6
19941450 641250361 1
214095613 368297572 1
59035303 659395624 5
103060806 193915458 6
737958097 774390221 3
379539376 610077260 8
743373177 775695567 5
108316671 110022811 5
119994808 350728168 6
969259501 974764311 7
368953621 953136031 7
759560137 760607218 1
524882401 699265634 9
65915461 82902341 7
559563953 584138014 1
102680239 406675291 4
23387530 594779520 3
649682979 864396016 9
60640711 259795456 5
826446115 857484200 7
82621441 552305131 1
532038596 733986296 1
267764929 864817917 1
69464605 299515935 3
232140221 399465197 5
53001480 508637105 6
186961764 228671286 6
21421265 426054281 10
333822925 420824269 1
284995615 629087391 6
110271077 298537221 5
361833121 610406761 3
651348829 712384861 1
22075096 27991336 1
349697261 468647477 6
308354671 342004356 7
800327711 843648335 8
218763897 777518208 1
635418331 687824230 8
63466651 98426728 5
175284162 351619200 1
52790109 78586509 1
456848761 631354315 9
5576284 740409587 10
861864949 958574374 1
189534705 950012663 7
662835073 843363176 7
254376790 338749990 1
176444395 251035165 1
328386983 675788363 6
678129911 907423811 1
409518187 784799035 5
146219239 367239247 7
43741665 129748725 6
525985561 588215413 10
50393141 81861701 9
268328789 293769002 1
55544809 61635901 9
662174206 855565866 7
18158119 243049351 1
381377242 674023122 3
383267305 387043387 7
285699268 629090148 6
126834771 135970131 3
188231011 839911863 1
620565131 625478536 1
74763233 149864600 9
166736874 261970032 4
12329409 405224769 1
71380527 599707287 4
562834495 771617967 3
133184801 367242401 5
803025 847342605 6
3745201 647050905 5
207054955 868530003 1
380555018 689649278 5
579414085 792779845 9
217155201 299203210 7
521491420 898105595 7
523056421 928154477 9
123895 326822446 1
430117857 538642878 6
173843101 567814046 5
165251501 346712154 9
298449499 843151735 1
101789294 606660133 7
566901145 982299506 5
28905255 562892004 2
254887359 257099334 1
169981183 336015447 9
75893746 113332594 5
422900381 512625691 5
8633827 500216292 7
169438666 900402282 9
345181149 410685459 1
136754255 164049589 1
70787137 71120609 1
439082141 569016891 6
724877551 734399063 3
244300081 636503426 1
74450385 195926244 5
756330253 921752016 1
590706481 605409338 1
88298416 271034434 3
697699999 726210341 1
250288897 533333343 1
42449497 76247247 3
56506591 87094827 1
162729201 343233921 8
185676609 340953459 1
248551689 307828071 1
83478180 132652204 5
70941547 860410880 1
46245469 58828215 5
267185725 712947731 1
1110341 42300113 6
696615203 747012550 5
538202151 586327659 3
234076963 978266499 1
882381009 955444979 3
409429726 414894353 7
301441955 804734012 9
444886507 662400217 2
76969621 120691602 6
165832817 458201729 7
411886600 552933160 1
42054055 183825385 1
293130755 329287895 3
168523048 235323388 1
275123801 520304366 1
351190708 593896232 1
108362506 515615842 2
676400626 807922887 4
394301459 683821389 7
173295097 258032790 1
463200241 471074263 1
353347738 796395622 1
183263848 335699643 2
994834377 996865448 7
4440401 151446680 5
363955485 394211110 1
66295517 74153090 9
434450277 596319861 3
31113112 743366812 5
146799478 328985911 5
400648645 818174313 1
379953537 540612823 7
5514895 286295808 7
517168683 691259797 1
71628481 245687905 1
770696257 967737077 1
127927527 441070612 6
50493163 106247865 9
95096500 232372744 3
95479611 238598106 7
286450951 883464840 7
47622129 164495841 6
296213737 717785437 1
391633321 931573903 3
63577922 80403570 1
362607610 945316660 1
803095021 854649013 4
16824313 355431241 10
50810551 177723891 1
284404793 716540753 1
67779181 214585804 3
54397666 359989820 5
269140381 337798605 1
309049513 632327668 7
811281853 990456718 1
55919957 102209797 9
69593885 107130365 2
129308071 306706535 9
168949274 653611714 1
50785033 92791088 7
759356461 800569353 1
672717827 844319641 4
102782906 160391210 3
158346847 349041979 6
568852976 604443110 3
756736656 938941106 2
5185351 6758890 5
560676217 778387781 9
173187955 184328165 3
61104970 146361534 1
166029773 339041201 2
826523807 965785933 9
58562477 679349597 7
60754301 286887527 3
366255338 778472848 6
155387440 586753804 9
294558793 438540875 5
63756382 787505275 5
2414881 402507756 1
179258941 236451949 9
171909926 227010080 9
84899749 176581447 2
199487989 757557555 7
184755761 586264055 6
32884593 532753143 7
258373363 259944455 7
498162633 535112041 5
63124996 469928440 7
77984896 359304121 7
5333231 302826539 7
78557001 144620862 5
5222367 874617159 9
535644793 632253093 4
790610869 889415757 9
153430861 368892541 3
592469189 644423949 6
157151281 228718786 3
45907525 112127107 9
136915399 467422147 3
138750451 152336185 2
139605181 171381501 1
129217195 449717514 1
686739873 759198505 3
176600121 733989301 6
555094441 570016225 8
107780002 164793002 5
160457935 888879567 8
190565611 402192779 1
98198451 513149711 6
191003201 498733421 6
364685241 505443369 8
24121813 357807693 6
507508651 511276597 1
166036921 306480088 4
172009663 343827249 5
44566833 50154021 5
34859809 105360040 1
242809777 636697873 3
511488052 620250894 6
180144466 718136739 3
289768850 474175367 9
647199001 883737584 7
360296392 701742756 3
54505763 118352147 2
8338645 541527205 7
175600419 281602419 4
893198881 962978081 6
552549457 570842381 1
9176161 606569230 8
1990130 388653618 1
113509936 125374204 1
325121200 412187815 3
15330706 187193815 9
128360410 195177202 2
299568959 431657748 7
337162395 342893737 6
13303011 597651491 9
303108465 783842845 9
626858810 650301037 3
30250585 450465985 5
199356333 804573525 9
328133551 942459183 7
75103873 500546401 9
302275793 629112818 1
489877886 781668519 2
9300439 510312555 2
154897942 173665318 8
30311821 109452181 7
429395851 666201934 6
185803795 274043689 6
536615470 897112882 5
99733558 946171462 4
545222422 631958443 1
5681185 124790725 7
173888161 347281786 9
277756116 278524009 9
167771748 310349799 2
23861713 463004385 1
114288724 402664519 9
256013255 794291527 5
82572337 114577089 7
93734710 689538004 2
165732623 195664217 6
91478489 318753689 1
58331911 93936695 5
78103943 106414883 1
241910737 272159963 9
53343441 623569678 7
528307417 759786763 3
95378128 142880613 7
252764837 271879743 5
36753571 152215795 6
339072763 368145562 1
72404881 265974468 9
246889795 912210587 8
186159063 276163887 6
191991093 223939941 5
441970255 683543219 1
34190425 214947976 8
97207969 246684926 9
538541934 601823019 6
9336237 331339817 5
25234873 663692728 1
23336701 23528179 5
20979337 571518467 7
701408641 853044318 10
621489493 659318365 1
158360910 405008109 1
158066841 562801236 1
5368705 51319960 7
58780225 444967027 9
16922161 761972631 6
301897993 731709137 7
393765721 569055193 1
88017615 121022059 7
279374373 320364978 9
521509933 904314964 5
30 300
48438790 144091255 3
150488740 336642820 4
699581569 730893739 3
300030298 849700078 9
3858016 239587211 6
777229441 911646777 1
601933260 797662964 1
79699425 137979978 1
702590401 957475626 1
128795257 408076989 6
150193957 187032416 9
104529802 217166260 7
233663045 337831799 7
221101409 552033934 7
269820891 279000171 1
469696073 714431557 1
94994341 316323718 6
25797357 158198197 6
213590825 271590193 5
75642841 884422221 9
273133281 438000393 7
41662225 952673095 3
390034891 694139543 9
224919459 243064749 1
381590217 865807649 9
419283635 633023885 1
242170691 862510223 5
473155533 835027650 3
105572377 111107875 5
170623300 518295550 1
762023020 900310838 8
244096801 370709188 10
177671548 244900523 1
346452359 735071993 1
256430721 267876396 1
52208881 395120437 1
12361889 56451351 9
407068321 421062091 2
19032495 121867335 7
9943921 43236502 7
13165753 225197230 6
977318923 991811174 4
28850956 245434304 6
303355 30789079 1
67151273 290793377 9
821246494 962972917 3
124755121 468492439 1
125944875 396860370 8
530017381 912594401 1
190253315 972500495 1
697940518 748506418 5
163965358 482498335 8
118351213 283522373 6
511912841 614401625 1
746479891 794294857 1
330446607 364416039 1
11092961 62635584 6
29976353 146720915 1
412921 16060915 8
211651819 393923691 7
199527091 508567937 8
182417277 288699274 6
120329441 731942489 10
531690598 827414638 3
331723661 372025448 2
259602361 953438746 1
432753335 440342087 1
89226985 111907145 5
437447081 742222703 6
286111897 571196307 1
113576415 935268576 9
11909886 50310342 7
66236485 582719953 5
481077145 644825665 6
637845869 656399261 1
225564130 337527302 3
2096389 3910755 3
638401601 753163097 1
123305930 173217528 1
54229480 81453320 3
204853741 355520270 9
255358441 972733393 4
334960685 584545625 5
105399709 105720573 9
297468161 794778291 5
869198305 890461430 6
100690110 281511954 9
134094745 772189134 5
1736593 24451623 9
43803326 307123964 1
510999517 528482521 8
183660834 252473182 6
10842019 605785747 6
223725085 649161149 9
11591587 281481305 2
12901221 151735665 6
127076105 582209273 4
66694785 782509793 9
2810395 217611775 5
110834242 272257716 5
813097482 941924460 1
138464483 279070088 7
38022859 124517509 1
47347875 408506283 7
1239931 410096547 6
235999269 459922515 4
504080641 635549523 9
193754401 256436071 7
888704545 954130235 5
110553689 848118089 10
385332753 404895756 5
324507881 442975781 6
430607893 708828293 9
99573241 168693151 7
352140801 503415158 1
447257825 620914913 9
38670896 112073724 7
516312810 621227610 1
459217900 813502150 6
219219441 392911434 7
335361685 644783193 1
44727 152604002 9
62767745 94294034 7
460520201 500789988 5
15813721 238311820 4
304650718 319671700 1
262350851 270979883 5
350026051 414863251 1
658754042 986960876 5
184421245 315684949 1
36015211 292548099 5
5156677 5310031 1
4695141 512354241 9
5018509 145036810 5
619968136 817712221 8
485516136 596704325 3
505308661 965167297 9
205414231 953396219 3
148204076 178819996 3
181747135 280949546 1
822352587 871732312 10
440104561 483425521 5
706807837 963690846 7
39629308 70476641 3
504075313 574852152 9
445647301 634646301 5
598381552 725799359 8
241675129 433278256 6
228121305 720110985 1
10400989 373372969 8
729445783 736408975 1
141531121 346825759 9
16495977 32903664 1
447066601 697249849 1
678643516 688147107 1
355601684 786979692 9
223610206 737889666 1
282926337 412027140 1
66603436 668071086 1
11158827 39744327 5
64838215 546342334 1
110310337 133374931 8
592081975 729968273 9
5513249 32497175 7
381241245 654172435 10
40853401 964536865 3
128434321 330640521 1
346950451 374854387 7
87038106 151907442 3
95826129 105123822 7
550070359 645108739 1
237990985 253019713 10
261778001 448817861 1
28051293 35577402 1
9342130 241401055 1
131130265 359466903 1
261595777 990945287 5
79180121 290757737 1
92548666 180444868 6
413254407 955835865 6
532103185 711818188 1
183016380 346320430 1
23839245 210156981 10
18223357 44691877 10
948406015 994535377 5
119063638 234167176 5
3609138 495699110 1
259859452 510316729 3
722030607 914268733 3
111251965 323988853 1
73519461 113455105 1
74452050 637591150 1
443291607 698628349 9
401257 219530035 9
235494548 868713834 7
111566951 396840359 1
220160597 373263522 8
376155201 562441287 9
101883121 166194481 1
202577267 507315907 1
247789804 342691220 5
885162921 973552473 9
68771249 879377370 1
159747109 438048973 9
229615849 411130153 5
53479441 172999016 9
249106339 442956559 3
365859866 493729054 1
703364841 942033271 8
158780455 181391407 3
213184126 401628250 4
297426277 393936097 8
166509721 391191761 3
124617933 259495149 1
422749585 571488399 3
213066433 783572837 1
57480901 985885458 8
83244991 308439507 2
19371529 672782347 3
414729001 706773437 1
76400767 115821567 6
20876129 216032831 5
933200191 961592174 3
332851076 361138019 1
495054009 508863209 5
172731393 551981925 6
913738701 967984831 3
240367641 661680435 3
535566879 657951079 3
309309093 363949848 3
105005433 111986841 7
362411473 786828532 1
928795393 972556355 9
30208465 34909957 5
8323891 502822343 9
25110931 745949896 6
744999601 926511713 7
681567740 871076136 1
115829141 427188077 5
882047601 914115253 9
123992697 140444205 5
10565836 32191300 1
47319745 48901021 5
617015881 780005961 5
9016366 105422170 6
256142849 308148485 3
102361093 305180849 1
370608416 433617440 6
161089303 322836488 4
50556661 611250267 2
414289916 694789835 1
133941601 228843765 10
193106961 605093643 3
264326626 315400306 3
97104256 363541266 1
571470769 701765459 7
404643313 501013114 6
779216523 864431185 1
343433231 708742539 6
136618665 244149850 1
636594979 754585165 3
126892963 263929222 7
452149556 790663388 4
143570962 481885187 2
333873186 369497226 9
81135333 611977305 1
238353445 455231596 1
658965871 831285032 10
403009871 450007607 6
66411991 99373843 5
617474221 778048297 3
252679447 383879227 3
461476939 543059979 1
118136665 792670421 6
19622721 539982012 6
337286989 468155437 1
834929377 883922597 7
228225251 463432321 7
161498781 468899151 9
13524733 81466357 1
162012649 435725311 7
210439 332998993 1
65408593 253136946 3
69124511 69512521 8
142660288 207023642 7
480845137 769085089 1
338754511 416317906 7
403971114 633965260 6
296485501 502399508 5
33642069 252961829 3
508983949 531076134 3
471625576 550757575 1
315019593 499052585 7
587942706 659044096 7
8436161 141790769 1
108105581 438315986 5
410879421 601019223 1
330465383 452830769 3
339772321 745630321 9
46807197 281994033 1
608690753 684757233 7
61293112 472207441 1
140849081 280247249 5
667114471 714087517 1
63948833 901746493 1
27345775 491706035 8
269412846 323289611 6
274489951 575651651 10
302202692 551105192 1
46330233 177979335 9
616312461 888726506 1
407247457 506160922 10
278642866 478013306 2
3145771 862595579 5
22846181 310634525 1
592606329 922554411 6
110486941 605290674 6
627329053 662275503 6
229501090 897963662 1
928611334 949290535 1
107133501 147822000 3
239210799 792949439 1
542055025 663506955 6
16580461 285875103 1
195323077 233124907 1
94438452 443842122 1
67721073 224029908 1
8513601 72598913 5
386386991 426796031 1
640965326 772100069 9
30 300
3781066 148123966 1
327881471 461848681 7
191273611 694038781 5
175496533 671778655 1
319314476 633986351 1
170884351 205865341 5
203407153 349936660 5
226288738 352963673 3
272838913 372813501 1
308951161 334617471 3
406747 650989299 1
59279221 119544333 2
2021157 315928179 5
164460101 166515161 3
746067421 841881021 3
60444056 422066950 3
818827241 885440813 3
144650465 844672649 1
269127205 974850005 2
34648471 77118679 1
14664366 214754553 6
90183865 476308576 2
646351567 813872949 7
136819761 530008991 4
544215321 711054697 9
107133916 817593468 8
173805476 192971564 3
214685367 856696021 1
708872601 765413725 1
449286055 849693119 5
63657784 113387476 6
64588105 627621220 1
5325321 332306891 3
351819139 736407590 9
353128369 595862269 4
183657536 274123972 6
521726493 546908185 10
330645589 992059605 3
14744134 254401957 9
90019447 159489369 5
152263569 156069288 9
115563961 170663257 3
221456481 304472925 1
67246498 91377208 7
114090537 158019219 6
112676354 295722854 6
139993561 350611777 3
252787176 830239181 1
455422929 506474993 6
8167116 88783398 5
87027900 103384984 1
102709431 102905316 10
572330901 595202911 1
62553261 232395132 1
148605841 309135845 7
243412566 428298162 5
16626583 36184108 8
5411127 580240907 9
69676171 341794339 4
116535993 171486849 6
10267776 21789396 9
148504915 936643224 4
1870287 64539621 5
275360861 885622645 1
110384154 955205426 7
34235467 131660971 2
852795337 933700369 9
107006263 627566485 4
111481581 428066200 7
493546398 869782110 5
861304744 938430517 1
699946339 783056653 1
798929231 932190361 3
92639886 163809518 1
390958163 429470983 5
403237301 408536533 3
83994441 477122491 3
647613997 822227342 1
342783746 502133014 10
124354933 332787136 9
411148909 456312669 1
81386241 267475561 7
224255617 253699603 9
463231 641436679 1
54060865 485500680 3
159019137 159528681 3
167155721 247774168 3
73285393 110886865 7
184406627 581700143 9
80820703 135122293 7
666270221 686385713 1
153361724 824749595 5
185766226 727883986 7
362266332 556494338 3
19437016 202825216 1
14941966 312150074 3
96170792 99209880 7
142079949 165864285 5
397878761 939896545 1
226540939 332500936 1
330506569 974180573 9
823633876 864914649 1
112832725 266602723 1
57784077 570400832 7
758163330 873084994 7
9072693 727518869 1
95058041 870602087 7
202742200 470334200 5
52391809 784189018 6
17910700 675509235 9
618266881 865905433 9
98834635 302090506 9
107002759 336396845 5
166643697 226328025 1
32446605 73838205 1
121435777 362452161 7
407555149 873100218 3
104488195 932014993 3
862511860 924939969 9
165408540 383787030 7
189790721 196479531 8
56928665 172772972 9
36432852 281595552 3
199383122 200992082 5
757979839 891605357 6
534735906 627169954 6
376337041 612469665 2
38631882 583101379 9
8002065 32449642 5
24044357 65445279 1
44058835 226353628 9
184462961 426393875 9
544556881 546177285 4
149080897 575482474 10
23669569 127966465 7
132720769 326058519 3
436225669 540124122 3
809326085 907136608 1
274681234 899314282 5
350589385 811118369 5
127839337 221318143 1
37244761 53005317 7
226461313 612640099 10
5540946 410334186 5
383430491 857018837 1
685612040 727586672 1
736628617 810076947 9
316101973 349711353 7
164836289 643039575 5
257100240 435311308 1
530747137 990960985 1
244632709 968056669 1
2704319 488314307 3
164800709 170844565 9
667952653 670856075 8
92723455 482169779 6
92517596 421860521 6
196074089 624104445 7
324500791 340256851 7
734523401 944236676 1
80369309 568902841 2
7188369 82433429 1
697211553 840745133 9
66930579 597331021 3
134987140 725450167 3
183274591 272082527 8
466053921 580074931 3
119898933 789737200 1
286181281 616397795 3
223639921 940236871 1
9898177 215800307 1
3038215 48697291 9
316854214 471647583 5
269756005 375723295 9
277647528 324938839 1
216833254 779194066 6
126768487 186056727 1
452638546 731794408 1
223879686 460551198 1
350362531 808851265 1
777725245 789308895 7
190171309 536393997 5
30033001 888926365 3
6739201 555131881 9
89874751 580171357 1
341718365 390649220 7
75252689 235937839 10
388375535 544340435 9
32414972 355245686 3
796472 51629322 9
552194371 572301251 3
92934353 433205903 5
234017089 393618653 6
763343651 988714217 2
589406737 827520616 1
64551296 336518878 1
50513732 79625963 1
153836860 499265320 1
151712805 258402505 5
739649173 816806754 3
221556801 238596514 1
494882752 726867717 1
798386737 914703057 9
864841011 900502462 7
43599274 452300902 7
450525335 556963194 1
706811246 784945610 1
663911809 805084549 9
138919714 156343554 2
19971531 851035709 5
24364921 722855605 9
56535641 82553745 2
25561551 279326051 5
316872178 332245656 1
27424234 87413464 6
698950564 994282249 8
717144992 756727496 1
10585086 67606656 6
40495729 122155940 2
83568605 482630562 4
618836485 656506789 7
208901733 269300671 5
82226373 446876217 1
399609313 712421029 7
2189371 53287671 1
111440174 155504425 3
752113561 863982833 4
104707585 488215073 8
172386631 184566831 5
106920541 178737961 5
216456076 366147488 9
560059676 804755138 5
445604905 552186569 1
24162997 92899797 1
206639954 442011455 6
157845625 175293497 1
605701297 776722942 1
98624593 100620543 3
463288077 651048435 9
557146297 655070686 6
84485485 280508125 5
53379729 649389325 9
208146369 942568512 1
600579217 688641972 1
200194736 300682810 9
349368679 705354289 5
50368580 131231300 9
495016777 647846897 6
777717361 871456384 10
38351589 193865449 1
14499763 348770493 7
330887929 616059112 6
589352617 794854753 3
161166351 483080079 1
18798480 71729897 7
79866201 618717283 9
488494048 578270592 7
542736505 596323899 5
779973769 862716313 1
124010074 508930714 8
425934439 502475826 6
2780681 59185181 8
73748095 539858831 4
118883533 129304493 6
61966531 333983916 6
502070122 763535402 1
247540813 542081157 3
536313753 558936873 9
635892166 864100696 1
5197793 392785539 1
972963841 987396322 9
320591591 545732192 1
308132626 725520696 9
286084858 291513502 10
76614481 253083857 9
456740506 858819330 3
72217489 85576901 7
77039921 770618310 1
31812656 231529642 3
23273017 78861616 1
626292 989253197 2
7529601 324353685 1
648786845 889317245 3
475766341 487974875 2
97785977 179240288 7
60551786 169231084 6
472183234 626637653 1
27981892 391694764 9
28919425 328320835 6
297019576 495600616 3
355222209 514056288 5
377157299 574109275 7
144935491 161399821 1
278990401 492630828 8
70015397 394534813 1
97304761 811178257 3
441080641 506295971 1
8657005 66800545 1
48560401 57047824 7
8502491 334348940 7
207716521 224728030 10
235182421 297967653 2
261881601 518317449 1
156709639 862597171 10
685418485 711204574 1
309568601 677603561 2
120010009 123630223 1
210630145 808866480 5
8751549 600943755 7
564566295 789344925 1
44942293 352205393 5
737677942 796102747 5
551726241 745437812 3
799865935 851414835 3
176718646 377833589 1
62070061 152881381 9
6637363 497875803 1
20259246 48061566 4
534467613 760483165 3
163522893 196038577 3
15535771 355282845 1
652808871 767915356 5
777633247 933070723 7
137976825 217376377 6
238456709 897987581 3
15301441 107022961 5
406129762 443955877 2
9436113 584733348 5
389031337 500563235 9
73057777 733215587 1
30 300
620118271 642849615 5
13829405 84741736 3
582792212 585969451 1
43747139 44199515 1
519315181 586549381 6
14235782 297979031 5
567805670 817922766 1
428063881 429694993 7
789758670 882462840 3
413535533 462443469 9
524185201 539007617 4
883135189 982483111 9
412494501 516529681 9
4250012 48050264 7
45698422 201910008 7
435901665 589379193 1
65082331 576201968 7
333690553 452047357 3
126337474 361096570 9
89613062 313102202 1
892189591 938815876 4
452886814 552304926 3
130524321 243228261 1
353151681 475221043 7
168534913 448448377 5
285311919 528337095 1
987080893 997799773 10
34155841 131435289 5
42010963 133582867 3
581481429 701414021 10
392795779 405215999 4
342569345 371553365 1
90895045 843525189 9
28996961 300429524 1
551159836 669039994 2
15447377 23879801 1
128825647 699939904 10
25096401 913164501 1
188553208 192873258 5
418528493 428314259 1
92527525 495205745 9
211309793 241562999 10
148502017 180190149 1
21603983 164037388 3
192127420 768052768 1
35362888 692216162 3
245625181 445240168 5
657003371 972531636 1
194418974 502477655 1
153037453 153162435 9
619446199 900887188 5
656022249 894549144 6
76560979 552717515 9
138387045 257024200 7
384871909 529173445 6
201753897 504561647 1
2697301 417281419 4
328949468 528892179 5
201443368 233208760 5
28006641 255914193 5
110263726 116082814 5
127620095 271992077 7
333287407 691744759 9
250945813 400479749 8
234005905 234688829 3
73132181 76988061 9
756898365 790835757 1
374217753 403678842 10
33223713 484268053 1
955901 357196023 9
927030151 959786851 10
97311741 262686069 4
118216648 156693214 1
331650664 787119874 5
543376835 948510188 7
205952292 415355148 9
677700921 861397863 9
31590001 202667761 7
415355053 483663473 3
87198553 196154653 5
316889371 327730531 9
43377811 171625327 1
727009608 905593970 7
204254425 268047055 1
210855961 695255079 2
883175437 988345559 3
258108791 362349611 2
133114969 688100231 2
379200473 617905443 1
863581881 867132513 10
240365641 567889959 7
845296451 943343455 1
35800489 101043315 9
625650170 635284622 9
32993772 431512412 1
1267813 244742723 9
120809617 121507057 10
25871869 218165245 1
440987301 516001014 3
441071797 610377229 7
338966157 368193325 5
145704749 582350021 1
10084326 178587505 3
167718253 174667741 7
387461347 822813047 7
250057471 263174207 9
488576537 926189081 7
40334728 62984219 1
232391281 797262179 6
566713291 715111983 3
602003404 898506320 6
359749003 436639191 1
391946311 467299687 9
581339141 668396702 5
131871483 186671988 10
578191641 703141691 5
485355713 640591213 8
680426232 908496356 1
322029121 556329559 6
481618791 612350745 7
50332363 990924765 9
131791969 883983619 1
200733378 218078482 1
38734241 65594674 1
2281756 9193342 1
16613405 61865501 2
129334255 594779575 2
195905851 491561146 1
204098616 650844126 7
96827155 289504063 9
15928481 670588137 5
356485361 796493365 7
888120807 972635667 1
127509376 292042888 7
584888667 742382532 5
127633144 395203138 9
55181404 438983634 4
205868709 369857709 1
769656547 942639267 1
150888933 185721684 5
142394106 335559120 7
826612561 904631806 5
100479601 628321013 6
69400859 518021494 1
1464001 467668351 9
62990082 732740910 6
476775505 692521876 7
88424369 159911369 6
33239233 115123141 1
156506079 630331151 10
588673108 617085388 5
418986766 876466406 1
258490289 363574697 1
206319401 340717211 6
753002951 797743619 3
190031661 323616129 1
91692721 180448206 9
196310382 379779362 1
94076081 229369281 7
370311275 411021615 1
348474673 402112333 10
286806623 471894991 1
733469062 953810524 1
216266653 682695703 1
222533167 226715371 1
55855801 782910596 6
362715601 386078803 2
14355667 137289297 1
666903807 691021743 1
131720269 148307258 5
182356929 696026124 1
5460651 797083371 7
271158645 351238995 6
60487679 375719087 5
286178916 320286788 3
111212839 440743015 9
631233121 940310471 1
351104776 443311705 1
264125737 460978093 7
241122558 849651057 6
613328041 774982112 1
170067196 525278812 4
249562347 253344809 5
50518009 959582089 9
109131967 254533951 8
286747521 590894340 6
541531181 748041781 6
386278285 451345424 7
301377439 876711974 8
623326591 840454021 6
30551900 57926184 6
56822257 551003797 1
274835219 363837945 1
136159309 380623641 1
536186689 995195066 9
151230597 152232509 9
254504944 285176794 1
443469838 466123840 5
94381197 211939831 1
728838349 748260653 3
23418567 447751623 1
158929751 258762199 6
519366079 949866812 7
440471539 631355789 1
26662420 440552858 5
184793233 563931356 8
134980270 685391225 1
601975074 898428126 10
561527425 813053530 9
217154925 410387261 7
244382209 525571603 5
586287172 911405277 10
790218761 815725021 1
450204251 451053411 5
100758977 457533587 9
176338156 723251411 1
913979711 951914408 1
755367601 842165513 7
12942449 139313764 7
552417821 759473495 1
70691549 839629949 7
113832567 306555039 9
122016000 203907080 5
38209900 423817687 2
48060306 49225260 5
197248501 422836189 1
61345027 222607299 8
118346748 716436340 7
967485 133138988 7
27433537 128925925 1
352506103 926213443 1
117613491 322275057 1
767728848 921274863 9
312651137 371144117 9
459943876 469882493 4
109185256 118669156 5
75033281 152069884 2
148189393 703503845 1
100021138 274870854 6
242734261 352204089 9
694563472 938462632 7
123467 475254662 5
537076079 582076955 9
32743712 555523592 1
90861905 337965500 3
362782744 374114910 9
387898568 628844408 1
364965331 371305973 1
597051981 662627361 1
291999043 448799284 1
672403460 832952335 2
359567137 380336627 7
152038221 417620426 6
2860092 162811364 9
58702811 174412853 9
333542147 492637507 3
214956881 553042147 1
109233301 232612921 3
358826177 925886312 1
62171094 213806094 10
268796056 863663766 9
93990079 114111295 6
354116577 874875297 1
275440939 660127075 6
196020581 344606291 6
423361 193903525 6
814268321 830603745 6
5478877 53587325 3
312235597 718888761 7
13342211 67903235 7
133499521 309116674 3
106194243 414407988 9
182023810 187142361 7
332905840 411262690 1
14998362 22048899 4
48243661 169191409 9
11911735 361506817 1
22234213 221303233 6
744355819 954844775 1
432095357 717266257 7
51670041 504026134 1
91094641 315195739 5
464758873 502755519 2
55203667 389294801 3
11387355 267346257 3
723523457 904503848 3
409983091 825814092 1
361479119 762795229 1
181352227 227325385 7
35113963 735255013 5
501204337 517068731 4
535013074 781525078 6
727151491 741420966 5
19848547 150456881 9
11345953 127536153 2
5008906 189709318 5
227410999 574016335 5
133577996 426575348 2
352928110 373819142 3
577256395 618065847 9
36233761 521975930 1
24981241 110134947 6
328828291 335006211 1
187383848 250143078 3
9347017 172334545 7
123857938 329028688 7
259175455 273999766 10
26097383 104814654 1
109188 228552327 1
721347848 927662091 5
167787577 172324283 9
638881097 890471345 1
368722991 408261126 1
75713239 125891695 1
37214647 58380787 3
7433856 245277278 10
218602876 909750361 3
151042821 349033173 5
60260715 789983519 9
83121489 327291857 7
75003261 234445929 9
10532401 492487541 9
234605051 570602735 9
290119642 338391939 5
22697476 228581180 1
324468147 451356915 9
91437136 122016280 5
15130927 22386223 1
170578201 262719193 2
96685206 331965108 1
