2000
90731153
73358023
4067129
42462165
5998451
31795737
39788657
50080891
76732337
98834409
48604181
38313095
70375933
1389627
71491135
45928839
22858071
14760887
67246117
55678371
3308201
50652259
80686763
79606697
73248063
38014197
87278767
87259975
68276085
89044389
47169491
14123713
15724933
78337317
83117153
33086679
59854859
91334759
67219629
98230961
41716055
922055
58265225
19668313
869779
66423907
23810467
81615141
65712361
44411383
25993365
10735399
26088901
27982405
59277257
49744889
79158611
35775093
30373657
32776931
78301899
41150053
30764839
44947951
16126633
85553679
53996989
32238269
16855103
23688815
19331679
95436865
67576729
83717091
80485807
7544915
93076903
9684287
85832745
71761283
82433699
92309335
98361075
83199781
40988783
82270617
78963039
16811901
31522331
26360055
13736689
59787513
87863721
37467807
12669547
22089243
17543727
23291235
37942265
66256201
39752861
10946871
74273425
25676847
73012977
29208909
68902301
49040811
65888021
71781341
96397345
39038827
98711933
15090819
83957747
67886651
9241719
38924961
35130781
16941917
11788701
54034409
47412383
20552353
16174087
5068211
24632751
46022941
21478663
82343261
18889341
30048549
72637699
83221957
99028657
83385363
99114631
78879427
64457561
52321255
22286179
47810105
58759723
15292885
28330181
11772879
57738313
38063633
80605673
20150485
53899071
75045749
53504365
36218783
54578255
63766317
23887535
41457171
97481617
28296927
86104357
4470429
82886893
19420173
38362589
75967017
92419561
78944113
1703067
4883405
18486541
85949825
46993927
45901763
53535247
27551739
30465157
64132825
17568007
78638047
89777771
29020605
3150631
44328467
54915177
94310891
24409597
99986875
20578879
45431677
81038153
9499229
32027549
10162567
40228033
91140101
97149025
76565843
13950631
210467
8937011
34159671
45138207
57991497
95838947
75320405
4027951
91271355
17650377
86126209
91251741
3366789
46909899
12702687
26319575
15507799
32493597
82375333
91167079
83664611
27865599
3619511
16131729
97993795
45341361
75215655
91659589
65981733
29722001
86311775
15402537
58630839
59833087
89137581
3414587
25117665
34812035
34601477
63772907
5284975
92940895
65024987
244045
41398199
15109695
8779673
23276883
76788211
74014213
4902391
98453779
12419413
80262021
28744937
82404483
60097787
6534285
72531247
33001879
22519773
47688737
35345907
20050461
41539083
8423057
21376893
78733859
12248283
21309149
11593557
64270145
50038787
12501911
15848279
59820323
25152811
59949091
45345843
22869211
90850167
47499425
21218933
594429
64777595
87679681
38675065
97344835
37569821
67764379
75871527
15060797
15854841
21635233
39594801
35145005
38988851
11807391
78483187
53531843
38104117
70334943
57711277
72214543
20925283
53982405
31284849
28133807
26453673
98644919
57168739
21000379
39968195
67990685
68858133
16149601
61468729
26166521
40473969
75650751
96142435
86779137
98444079
3622599
19768517
78624285
42216841
21366313
90223203
49598529
78048563
5995745
49399321
78056453
66958101
72168049
25803777
46494287
57124727
19543857
12538707
18180609
98086289
16804831
18772385
19664805
65951243
13978873
44564109
32557403
15932301
59231069
34830777
61445425
51079387
23556737
18162715
42806401
56388177
98141695
37688575
87239149
73754943
61907043
2968099
62969935
89644009
25291853
87647799
16065183
20766153
74687135
29987891
36683087
39343465
64633463
23719039
74045951
56721995
81194773
45308297
62580041
55428427
6633247
85511451
78230413
33837283
67600555
90797055
42989477
46848521
73678395
2366981
56260009
73218213
85955359
56290959
76610293
18746659
58943919
15643733
96203055
56859637
16060765
81497111
26453481
67063389
23999129
23190643
5294045
80554455
68226141
34829613
76905721
21733865
58464513
6609089
48868281
83510729
73037691
16111387
33499055
26183589
55238755
77585821
6409131
72936035
6115243
78907323
63914865
77828373
76577099
53587375
18479347
4324175
58210469
50205825
71829683
77152913
68978039
48154905
22506725
77034431
78145173
92737895
8390227
71022619
26143881
872891
39968167
9073433
84256877
23747013
78654045
53544135
9538601
21555785
94837779
89842727
43202221
73640561
83072735
31244817
31721023
35330641
16085667
72773493
45028803
71940367
70017117
55538447
32071571
66820501
67843663
96484999
61692927
97898989
89789123
32318927
53557025
46461005
55749011
86577849
27905071
25680277
38041457
2907989
76102645
24749755
38361537
82674805
37246585
78518353
10839967
3626015
70255333
76384741
20259275
98618257
47549423
75704701
79443055
66478865
21983729
54716547
2983717
95991759
14358395
39660317
50336881
32653805
51891213
45228541
47578241
98475615
46788781
58921031
87001131
1926049
36581673
86384041
19486077
80631147
56273291
48401561
14528929
8064435
6552663
82767193
4232639
67707587
64347605
47825209
49313477
62136353
82245479
48862619
81815901
7377
54079765
23895637
96544807
48777427
42720731
21298501
50457747
2151657
27153139
29507451
79393285
35802893
37632907
86235137
29873261
24053907
92570921
44665261
18508753
89704023
86626163
65983811
2094893
51644141
4424519
14927439
9132641
73937673
96579371
59116867
58008867
8389337
60924363
35631017
17288123
31387773
4417649
24473273
9755279
45987433
72797719
48548357
59306471
25695193
69673335
87195691
52063895
4038081
90495019
29599315
34612883
11886063
87024159
80847149
56456121
97635935
52826837
30834499
81782533
27815835
576441
45757301
49603235
13711551
35562745
39431343
41859673
81477525
63016853
81695035
55999631
72876631
94123619
4929675
85498137
3625611
32084273
92038643
83536889
63126501
58044973
99800125
66332759
53067603
81197161
35365021
45464973
2693583
73712945
52449329
72785077
4836813
2051427
30334617
86358929
73555153
93375605
54089597
71305283
16440523
38425799
40446565
5782571
58788237
90093381
62736679
21545411
73338859
80532015
48146643
4873855
41264005
6056665
73073371
60927215
53431923
12909173
33452549
24979139
76276277
48633553
82813719
12136093
38165201
28527221
36728061
84097359
62723173
91006705
87723539
10682971
64222639
70667727
61242823
1712205
70626563
55086447
62334115
63431301
29849365
31155887
99125895
51750239
12433193
1146423
81448609
94849267
97975411
70409065
1038117
14040083
85269235
44110547
77945999
98467751
83521119
41943507
6286163
7230473
3473241
80864587
15230289
51370679
7288575
48985507
26922645
91432921
30793413
86128673
82551853
97086741
36661129
73546191
32675585
57021197
31993559
68851545
37053517
35507705
42824753
23667675
3405995
22224951
1904307
65584549
27693975
83000913
13464915
49278899
61147193
86805529
50161361
36414731
30251963
98519369
96615637
81466485
24143275
83453435
35010867
34441663
18302055
86009379
6785203
91884843
41162045
13302559
56154071
28005397
356263
45035655
16731943
10505307
22503661
55404507
85926391
32286267
87237375
31462927
5650105
55565129
51127893
2458453
13038841
61297267
42363109
83845831
7028229
59351119
98738939
73247351
37615879
64103161
35910775
9940839
24445617
32430547
73237533
30635517
41853223
59642787
57327857
60949157
31179165
9301131
40726983
99322347
94058029
5837757
62590105
83813381
22433701
21645365
6543939
3790243
93286199
29981569
99451099
58062515
68474409
58171693
41697683
82905003
76732905
9439131
97277173
13771253
94283675
28342825
38213445
62544835
13361645
92228197
97844075
87474189
5737309
16033475
66771971
98575013
40013579
78214933
20607093
7878869
14704503
88580705
86109939
12566535
1448699
51441001
89505841
84199577
53410279
16543345
18598459
5284809
99227323
65345891
35017285
97380729
57570797
31356351
55360863
86456773
58560829
23477671
2908155
23422967
64171119
19708163
63123757
59363405
74869391
34640855
4076053
22432281
7278515
76534465
93565037
88824527
59278673
5036697
20130919
89433159
34025223
33251821
38189603
69101115
11349705
8249703
52166787
49290179
76290239
68987361
38073757
50336515
33797853
54183791
15010561
67165041
37584029
37052481
96869043
69011965
85285133
50106063
33969443
42422227
36509297
12839009
92695511
67184373
19021601
90348075
66633647
19059899
88113451
71116011
51924035
91979719
58608589
64412251
67257195
63448831
91694709
23787367
90987593
15068447
20191813
31597707
73670529
33664209
25487659
41637009
29288389
87270393
59832835
59095723
47136179
5866899
82035799
65583787
40169489
91452593
34405567
71119905
76618299
70783671
7534409
10458733
99891567
39819483
24509921
20633587
36118031
86794257
17372249
11278517
70385789
97839425
66150007
80446621
27347423
48454827
67554159
7978861
67761735
11339589
83874403
9703059
31732479
3854995
39310947
92248829
97152897
12914511
14425427
74067573
52433127
11863527
90040321
71904675
80061847
30133567
79376235
44265871
35136937
59432195
62149997
99120683
36125125
83348737
98795739
10995175
87903947
91305413
55671925
12967345
449641
99787881
36809549
39039637
75608745
61164971
49816147
14314611
61056743
11288721
3386487
26847941
92832837
1806257
98076177
7239751
37768467
78578837
2686951
39623839
14016479
12542629
62166223
60927977
11099859
88727099
60193511
31119437
70340597
7238133
69008035
52539689
82964819
54263623
9106125
29870019
30376915
9040873
2099763
41944947
96796575
86692317
90249845
4458027
70576775
5962791
72129485
88473553
4611929
59559381
11738667
40011969
4612821
40901253
99407819
57852171
95267913
31388773
34207613
49518697
34422579
16406653
87912213
25994065
9783567
57024457
52949477
13387863
53130715
1895365
47564509
38528439
32786641
71337235
33814673
67944487
32896671
2407001
46527875
89761001
62918239
94329835
15816737
40293941
80879735
57409465
67631077
60687037
37024151
39328785
31287511
15375929
45735707
38383547
19735697
47786101
50216465
72307503
55381509
4913309
82760079
88599157
28018993
16321733
84096651
19976397
66965231
90485747
44564127
32955543
20233135
81630821
85698245
62108231
27672061
70956907
79642083
67750071
29961019
71651735
64456587
13027487
80336347
10030823
46350027
87885587
15367797
78856131
78258031
52467269
92454939
48128717
90348147
56277763
55386373
73788617
76498389
10122607
71946937
26554781
48611673
12158499
86636147
16223779
36260381
61704575
62406625
68498277
47488547
75323551
26455045
29164109
77355471
53785609
29308891
11895801
67484927
82119433
39748983
36793995
437437
43600147
31583397
32572699
71801563
14553545
50511161
86145577
47483199
59028923
53281981
85460433
77102487
88333375
90937485
21879053
50587103
77862303
6171247
88462205
46793281
19317149
17761887
68668203
97448861
97473651
63828039
81010907
83748799
41314951
20846031
92942021
13697819
73764045
74737293
40164551
69601949
90575403
22840149
85886109
63480687
48582551
82823915
84046199
30412021
30869997
77635519
86557677
62748707
70685055
46778859
11179737
63662201
92416167
91312679
63305317
28246959
41752083
93127781
73772445
59498777
54486443
23365011
65133425
17463139
7623521
53766701
67924743
35197757
63182017
24832691
93414147
24519867
38248847
97481175
56888679
32667347
49617163
52669465
4753589
73597091
60350491
19458905
1083719
85938191
45814825
27344275
72724423
47698691
99133147
83563455
68118915
63376915
94129629
84546389
97783579
97854395
85942161
56033187
93781515
38600207
76993259
65957135
1541621
61442639
68931543
70699413
34163265
35818061
83532381
3784721
54447647
17960255
86086927
88383883
24075967
50745719
17716607
97801953
36976471
64640297
3471585
82679999
28201419
71901617
1284105
15935719
77767255
15596745
1723975
54760425
59146647
94145301
14733193
12738569
56047431
69218283
53286489
30367565
2716457
29247077
2492389
90591047
90207205
20450523
98259605
48135041
11094697
82034531
87994549
50699043
92775895
75853757
22711481
5309305
19358717
70102323
51308261
54627923
67758647
44624359
49188271
53412929
7370639
68542769
68521999
98394035
6349167
59147041
94478789
86948907
49144183
35687321
78893407
10368673
42072679
6439617
73675697
43039979
28359185
72695905
80272393
82768037
48323077
11783821
97374375
71373155
20590729
68745937
82459891
64507283
59124493
7736845
86104713
67664605
60854487
33346673
59806241
18020923
79247439
880293
95583917
11283901
49319575
25422353
89843339
63761431
17579961
64448937
19622625
56619657
38005663
43642133
87886837
39420033
18845271
43270797
77155413
14594231
63915717
16121593
67389315
13199819
44987263
32931807
69482397
27634493
57953001
4325795
60461739
59431045
58561001
50987815
35245153
23993787
70751161
13650299
21689117
76707349
49720345
60783633
36910343
51554763
85536235
10554083
49341443
50167905
85224229
5776747
87649755
21882925
43021909
20670541
96886973
65973865
12157937
43194221
23947045
23510255
73269031
12035047
22610583
35396233
24543791
7513405
64258911
2707239
92615649
56627167
94520809
65248589
71857815
11301939
40188225
65042151
79417919
43780173
46844785
21670947
6699125
53489061
99915663
38857839
37875747
38010101
60056683
98518283
73659361
60062435
5267787
63932413
60046563
77837071
21511029
47790687
16562811
37503
57209881
65035309
71398963
89383735
20897291
49548025
12436985
36722793
7273863
94868059
61076013
3213091
25907765
3018241
97308663
44914437
78337643
56453569
92920353
22829121
78725629
38514257
91424289
66764747
49773047
76257695
8290627
86950743
67601659
7753049
51732631
24126931
26873719
20608425
56505601
28037805
57883039
75720197
32797707
79183043
35594805
45889239
36588017
82831557
4505585
41159075
90463515
75581549
66658145
39321045
24862951
69740177
57157249
35442017
3001703
29075179
57815525
77367541
17687811
29229093
33784641
75380675
22133891
89433431
1352885
60236387
4000115
68387453
67664427
7576775
65685357
65543101
27280639
14187083
59363641
35159925
54354263
720841
51356879
65674441
59695337
91971609
62587807
14676385
14204087
50294147
60385735
39619155
11517247
7761155
58180201
7869505
16385519
71650115
56032577
69353583
58783871
39163123
77647999
9504567
49701117
93070909
70965491
10220753
31945469
32350661
71591061
63686549
36146265
43450639
48613521
6683827
41587475
17511129
56677251
37056289
34312071
55893279
41326673
11408375
89224415
68927263
99685517
74449493
70356403
35510819
74426227
62067101
225277
59064457
4610443
65059117
19432141
43017401
77379617
1999531
16741477
75949847
16802003
34917025
59591709
51133807
74591673
16344475
17194135
16141583
59553545
39212595
21845897
72825127
99997109
73970341
52258933
34697091
18838379
3460683
2509449
7709029
81383093
49579957
70300039
5028721
96391803
76354519
73101093
2755451
53544569
33337713
54661199
24561395
67613257
43132557
51015393
31625807
74024013
45421587
59950165
10190821
18397427
42720835
72268523
27051053
74648713
53160819
85624283
33359573
52966089
29776627
63601001
32501567
17936075
26363275
53570767
31915889
49711705
63879249
56588631
24714817
22471147
60892263
35799763
69218653
89875597
86924891
40692377
900417
78737097
63050399
86960811
19175409
44243533
17321011
41624213
9944881
25921143
31849805
54445903
56506933
31174161
37310511
35732173
11132495
76602647
15685413
27192505
29992605
66189459
81779963
99764429
12401039
18112911
46698573
35552405
46982481
83348885
82855187
60694831
60665817
31757925
24939345
81451695
65844121
33804873
43383281
83582823
15987531
71496623
80602837
27160125
55451637
3022797
28797547
80343653
68711419
50960571
30012519
48486445
98432763
95775051
7469903
3295131
3092815
53065273
58204189
82246131
28794835
27700529
47187681
26325569
25610617
28994329
4748895
16938497
3983073
69205483
22129589
31435129
49077219
48869933
91411189
89155941
35726185
53271009
92881935
21043693
60241313
93811851
20797395
92998245
13562019
6670785
64973709
72700663
41446615
26227055
94087601
16422115
80204839
52721151
60907093
54480495
52744401
78716285
33765173
23887569
80028659
81729401
28060395
96861979
77271593
53598247
36736777
16543331
64921431
13805395
62921383
17592935
7211503
7662143
86512229
92109823
54730255
16191215
96173897
33694821
87021045
61676189
35169563
2149737
95416637
81763435
11092225
70051471
85663519
90986051
46466013
20410469
52650095
33227263
92368413
86024731
80605307
96771283
27489015
93136435
26965979
46410783
93722183
54049395
73517631
25428065
6850721
33315541
23905607
3213833
12515725
39647171
37318781
8181175
5981091
55131059
45651827
29885391
17363687
16498771
93216557
27888859
48834323
60119477
42295171
88745921
30934879
35272667
18192441
64010309
11485949
53226209
98391095
68825365
7036807
48265525
5112057
78612397
10184063
43103245
18942433
5207097
67937511
31051349
88969261
78695107
55006343
85807543
96315717
40101269
4681729
94401331
57118893
17549869
31280697
46644521
34266209
22050195
98571139
91064519
8210349
64391393
33517441
35425893
94312497
74909141
67717019
64106913
27120741
552637
76559359
23639215
88307897
27300563
47233659
24174305
48970635
92214039
71851713
4498505
77970987
48625215
41403687
54507121
44758989
16212869
16735889
56817999
1812507
97122701
43807897
65033587
42900491
47993971
53252661
29147667
8109317
73786363
80284283
53353841
91617421
38813109
24581551
96312845
9819241
58259293
70023629
42055517
77704379
93815419
40739559
5238253
56195929
77308263
29290599
62456435
14312959
80158221
63081551
18425407
17971439
45173625
54571123
69501051
71915747
23304459
22999379
72915865
78856287
43752855
86269147
4684751
46129005
33641945
3353735
1967229
59717093
78607919
97583557
28959071
76508525
23863607
62984177
42618569
52445139
6113991
7673153
35528839
37057183
46198679
84558425
69316535
82514351
67887797
50603167
13590119
45644583
46417149
34287477
8308347
9624043
68426609
37927969
97924571
82757015
67004075
38279487
21130389
50609305
90596979
58646129
68990217
12082703
52355129
60374129
33758227
77191177
5053607
32044007
1431717
38950149
52211493
70031749
40536289
87255319
21142185
30363577
95897551
11035165
34985055
11344171
56682771
43312233
84858021
39987537
36184815
77462803
55425521
56479729
48410987
5700409
24621841
95959121
20658009
17952101
25312101
94813299
76458777
76411875
29739413
92437857
57652457
16936781
70801727
63030401
91788197
95360351
77661283
54169467
18187113
561
1105
1729