5000
1075964439161474835
282258141923535981
568767262970757605
184005713197056835
1096878292685463215
304787400019008833
511559317902271755
332680586153695199
885164009930647233
1129534557688475897
581375624748035523
239117496921356435
982296014120098447
335722226577110871
168544636917874233
631863831486191561
497624321059384611
987831832125734821
333161227020367155
662875148286069641
40824403893760563
436325110415295311
61838743532458501
981097320715741567
986548031502251379
88052171251333551
842405723852802543
613409220864160827
530339965923857489
440760554240191337
304423306947229061
187080796861368465
128722424379074287
139136677512016863
9496743362644295
134613728163717707
1082974388816272481
997193738970512473
1123935208118080105
588645520491849743
432982680149032529
758241195877492755
282014670914643093
359603778073322517
315412294282031207
615080683313573967
50580574626129067
200698670873253261
121400496160130321
1131974553172703809
265500201335744007
266278142828875571
166539892450794923
266540822857576951
385658869334218935
724141582105104481
351405019263885539
916900998672907285
1109003791714133759
246260827874627019
350081144535002613
251996371574417867
870295944751367401
888126830313292939
15269304988823651
46644656600413197
1005114459335585929
413654970197683563
568071153217420969
119065031715850731
1032512608504002801
780147690335098005
1059226113951354073
479134867586628367
159399133624901019
643723299622754269
263705605449182811
632715616969103787
31989260349105125
264114708623545541
127375547342694913
38899671212938857
952044098823851645
272638192702875629
43947007707975507
251807200697728655
89929276285335943
658871793964637421
1043545606925302271
985499061062053461
633444751599626859
786546661245594217
904971484557433975
1079215621884960757
506822402500440861
543999607136241993
103552279925887347
647382575423816377
643252538618167043
545061955160255817
701611261486292735
102297155584117493
114339989450792181
741384349478072341
248583591031712195
443860515225374501
699392390453442153
565560729319416929
2857388899881153
1056611267576537343
848483415154836377
45326278773766553
718779646334159081
268529021102123531
382321395172935765
138479312389077341
832563802003658525
238812241780828509
117590345304760485
857991733001875059
216230917214110241
591651566823772297
835817346060683965
12891197843777383
352535546071964547
520373794358781739
285843074043211059
1005138572374295039
896434295486317351
54705934733425541
810112182010645193
515060718004021321
779384627054106467
975031387688971695
966071968092080881
263878904343526199
308228015458470165
925825301629474541
568619080156173141
716322356201727267
327443704591718337
975099556687989529
904353868388958743
964937455867085403
967533992628446433
534636390695850743
113309047612606105
829781195016861167
1047526422376858249
343681931914736915
279491681344895295
353305924082278909
730008288677787307
116494557778397871
1026235859158268527
509177338933356237
923924161887350333
304448458724519241
187258966796413091
960916759374183481
376202593926541405
1083511661500936149
400029026290496581
814383915130317837
82595593201460763
5647343416051981
222062982300667277
581733413821168843
216491849648387705
341660208594112043
706972551705458595
1062137946198667265
135201511378524015
1055672032212068167
1026339917723090021
624380743255478299
1120794587511775597
212028875739315557
40263414747197407
751253666598315021
679832551269577523
724769806996552359
413135110851303987
221906355618311223
418805718617928621
586463027057650567
355738890209467753
256274847831840603
669031107942750225
991949040397719891
1007662951401408933
457375518778664513
505873363978684297
629141140413437141
286255762398361077
422501420925044847
291930662771934057
450410423143033775
1129561073121362349
1097812292731111395
164741292701183703
435476158961580633
240522888049899711
202267547257758761
468709943194221771
196636091397781433
1093642804421003733
901937217212459039
928223907474383871
35958598720939689
114076643058523507
7588161484362775
160516851600975129
990676880118179061
559446965785488073
303389487942067853
140457074461742769
1034233104498892835
95368113274943933
270777177288819075
627863736576427373
765335282903703407
354513416949731697
944660204928973957
260162768413286801
502678888749481377
45679147553969973
807396586955542493
422344427728505919
855435789315800835
872920180736796039
539967925178138909
392089062966735639
1010287314041826171
826608904278675885
211656295596805391
247962286158760483
814336460485004845
523030158096742239
454635653889921
627236063368316991
149871818541641405
847626172536709127
1149746249310276379
446024656163893331
621126483346422927
608244854704701601
992575013903371257
453595073134545137
490870036871513061
996468790349186045
904197222379278043
866584953659150387
812732872406184101
602568419563196807
492448211408285065
497804343343070587
752677647693107633
81295853490410511
715237335025220247
122012629236792923
355068474291281023
935783019823939725
849219984467021769
567124468586330163
853832974555440749
992659358035225903
680650552052491575
1096797678952537811
563086908164493505
1029433655538233287
291447951946877797
576157227504978717
1049289971159524355
154680907296146555
139402527920422905
468921013621333085
387360665275282939
1006261408390474469
380897066794462571
956945782665923341
834810883712908821
1135681317317410925
330018827046898001
783942382412344281
394813155347702061
865153324248512587
501890818385451253
237284088122934359
490886996774122363
391570756465216147
771833485510964149
1142491434048433471
37648572695476409
309275262515867823
1066807611408058759
514161318176342593
500695032961112769
946556714851458687
696072818549564013
873733568274440483
1032852263033218033
72131108503597569
333754871259925183
112595160298459895
519822521395628947
483719521303293013
167697844007073573
575439702452473601
523660666511173125
87358147712236957
1107749042550827
210566463080708381
507539223524859997
1046440789909401973
568221951231189559
480033977297328617
945728679408961287
380680079247958323
706899292840586527
878814067442886729
72398892539595925
696051096918696559
1120367951816005025
882075378790297055
309771266199289415
356268167832678341
323481855708273271
521814320111310453
756634142858121637
824750313145057035
897711665023996459
1151168371689943995
949642997590137487
702933038629807711
1026153197007596739
957710226954125019
1132935170911726997
1019232878711768959
941349996797235361
980254981115215597
717876153488224475
810418427255227391
71241926490275477
449045525097935023
520163265742124363
965117265696648775
443057923251888353
142319305429074363
666507820803799011
132149457378543479
729010194233469113
138011499502715721
309187771986771227
376963821988688167
385139770671588591
743571104656025641
336379769729123459
455708392880494123
160952979193502473
266159051832388743
980804613890456419
373142478082045955
534617020483586367
929635829337743357
692519540059989001
1112829662775917351
113675533510392559
965346089430574725
713359837167501039
841213604962910449
182213021698842111
727590193908046123
816476407766678611
73674574921863487
122440639569965711
867994215395305641
663239752667425819
54159532002240049
297980216931540515
639035174618703197
544414990695606515
80859955110829279
136237610512574075
321356484679249225
400832693608555089
820921165267708239
63438372277560391
58149581502525867
1005721925031202263
598248004071597439
729051931128303155
785537681475378687
1006879514329897781
451150554779346281
1034441017416924323
528795821396295563
353610295780613379
429817665140219135
64340872471653415
479206736259726711
773885713082684483
46519442744959629
827401794524575241
558148719587652731
942318517739218167
1033080249173025947
1131436658364967125
763235018104154351
739240368968671141
601988368292837987
144287362766629683
94251083302704271
1051182020286305225
134674241752239277
681250490099429997
89082599904644753
1077488987366702719
902833347064159513
1132758131836532401
128986142161468297
612566973523251967
638077194961803609
123110778181025027
120147039545061931
1107475342803958429
843492576688440699
771461406089188669
413639749237469095
92096487853004609
610092545792425645
311819570353503929
274978663612032049
324556878221580955
827814854473407723
776454279252498285
81177086068326507
427153284587952185
12443586727024093
944144650240309407
802894211237747353
143622601900348069
737230168484086863
60238419330356907
758505290324348823
157141678921220061
322556554383462027
1090539070607533865
508454448467095017
826951933232844003
882781384303065139
456558144224701397
1018536722948722755
139534287012009835
448095514298878727
110016553267652947
634846011834842993
767226089953947591
169668282847390703
176586529656212977
415217028731437791
87632575409906147
927989388425220845
885324439831307459
515712348768812927
1133510385240831039
91118254301892947
847257394514572259
864376738339067569
879101269575778207
1114211567406970095
228076834809578241
1145937592914880119
375290700356534147
115407171794740823
690723073431262959
700986202493955461
519830170987961075
38570366878943179
1049782200846551457
799875927189968117
675605981657534791
703203517037740199
853574958451875975
1131028158321876977
829756002462614743
863826223271698583
717276013984336143
941676421274626139
293805831559141923
300514748132902359
481479232421789505
1067221137170407699
567978163521031113
158573348491286811
1093239441428538715
614520564483034289
593100509648601441
547615482336744617
74499455295675825
799492117726734201
957383604998035977
54406578323993717
180343377568087487
732111538734313941
959970857869563253
616755120411323331
646543736822531087
2549982709932799
147824803457246353
625728954491545891
571071899764834257
982082737117406571
625352000207376557
155999964583156119
942592775424176785
171902395377974811
227423642904245677
725096155287465689
1117071359719294987
429462663502708449
459894967543691809
783917523535891207
447078906681064889
872049869113973501
742559199415770387
610306838032979247
1091493930477930805
380352139863164329
105369344523068623
835791688063760781
83806551124034447
675137179938229185
205799367213327229
41141141468333627
496738180484963107
712636803763021325
193597219643259723
1001304101194790167
341356709571480949
410457761451813753
1015733991297686361
335900106983150209
970752017845078065
451831221133395867
781996983175531237
852508482208974993
114411685211540421
704416290696854023
237782513650415317
455927947956628937
442572521033356589
283769733169086177
380969752340896051
690856125206521237
1130715615315072063
1027923365577162993
779764504768529763
522927641259713049
546420880767716567
674429646225811835
193964677466508417
362432337511420139
699570754927810013
1039089571160555737
78240031783921491
1005246202987358831
783593872605941267
1148707665680871947
687237635167623861
684074777071241321
509156129381233847
384538574415840565
205109362832857433
937528096024588795
141188197786419819
1970206514701311
700784022743108739
462258029837988229
425536309097271555
586238162342423585
918223719773019899
524169233018080033
595513611568135351
79913149076345117
937844068091429935
783260255767749333
1055249073505192907
243384839701598335
225891200611723301
239284044648493279
1039500445477464651
633538276639335543
997350158945793775
792666400970755507
47386590588149659
704862275986561411
1040523296139189189
839010608319682545
585420187269739259
966671562149214555
1120633069439233171
549190575682525037
74809431493772097
1062590537615592713
499827825192568077
613643607603607675
1061730843314836857
24584515160225407
194085996476921135
971784973228329407
655953029560843253
735491383531046659
885795354947728069
972723529239662887
714355125674430725
287539923687341217
571624994286747869
911078743563435345
208994349429561985
260247283156996749
1038767849607563477
419398121062115945
1031186804599702653
668841476802112411
327337735456180713
330957345772535797
369922721918089335
171350092153540271
757881036284300627
827324269942076747
708362585956987545
1035509822522758337
670747361972762707
897714543699014933
191231777582422261
788988228071237213
811715922124393861
1048150011231749509
712246904353584429
852467355220241149
391021554762697955
1087703853408472071
86230689004986197
527154867334784385
493553378052068635
757861287538361867
179342715297417531
777064218262773311
34353315519488181
684202679284410899
918535797049142879
665177907000151221
909881827189952121
514658417605435705
297280831832798281
30132343640697131
844451967114456957
589970124788301525
466331418506338149
726385095132564265
277572223875612309
437399117516191927
571674840140850959
273736438509985389
1056197354600364407
685531795674781607
1094441938042866415
205562777142431995
915426958048065987
292834851906332067
941241564355484867
445640143159412311
911322055433249491
445597009608166381
876334102406648201
147561524071996699
575702230774066487
372517955708863357
616339882596972985
436369157732164885
570013210941190729
1106308545877938405
878350980683167707
896143379332946963
386262681374988263
287703051431775627
71963365573619843
708947497486576603
124120211949511555
485491768837157089
151285616900843791
1010650066729545275
1136903024959317749
654324415044709325
173015438315162455
362057360927415879
154105260340913171
891894346454075667
1009855610089695091
701140992220505231
245277996687151027
854030485537505503
579071638239059331
1049868634503614451
538252810997863379
916734739118112457
1033491574385473047
289107640742652685
485319754304794083
488356437023217697
953769110580741673
483007602595251363
416661482549527871
399673100651342931
946841390035130741
233219037768759547
1112606307424313767
443865018668670731
1093256138743520695
922642398620857531
947165404067785743
9131118230764753
964998674474092559
168697350346560491
64600101956256519
526199629601302683
247063282081879495
924180511841683959
662278044544397685
665493283189185065
231044539890148933
804922163440278251
691514711345460893
244246929657224277
1141722183379792749
238726543951860419
412557054691164841
825041603038982159
545713248981557773
757248624211804703
1120809645906383237
595446188634520159
1046029958385916823
988064255649225359
875217381403297653
830351928510781091
637780447414473645
110709914080146693
803889900831070231
819935136022304723
1084805804753073817
127095298795639413
326108621652712913
862844974687368427
1060564314014416353
649226288518814801
455620916076286881
256083795090502643
822098286297035881
1049689808054577561
818233265308647709
365812015002839801
482369823071653193
756103184173505167
199719799739442277
1071892589158975595
52393400566622615
105624705087356473
1011663473235208813
1113248942767313479
439282630115220817
845629258259992375
571770027702909013
2244119314113743
1066001181828197829
791253275105161141
95972934516089843
962968784101271439
260824377770964045
791734089090592129
805086382749240979
383534658989275725
161993237059038621
1083710939287296909
304333873633944649
134103436777985879
777802921003413517
1009578189849751105
877298274616551617
166298588317072269
899047252311278743
338503924777470095
1061715466317002965
164204630395522583
971676986095859649
150092194547219709
1145194371134117397
468090280647627159
159729476373399187
302428200208115557
6954288265880047
986535862167056497
1001938363851976123
565203041267988337
1150967292090412531
240234868181137923
220161374701935217
650006574260059343
557621431704753045
144042232030346717
36178861295269473
209476378161183741
329011242151596935
312136327000604731
1074817936548229147
1053631091879371615
120499373805132553
677617635179886753
319097548866862387
1035681668828577343
624510241930809503
681182076193678589
558787313835316347
898289488839100211
592860936943626671
183989057594689579
715041206521209107
923820195396998219
709475097179835369
923493858574568729
19754323917700245
62297009338542297
494850759120668219
580742934013209643
473726453057275713
225977625857407507
1136058093533596711
202593094975810295
642129160216285559
1137940620606585269
1056111339003214769
169283271081512255
363330577691262559
1078607427469243321
806469754136275819
443452708733325897
44972298885014321
502989115241676473
970948218396327929
281906917364768871
585125492974099391
946406669316289655
1091071160453008771
386535564793246977
332677123701505177
209741740636215439
2385034227945569
916241818785372311
914321839404085527
630767546601571967
330749581177896157
741608768046351657
532263669780459833
473424807539790511
579259698435224713
298932648550142501
482376890332412725
740750914755179873
138873082817099497
806836557589512319
959021749310609941
837297745171304415
738499542874930641
1098050219215129669
533006069919632617
830439684769911071
531442389684963011
1019364288993918971
116433586621749961
839828337410347429
147140549438634221
129229936903688979
766821899639941103
196587810037136515
269367428428158947
336646439690934721
272688871131193273
1101163963911571501
259073399233687737
710705521716579391
149434646436186925
849810736670372673
1042355800415685291
1019729196713464093
613578674299553029
300819659996203385
641986422905193201
516546439400378043
521356663275917895
527764930096836409
248799187945852023
348737774632566593
57397496214911511
985980133057129967
403621649088524121
915089060612495609
913850694385762477
64477325378421445
311895715332003561
606648631256476855
94253719576608579
536474314580289199
476895276339992729
986420207431838367
446693359639812157
261444453252090875
530092578188586911
1029794053216341641
1040752926997570265
854270144793226337
490839693424444085
97500613449090925
167284529491292913
1021244072865945333
723000200968024817
746218344357474955
373744819861029583
598988879712849845
229713770083320883
587390561396509429
138557721288907183
287733785190505283
837717881026407081
483687696716445227
574086201724745371
319239411162241999
842471990108233231
322994867286183999
128518075003709829
1106707018669910309
809573222812632499
417738822133831057
978216234258711945
604684387174146147
693978121964797649
648092753509572821
1062109635375766847
556967302629433269
599647442744203721
397941553886460311
832410494388701893
617570213328992481
445914547582692055
911501134096770111
357075454700752793
1152134492599141991
5863508445866439
15060127798317151
342379343283022051
278388006041482007
586748930246908287
620530761464449909
1121372336197193619
502997352509209179
849308521074203797
104515834359461913
68401105404465427
527468866740506923
321325576628747337
214869967084428131
853560207176297277
95531772492177165
56401771543760771
182623497863002465
796715402278360229
32042112941782697
526947536332831331
886275790488320301
135108470271393259
516616609749596823
389915951547609501
705640423466270297
907684997438879265
61203597574438141
1045132300525794175
1123888383631451461
752133839544054525
471031799746384561
740488416139836193
181140612684163239
944842485583333729
375692493852439319
290577745154793771
48945740256663
1071738256712051673
166569100521841397
631757901293582863
1123047508120692039
491695325145575399
829064611592331475
357613811204259243
1024580048403816985
394743344266978565
868399255925727843
714426292842180519
644098713680127899
1116080887697292769
882858426564940933
925043430901670833
114364916533527647
444769007402850725
779934972239038375
904151580483932507
791099448717208775
492593695224219527
915693767061811101
933994921877899567
858510047951287995
446583471747170303
987898913904875981
742285228649164187
106667604714203593
371084047586941533
782412570662609239
1058740967185204669
1050924536080486399
1012001906639228123
329820690689902213
767251593366329027
716225287149728977
994615157897239395
132397342148260327
394527178276894665
468199158871005291
932297421641159407
1129458700610173533
77173959793546335
133427153109913043
220564287482488473
831268907796293495
541425220374931133
467297261307484999
872268609387642635
771513190701242945
432665676918109277
3760786629817301
677063110947293501
722848939510976613
709416388370464887
787201928171160581
424016610100761131
832936454153417983
744831277011431099
938958121085680239
1138806887766784935
316311535669653581
1109137321494520955
169957904349485285
457149332068755893
925657107910863633
961398345985610901
714794673195792099
143585016318396941
185455371046129163
998833682597157915
363374183102302289
228585004116467105
806811942849959457
690903072497674841
98275487092916739
72524333080194881
844385967865003461
888821411331615729
833730854177064647
861273435648714735
326736492634760653
276417322075052057
996746824574266409
268890212478787957
265415937621764865
225420746177328003
48415947465146039
450551744619266813
406816003889117159
805678962074267129
964254451067290291
447118538030585843
369705204384975053
173470933928497209
645291170266108497
664143205670530159
651739461776759013
575438567385563407
847265559872136555
1005302465097458597
135000911284741551
794556765040624255
598214911057686355
262496560325438035
33478184619153127
210002756792838019
377196991905515549
1133718847409280347
1063320660684652205
101847378539401859
342514900918299793
1013152655436147053
399289728722559295
117858575494390973
1012159637430329861
57093293055553803
135362762442773759
50123154866848529
935051824013242503
254586788804129773
228627692386115731
948725964965621525
870171520718183261
549888621375350693
324985317264807747
911510889195090771
355639119000795385
1047722201142076445
317982719259548247
483238959589937341
596612685031213553
139128331410502409
151778737706374719
671894771492529341
929284725356984435
757752895872915343
888763980334937187
159928116771271619
1120800320307345733
64157999529497681
839161065183386051
418023866503037511
100976982852884063
566204468658682539
936081016596004927
428909064487051889
7138868902864925
431856355868465337
1029352974416549061
239629635142109079
309109228815250741
1008321470550106203
643550369171355031
976649726311439751
193677065481264017
33817785274691059
255549227114119059
872776454572341811
551915720285545169
891740793468795183
1116708801157245873
385255725568368605
87821987538156731
533441968929052915
1092225738265651419
982966420581647277
1058742359629302309
872183390804404781
238078685618480263
897657240026245861
284990626785583051
1149964717829770149
890445819812886571
571345039267144421
476193818632604691
1143637749885548131
1049612127230161663
541321288481796133
1078829960565406901
1142072076481490479
719942348256245983
1016332248723010865
556767427925747207
72075440629817299
787248474374350235
34943153549429271
985542433370422309
661499839276179723
36806156384676957
726524079354646581
400265114142250069
280622991778429981
476768720215864981
325068612383862047
1147344226972710615
892146852939415557
885180934687945447
228979897151300655
569756871812740761
95466363323602467
1070591337422370077
480506747252833303
80911984917500937
677761684578368435
900572133092198865
1151641919535294315
150360595447360003
311060926250804599
1001406943002979795
217126471873388913
361849741311043267
456508249502767519
242591373970066887
100895391040403113
351187721572113381
1072499330475589883
655152912422900333
1014481551543401145
1051083386294383441
1007991369438858295
485058664044912541
1072563028867037577
305387735145026231
1130251884407848789
462556269501522323
269360011710946751
1152279601644428375
169939264414129987
370994293285259341
870767171560811947
43596408317598173
151279542467249505
835834159526350081
698414714735047483
251002427925821609
322529497369230679
749343754639099517
278925716354114455
1002295405227433971
590267566602139529
578005983539929717
597648439423335463
458503819513629371
256625822940097631
389182373942642615
1129364358207268239
253077507314615903
892833364925279179
1038690326617081401
310018619335698995
735660046468719591
721949786749593707
1031231461107201633
524157317189813733
603169797464260411
320771396360835035
930165075322230899
1098805124033764985
189721668973604713
1026129268542067255
293445864208346955
1151320188986226515
832814166363413927
438719325449346209
1045804271965310007
240997537335585007
330542977870359631
745060247333948207
207515183029340963
742093676388145245
1057460978244735365
544043707961941049
378054288212194423
1081399450862056389
1109462869769683383
396804649287471669
1055565145516405591
909993760442022051
231689506900166451
31127915687969619
33680238036923155
313003515843051969
104071373699884047
661709220278950927
678089072579435477
320177985085257405
664809973298597225
461288368843592459
778171522061673721
806831999400632261
59705214954320457
982783323120511785
707040269760937455
980961134851943851
846625500451158363
472602264660196853
647603126629670939
925390822988069793
1115291782309030673
1054673643560114227
82570694497533023
11940699688611597
803687381916967809
804194499077973729
536600743057029425
358056533852562601
668372865031387467
819202642803880887
235908614182991305
553595474653594785
471733076168815131
257492829111080607
819673775684578841
269626330964449629
157868686322456253
1053038289967123573
294483173593243321
760361025348242473
899994062526582153
519631459735323893
853024687094432297
516558895377872165
129239631320873011
1018832814230414331
147560911005419283
995514944900924181
450738617024774049
156696166955886963
418407697613524873
295816632371161547
443923605503897043
1106190275352873725
240091266120095743
993343522646183803
1151359655434360723
204804154432778601
859033952608959935
944765026628583549
799816233632644377
455094402431341815
151384440721384229
985284043152054867
871312676529982779
793344004127301091
992266513240059843
888166361500542041
156544819017388055
490160597500663299
777273223794464393
112047980932233481
610282423112455589
110796875608559595
96068410493285757
396177419656053257
1054128079854072763
105219220125334057
873061926758513511
546203834218344363
6896350791673677
491955782843700311
206204819277401009
883639469344380901
201534117993024901
304125768945279395
743778234442209481
842314921303710267
991395267654077535
179406045876404903
117355059810593147
551522312313782353
643107380301031881
853968603614172411
133748677740066975
1099590167302173255
573884946717106859
844853784430573941
946412985027267033
188097926678200239
286537339799147141
1107255695420722683
923142843014994649
423066206770726715
1136312835405741935
745476136183491889
601785716584159249
686532452676923277
153027789794145597
913569688249076305
1068161552378738605
643780437109573501
413627934459577835
789880620757769661
875492954558806111
203848227125187511
20997630549739773
861574223609443905
439854779796233613
36516227505912833
497680230828485487
352288626412638799
379221053041843593
680857139083249347
516703303696902335
334231708028026247
988437573851235599
72617086490755179
771264489057750215
940571324367813023
727245628083654335
882136240198736745
778664024888544711
670654105742377201
1015086017021591393
304204804016016765
387172702359589209
2856311310522143
509760906002427923
3505322070133733
444144129585918901
459408430775766601
532774199356592191
600202458153042203
1118109080935857749
125638046463884107
1139205531505473579
1071653080631358103
57773684616823233
1064262295589126297
5347708127384819
645897033390037895
1036120873538557583
485234780238000595
888149085707642847
57116831446921077
301369968655330555
183811362888729417
603025078289960443
1127708348276396165
797009464891503045
370560529555094605
272862908492570787
839089665578069519
203060882584973555
556075693877949215
961206232638612775
455959643924054105
735887602683593241
1099738666116314531
361208500254358507
163879504174603773
675375595161365949
1103725022920019357
978643043801104803
801504107596888051
378291537987411413
1033834759681383691
687002234413953331
601083865567113499
731169945306247615
416882074141943803
908299292836452605
66045844153754169
334761439023116137
246355478805149555
65685860862793057
1118911181774508593
769788252867099347
954808789756292519
24939567001247291
594444199230185919
1083730813150780979
1048867361390556827
1067681082830906523
586522217258513229
91555413928757537
243506002289384799
147266352628917305
765903630709191693
569076982904284317
217125389856046001
14565592455932559
827636074582445219
936392065513277965
1107037113614414493
1010270450102821107
243000668404118407
135255114954403921
1008027588483273545
79757509213983477
259969614281130317
1051033761128392245
199552303172171451
449331136032839643
1099785382451754025
749812537527375563
552886854479728991
68505782885544057
432527614064910873
487028000319701109
1071072712772878957
374584193386621807
811331114844990295
820565293359438073
79522812437780795
976656429052772883
842132841943472695
319349132482144493
39962129430729483
597083121380742541
58018590549974933
612285104754340243
413041970430027545
933248351764182377
477604728872246909
182545469654503445
620859774587035905
421113534156870501
428614110646552475
250252697025587411
922384883400374879
995342516859655499
1011488699595968757
928814892175516049
863733956362480059
775569666979822305
1111802399856532723
818716939904447489
1024274713088962221
1095980922461497699
357002356115178763
535887881416182337
1132950348215107921
1088516575924265951
1038136226588262517
1075155748955114099
489556028582712935
204456971584455553
275054235742005921
117365526194625989
178743474078924489
868448656355243163
103078880128785367
337784674652820339
268556428239558101
760714454469193637
33264145291796405
310133174444906717
800224026725399321
280136870598825285
960991791288135685
147155659408380741
549153750132978183
908027120862313419
1032091702464356603
161752233114280517
492758823745000379
582035573814168807
600985263373982793
374847064641263551
638992790660002715
1047873524369750903
583478135640004963
16222178990374927
1065994167528684257
801976546018513205
828508711151023453
402478723731638751
1064940530601874943
124863544273370177
60462719229899643
756199312116443501
1084819848073703237
439093101976574373
730935403257193285
601031384780278877
62054071744650507
865594140299093127
898693560275283853
715741841625189079
493855257348969749
930545613332055483
893991030290073207
344579676147721297
395994002303647533
554589932429287057
1145888651173914211
1130206840127681297
50485621190333677
260748631874945797
754481498903701289
418838738640544087
33007390234984307
569988110389150795
555334741318340373
648887587801664931
193462482620940707
481628999206120907
305786913633928599
79311743921173597
63986122452685175
653864628728872683
1096118307614630179
445038853721643899
775562363735861931
404562991721820879
965037542150114271
265972049036078627
290415683256632885
292836948842386175
277773878094163301
736528183808841655
322934277142512687
161994629373100459
263187832120174027
757319338453190853
244897645814559813
1019792989504163479
646334202558720597
267580394634633447
953217850467603867
1147939327433699895
236592109680390787
797299918475364503
1049593297757820963
1136957106581427193
352717887615139607
156401793243479077
218637643588274603
396663532497416195
606920805124241771
405732905161717575
576195797773866529
540223040927823527
17276249845580209
842149651093769659
401623368859297785
839636938108340709
435695989161013951
359354360072582559
1040093280787933721
30967017437968185
418612011833599233
529514322030717145
140812643813404379
76693162426144011
2472476765066583
1003900676256563431
751242285540096505
433377580312901289
392143924669216531
1020561772034017945
891568877291127243
240182854003015661
335655579984691127
1054456407921691061
276706976382521355
736908882479481585
193899191862368445
567315943125311565
27509534438337249
765108331812363583
587680491424479533
566166859957430497
602916111814072843
417238595140496981
1000572786862663311
881921939086585471
679784759881472391
427294097276634653
313899199211854315
399074569399504813
327814488219387581
891369255654667893
1030910715034033923
598870456568180087
762615892368028649
109190434539761701
113550429596365795
371996651298351115
647275691860744545
1094390094492467215
478711142437949625
941790621751199027
1149601292893361003
1050243889255449181
777751557715592255
787599389735605599
826872194336320885
1073632741819368305
229881316236466949
953425222288899909
897888405182719293
1092702834935847257
801002095382083685
739608895327697321
587108402471525639
989901644418445175
250553572999033677
540469700754541351
841768992360867349
146327128538306007
616983640765258285
658862134740130707
51901259514178921
853074456137343933
830161916824475569
779539494004353339
254869714175600281
1131715369257168561
819456609996412911
139190976630771523
426869148227498621
151508926972529651
790501650763626201
709972934087743697
560341001524844081
85532763813819899
79192947886276603
247675532214231957
1145017925442259149
208085095548806233
1073323468992222195
258456070840575893
215477010898922847
777670597878994545
1131025727706546599
1030655059551467079
452752252635371455
393997272682507711
3211323988777593
991401264438348359
454198743900663337
78888417798256485
615816998240227563
827900124869371129
666387821687140771
745101287360567031
82307403888098717
943013123134151741
725646980107624289
109475650851052181
1093760380188219403
613241280142631861
831944806295154999
837827748755799213
63280564128927205
713138781898333493
892146204892036633
733820964956337219
336456204349354633
116331529512492723
672726925044066953
543768321747065919
1081033123234400115
665453890964874633
205376112022650457
816747693289019101
912091352494133637
1144165615174630795
713435104436316295
321856271614675601
746763178909616973
297904544230326123
274569442971801057
663772821080716535
5502376906948125
120239119024730709
228332479346543429
482222417287580975
58193708608502801
116701171250480035
219723358174471097
687057530390895147
960784839864683677
787869282513194431
325919376612082375
461318163879145643
562604472567031065
1049509480771957017
29223373740846993
189446454198000089
276069593580035015
502949895220971099
518027187439756873
459736003601350513
363010893294038437
1095548487552697457
567174961348369771
827126195318051587
953714174491000665
70096277155522435
607427574005972975
291556265760252691
110495399421734271
743599415477694411
446042300374858161
35473524682182021
51888624014188765
566418033237394733
459554238464710897
808913206045468451
661685978352532461
941488561356136533
528347088807025743
1053462680385246899
1063906165022947397
379744840968487795
1032362551971360525
695749417229315039
408780068816995383
72050628685709815
1140143304547503359
357513744047013519
771097500499230717
1123817385633133115
834839609049192641
1124001964806944783
813040211433942019
328396477056410695
732627044114328951
578169310205173931
962152151624358873
801689736269685131
761840585993044815
562445794414456997
917845536206268945
77808978716361795
875613222210104149
146087852206172323
357773199968307787
723408075983161647
1106790582812528669
547921212690631567
396399008527411425
373253353470660447
749190629315250955
172176410724766179
684105214914285845
599065916981764899
340136320869179071
881569994431110979
863517149460285969
436561996831005861
915762602530514575
1071733868833119891
311838258156387003
315574816266181327
362600048528320661
1107287846986182451
1066270690624854813
380217952006076829
280899027135681949
643988433326477823
721096812543356703
24010192709324069
37937776443901163
84685591984284703
535097989199179565
805297749328351111
135047031987825649
499055381364441661
1049172229478507297
862635066965325665
574874696993261377
535892989720443715
686603931038714713
545482637149742193
672284129710339715
850117101759645737
393191043003085781
48118202786157985
390584389055496793
32759863924499877
685417704838333615
830384790494539357
815159330563226009
483987321870809393
918795606819144189
554093198080351909
52998743892811933
122559771955238571
215905565480158315
154747344963614541
11901240056546327
1084991749716944269
582474393574538875
377435933260781185
124362867206021891
680322587804002263
489656975179312627
544673079628944043
56118959557532171
864558749252126247
240083515012265733
636058881854422821
648915594868741781
64035683241870827
742945380081828789
934725913162102959
849192821935033695
573542582832233901
621857453550064075
576482302087059217
476665748631832165
151598280252818861
741831785054840005
380132050548544737
739742345710425181
490453965808620835
45851907390045605
447688945635954603
456327021948129095
725405098309973785
640309916896996303
703315804317275513
393500871321676007
1057520695828812711
445479386565478453
1143278396077646433
685485661622227985
793524627613695369
78353463549081199
1134694945512361521
818397344946383719
867167834237639897
549922550146414509
533720056982131681
681865707297080019
765563524979979415
207662285600683671
884070796365447149
705839715048148303
187132562261068083
614983693842490701
883104317547442883
870445597052885175
784668314608560071
680243530353705655
415984428222544717
444973460599795479
739781571176704657
500002107766053741
416914322650501123
160586291450492749
522037130516999991
200031013576133875
1085285293149254065
678654257841182473
460511193964293077
461262096647572297
881447854819256269
106805588630012697
822905586066407137
818799809379736477
311144677401038655
51221182781774269
828783871168156955
381285297369619477
926395023738625661
1128903126598915949
400071537259896913
488411865170337831
45456421040932215
874939573114895121
33409641802334817
786182089198660037
1126067838452381901
846243899693653361
233578494171085893
921950622827501257
736329965616865029
448190926701165537
157421441945203821
398417586705852535
1009200140803917509
467687114610699821
1039815709444144397
372601660846079695
954337845209360035
243939100841476219
571005484214456639
59987061340007603
54215614238243619
276405502526038233
283183570305288397
948139319939021049
704861529624720767
926385822534728387
186700191465053887
897603514716762471
214012496252226499
306858145697145485
148703647809057995
732103093650874091
902823244812599371
213112721441012981
967189788872263093
490765005569805995
900771049942058857
878161488910911315
675717206248328063
513309116516250447
209008855567399797
795109026162896001
186370868498554471
296357722451077029
376739720863588063
938028968707613519
987509842587605301
878310121200144591
843630184463665915
548161218432811293
718924179713469571
602583821840385291
623425825472080395
107141610425489075
151406610350337643
1124705123000989513
735608014134604721
908971201706008911
879279039259436249
496999148939608073
224225963122502645
39142536620957229
108289859216407103
953159822951546751
170231768489237349
283287204391782377
1123495674576977829
788881148474496459
452551996427819471
750643294256893555
445866560253154241
1107378799974737515
508851907622420333
544053210352441673
568766552753979221
78484601141466601
440668156847580155
195629328725984373
108618250679322159
41552896401073095
1053845278522770757
106142595565194217
87471311598230443
476140001538842013
1131501622878183341
646971482176035075
1097634669205261875
415253058645475711
597515393085434979
299905772437747317
570856328308517507
101846386441643361
251963629376202663
882666773069915167
968525713961440489
771678348128396499
69303304412978357
1071373061481162535
40282380076855245
639576703834816699
617198504906132939
946378309833259923
808234780796086665
123482611220062051
183341730901970467
201243532471377963
49634976623075357
926115952704698735
40058318490433207
69791896319382895
129354862712172613
737276374609229587
158041584953083725
997148093294013443
111852499732788415
1093408149816877993
337825290189959063
949932445039345769
573291390046876691
595750190515439211
529618873459400573
293503598284708331
4358708527879111
531695932642885759
1104399107805306781
1018530965621432173
1033570172111614291
530945376906054475
831512332046124431
161549171076509739
225459200726845861
249882462500786071
140927476928726561
203533719784433275
668847433850475069
465967943047578563
544101668580012415
517801885270478629
714007443346090495
1101802193688910835
118264712213060443
26102493536416287
36902989906898185
983052643818258513
486142873591413951
932919559365067575
104470369610403139
79228464220179057
464563711422480171
291277585996684837
934280489962517581
1150851728350070347
927334036728702505
30920311764966041
528014121249455565
966928977695217993
26410991041603167
975345105723063457
732930605668431985
980171333533300817
217948648837113223
1091740984160243585
98760077132325843
142193469505923973
302856354392494797
933141781892541013
407660137836726405
176290761568129715
1123385273720457237
72704352920887867
1036855686187290511
435746608694124003
843739054368873789
682839296433502979
365354540289691973
58059204435428595
150633298198332793
130223734565773133
957961586796729147
146625084385056451
49585478104914251
857257522759753125
622089211183759807
1063945876624864191
344100238119995477
1094540416778640651
863595347188531307
1051073408238539135
22732641575983925
1079197437842282359
852215556615439809
36593324334539847
664231266696868537
793121193015934229
408233769350710967
217106516789632543
11021097118057939
476190209335059109
909561404212228375
423910780586259067
263568818788632373
24217996163974241
588358918080527479
522986325824662499
584663303303508355
159875657872369857
286755773209618787
983973512701411965
163763218695942861
934773177153869829
1061206321402539069
529340626024201265
54440072929472369
437685599172091673
659515673342856115
16418705580877211
1142745558029053257
423488167369673395
255449380202338407
35869832396143763
835277804482469977
933209693054597867
365414301144090643
917497557110132671
698529141808788889
204437323589962023
64435902184830051
1091257550693706637
618918467632644645
1092863127141849507
295260636382602403
320512822836847329
790801249989456941
926547821601165227
357606829126670733
480915307013105337
943074600473166435
978468289532605745
31214259354128953
1077136860339033089
427009698756709231
820314030157107037
563640473092327865
1004633004913700115
1019648578077782883
8572785734665329
903138261247958403
509661731344201687
721897139400254905
283119662136866519
410544494390195729
833811578735308379
199205834463863133
189762218471187059
566023874602420013
808883170042832173
596114136266236929
777045284216178837
606896726506602431
259879680516193093
869801081493542753
767845142855382511
978550336898685981
784626390973381619
205418566103356947
359088192087975807
703811313089657861
69694406618383299
941906244957183227
474058261815573321
16233911200033499
644097856752194173
598097847765628973
125825703619003643
1032933937955673721
761713256874652673
536295643117895423
553205729618586283
371149472299534391
50033877044301349
525247325289319553
347754120449761109
162522411431078841
1138018922872406881
8979213341059577
1141399576131142393
1110730247677287941
124030886162707865
333305895325490733
173276644523282257
1071672579056987367
48371430853315583
619179052738233643
1129397833634724803
1079226509284165165
225443569566735313
1106211742931674393
433466015903362119
75277484884025629
907187572361242767
245104953133336915
963138440968127537
742080832809469969
127153640253802625
162735353704628427
180523269877117921
1036018440895411511
163710619342937993
1147597772343199869
889772356264860785
703515088817539329
466087390668818951
615962563009049273
1121690446139257747
863893622991633659
593868142205463457
414869903515051665
83923518379426327
922501119640997921
453776507587720293
61032394025679285
566040049620478551
766469264010713379
687743403933569457
678882086396175601
803966308891355893
800459633954309509
583047546438023603
367295971513766075
287795771442244163
406633114087255745
950877009989230291
497257719173914617
74092473346547707
1091784987497430895
183138268986740833
176715232132497059
674680775194457221
825780856897511909
1009818589147842033
547858300520034345
712800262206973213
1144094323365792095
612325308155874741
929122375335422097
419896399362965853
602245103381774255
371567804274183381
1037389953264605233
1068960559276849621
737874629032978679
721683708117830125
300314111761704923
988452274804478667
862646914414153693
486386482112704795
900137889064403833
1023604134385618335
828307851656884391
512363707931617993
591967470759060419
261944125107487333
34335191967205439
798502617860636141
989856440687603043
920874615544021675
1067035826628281509
281341260470780015
966423086454569535
692612189832387703
689477162524013627
154508318543003469
478635240403543829
728991281051575
823152838176633123
158961246011873809
865815555267613191
195809322248636721
471967681993981043
606335680757142111
784687167742789277
519134798361546635
844980855255136365
576703152506302855
267436541422329791
576519326733878249
449401033862555729
417780669089366375
552267914492168689
435178003451761675
917467731884453045
581970709636188315
452594171036329547
1090349644203646073
4167630984908085
415102142785514735
300319992823413045
156167983411045575
653705686894378907
615195017872649099
207662923806948419
796209781612767757
848840223634598057
130850669488109461
647915819762386727
445883706964111307
358963368085028977
191087759538762105
1022027871815036433
859598672025702565
435929476528773721
634520982920924611
1017425282293724417
72809460164072651
572282777962837687
243371621635771453
599774979822031177
772067902554478343
172698772069584703
167334543931078009
100734984563971251
1092620193809491511
153349034265498831
370760313943440215
608860433956127083
943728763797399867
475225352305441509
545213958078704877
1006822996710775783
502848519970492213
243779161780732763
924076389099903413
885584165968945853
795437938149985369
922986272953363409
996267195248050913
703735630329694017
857275116511587279
498985989610661149
499990817106177059
971157822664184139
192936204989447385
1077513871857797201
622078093462187009
99221434704806681
862608589128568611
924639282706153129
686335065405037061
566982673989478869
312373104627081951
968334842562948049
82429447764671485
1028852698357209565
491495268687187769
803944228335212941
261672812331952123
959749288155895671
686212623946887045
270191858332405337
232316263799873877
1020396623779322333
566844356396139893
146090919452509787
749528852447597759
430973654374060897
900094913401843049
999643853814808445
495182594694644671
1119354660297915681
1132291133608468825
503161162110830705
284800341175311015
1114633635753296041
1115660701851883453
1075980230611331273
621763029746008517
1085138814818103319
1142101026114432853
697224136288771903
715494551802926691
250701122947389327
610578475134296851
524407561268437871
555576792589230781
234872100294212311
227231948874258619
697794800386868287
150975376520107967
457866832178889045
152111142642205049
285743535675566835
198748267833110879
319138844004002637
184600894446008653
742121253656983721
647296993171718579
1078367803050341143
978692521485564941
48689741974766583
863389504466369359
828176311588053327
373105657822645451
922995547705723517
470982724953814723
43743025079520791
1019476418199533513
715483680045157857
893982042007153149
317737122462145099
164008997923128779
11797091752391969
518901218053377447
83833980414758355
1109123483032459845
29302755977203853
721555833493648051
199328395835366817
648590952566392133
200603687264823175
476894077384904905
380840834241307691
791793077672177961
184095454185491275
491489521469285239
554998646666972233
189646709740042171
644222255237230425
294841793876525783
855853894686342887
223775472793365609
1074029003396168847
119793230810826365
24466630616339423
168554776756513531
152305590430727241
29183386963446171
802414081554962343
6087899587884957
422355382786977115
1133641569200897911
507248513833816063
181827124008809199
791980299665959989
757352103399280701
271818620045161111
568163418153100613
733096742918947299
427866161987432265
161450695946661023
504380395347505225
835607987168387085
1066054781651278081
556590145755294171
428914895294276061
417675189756199153
999029633687610051
144567815888075505
574365321822564581
292519327862389833
912087124445392125
1117342699905162927
96088516420978613
316783196673984515
8393276637788665
490483363907362977
288279998601007005
1010047046064554629
596120093262212325
905079944677033283
5282575577731639
403288197528085579
813479731056856391
1017091353025685963
772359825470688857
353399485701861033
34845751941346909
193941392670201807
679534751559406541
732632605336805905
882124456792120261
334698057036720979
236105819311720119
290701769013030347
89618173994829247
380426071765327741
90227586766728953
557480305685138031
980081409119484813
116152250519577015
648616537170252371
689701839025242053
1114639924621895751
68601287762424395
13596349251809853
941458973377684079
208498541713728387
494527315363878699
151755457821495751
440856090861172491
1115113580431592295
710579081876792931
1032325825962809639
645891680030398547
315659739651831589
888134641588644631
1013965139364055373
626578743254167853
65564672514005135
342636669383219061
337372156317829439
80366111033155607
290841821006130639
389090096945345947
672698284276412521
927088668212234701
574835874354426763
529452369859342381
459694044712955487
530610372100284171
491478661370957075
1048754791033178281
15221035231628807
755758633914384837
611643286337811109
702905887849506349
1145463325575688835
116586586392558049
46394186993733671
122893155430010931
461008607372539235
389862202615541329
700564452664411533
490033275152211833
455988073390670595
142035298015572979
668547388653089545
24595270429835365
658579847792331865
502917461598600511
1016156508057661229
218286052159213005
280577325745380275
919073842263001399
535005655122722041
1133636263328473661
401125145090620701
466180354872234179
91056802167157839
934701830675116185
875909710994297745
443022145108845961
174053201182822543
693365090658232955
271870733935255127
104304197487621123
564116552557274157
762569006129014353
431624100959717649
151638541370943683
746680201046721099
885341610556565515
99321546971438457
104106296303590811
590641233890401669
688515356180753993
809786951277245071
925496944125933613
557039698942609703
1037207376471788015
1128913541903701979
1050130477448089037
35385346621205899
1076230025805878809
290338227959629273
778137921794374845
1066296508158831193
403869060308769401
783330923252821639
16094641728825699
309208024140031549
590414091912272813
250189281881771513
897844258740691641
1134126122027502985
66854560517241873
1004688158716529383
30229077643605113
1070484149065932821
831655323098712639
825504406745022457
834453556404001291
520027310429170659
1032606635237507535
756517078411883137
564726908292973167
181813872710587261
901682267338408367
316106169752150387
1041602403103102613
532066506355708855
928295019957867317
635062918206047345
80476782458916411
538336734211444905
685404881500746933
1099654471295713343
122165513766208751
280058361202506429
87109981696615433
313665986616120301
785870640286482545
512994421830982467
404981732808334813
659210156222561949
970055212639229019
568595705924941823
324755551332720299
1111281385914141579
637682815790134123
824569640502805223
1051622539846903433
359156288205159207
589072307335507231
559413951179338089
537684365024116307
957729722734135417
16469302345201733
91542255623409365
527169477761191293
582305649941250331
178096991443805873
979321512557439977
50294994932201795
880149816860308793
268009737066044925
246351555931240377
897397905998610337
1031143940212075361
475456935392400553
696057655184789981
1112979780080470679
1149581932074764061
153581111827117999
597953189491567371
740439696963547121
286116026291885133
517505245704449409
939234111564580777
70469175537612863
566241999490650499
185687004040384677
1097101057440540663
488169424339762965
68985451919326015
1006368007383900229
214183936698452383
819887988568676767
360151630681660885
216735148504846963
722732005806583875
52508825517014099
880829656920010943
1149979751653922315
408622430464200337
493164401084694991
174813275723133285
1009617608354232591
2731075107969403
897400956937464655
488471964088876017
1067986650011668313
837861410507354037
182067151128560911
662268128483407317
1030779981226981983
343479416294935139
552246903406770019
458314342935499857
651031066281820627
318145158051819809
599127091099018057
499028775235153631
451057365789383717
45477712924866991
172939121162147487
563740337525674433
418511874375372513
871496055746909879
661442103028309959
1146823542083608823
1279813991629279
664956433793045831
1063409236293620441
1135677033796693905
1040905270154884603
929439721773590433
174734239494140969
202796023428030477
775026126409629123
20994590260958549
620323560965023085
774473847262092165
249459776834671453
56783105222340119
321342094134645175
36914919182264735
67853875894989455
843091801886930949
530141102470019193
571082522962973171
267106770047114617
503430713704871191
694766488622593471
437071523862350949
638133463473086719
334083369673715255
910459899736246493
563757778902012479
742191815162289009
909523112231561325
637435093634804235
59503479153124701
967469819869149127
338689547751909817
1063092920387913633
1045753844326981337
58836797948738487
812070893465142055
221414701216295175
53230592946360301
277779671876966087
402927160441722777
650952058553523505
464009716551295681
1008031807319541345
1121316525661929979
982197808206368049
1068059174916036191
450693363005552883
1005136587792803119
54803482247560073
998358389744842191
136943289167711059
764723925063237953
1027361881150020789
16314604132637059
10601939684145919
693527125191630583
666416606141582821
894102665082928127
603219323133775421
320462218551197421
316732588256134985
77512760436889015
969316577563992729
462961510077107003
735181505086144831
307854308187871647
83385271982167327
586448028248054653
981309930115910369
80283879120790033
348217537324013543
921664513514995597
750512843913186533
698526891368217739
685447966498237091
674978054315565119
996571258880753617
117611579416717999
581844106297231343
848023759909429931
262497556620669643
1031357040649380091
165166238434092173
254759870545395119
537836855332714019
566751140550422419
958644000684413741
849898427723447281
806546519551270163
641035876077869769
215351361195226821
292328202186068075
764687977055021449
274498232031765701
372089536401576821
843171218819425357
1093509650901396443
554740876523898873
966192432042554113
361178976849807341
1036281905916817927
980171452500516975
306402756989572101
936700924934565003
896028273187081931
436374103578274869
601232628393462317
385577330890632493
580095758279083335
1146891919214627017
902569733181638189
1118556077064357231
564720506461861889
28773980971607473
884827910224663239
221129970850359455
1082344741006580719
301209738656790165
906900989666489883
427784229372235155
1034989474745900481
815927679957089053
105341382899590971
290413993733796921
1074779011668621811
180653453525779345
745005273503564493
79340365276249369
986783384262625339
950210315189214275
629142909930029031
1048798163222269029
666834629730537545
87562009531498641
456152470420284003
1024892552183664385
6456218582270411
783039053659731443
19586084830275269
641962784954457083
769889762975147467
374697842536159957
935540230963872397
465897853982283281
1091491393344010839
164254274725807999
1107489175696525089
794706288408433461
1114563882982613639
64658291417521861
1012999268914506651
937923869420007649
1076372131755059139
858778890367151745
670376611731376527
1151459392835928747
422439288049835085
151784596903117267
1092702372693034035
1059329263415374345
1036376019764015073
397934822368869219
774213980705421811
96231530907737005
769834445437620681
273229850946785565
1075445166318382089
901041349486152283
121928648879946023
496465236475374103
52134678078271173
647959492473787815
580737941254527599
954752971330144641
97382843424011259
1055822251549989589
537384170463395467
953536140557014149
272302079180838899
903661660905538033
528158459562490603
16840736647278985
95552841119159301
179323471511412799
1077974763323455271
388760068879224587
464635215462067421
1106653847276784771
739095978094232773
147417256636506351
929847606635886489
72770161589401819
675493849185276221
1039125266219899347
653865673299796667
776924648367380089
794096474113336531
1103236186393258361
398844783048437553
935102425263985429
990486172472800339
509608568315157401
426589571652082199
475973258691108643
88407877259534825
935497617025336133
481703159320967427
13307761935745471
1108801023989683993
314653838766905071
941664697841235749
568097417466243227
579717143225251483
774640017482101025
126990258953639723
969929863934017443
799686161695475829
1079272954621892185
465107996876775437
972648607046604577
409030781424340479
881513697069467925
548704002270078183
379667244378408661
796641225592013133
853286083349069621
386406261180237221
363220915539945299
402424312331626191
509167543661014001
180878938406078537
685361764249439739
250126654600462399
600417220990651575
120251739072907971
1123475538460381961
187118497986024607
100255454252658023
51424388600386201
763807409249019211
7713037613328807
85940365079469295
184376649635896987
861104123997346871
552533664286048765
1056486209332865989
50616859677627055
1136067098999454155
247095453563300893
597185371417915109
834207003923383017
485432027662927249
1130180267573656917
338345475593931523
779676708529807669
804386179843881435
215548293406849429
61317190911773063
95536661184277251
263038212182187703
1581336844244547
293633380460336783
969822402588686955
330264031338806479
1127086054391672027
794224543983255173
551020138725882365
193404433980738051
1047229796701531587
34318195859822527
160283352384143321
229124336391963057
1015740588509747965
803988082411984187
946206844313080739
187624706560639321
722453735862815129
264858217180283957
45758814311637221
195233264646594571
142065351329286807
461503898792606587
828113762427555295
342079129254968051
1140813853988705417
7975534165064509
913770153489947609
556950801828388011
507661491457567987
628225311725081713
342457241639216905
842161151147240589
307457530599363389
154076109523743205
666625555789572565
423473214277912681
1055551591826278179
837570087676329871
873908595090319481
565987953842003643
678121072927702401
1034081114021031663
297232835333345263
558993063986156799
283423704597997323
957293415626717189
1010958308290511469
593519958521278729
609520850305269127
227149910179968501
109770577881846899
954756562853936913
1092939822689874731
81159932772314323
668522102474518483
491895495982708207
99026181591390331
919692181018319501
413396125012281669
210413865625679809
876335220550761103
587760116705899649
923409494426803009
569513965177218995
171917425866308849
555195849180646375
1147334729079489267
879338140516198687
805403103561041901
931426328944115699
174877434716886789
583947227206933615
355055322576265265
1080863946065752717
512972069324178299
229826703843064331
915140386704277411
450692407932925535
749469444962387597
685828207173418387
522205892444617365
1076005323859363747
674650815666901757
732233195325260091
111104165136606285
431545329979993257
1054509259083543983
145817810902685123
464075714544040527
357562437682285223
593366297530479693
141892161925613547
324197514442755409
204565664959286291
200324067319257645
281523382684639819
839120337536328597
32922478820778465
382702019200478377
687922501156397933
1089460034838139745
128977817605718891
188190128794739331
632147475418503089
378771752155702191
1025185928158889211
536870552436741635
298653680245281563
672662586631481285
100481002684852211
704027756208116507
1017525572336540701
543671124093640895
968170045092824895
548119339949631679
1130306829651576977
912810900302061447
242460273315647585
886096563324431737
737089128562398177
147676458057278741
675752723343846499
211499121830695219
945230228155227079
100162731851494007
600192094865124773
842462783171382513
210489137150492037
46884376159911555
209481286249589309
487064760654799909
132910386315023977
369259568601316823
350341095018068109
488983587508964799
460408624164614323
656066508413141319
270470399961646757
362955693286249897
218823548096192703
235129114257610337
641769710782212319
181410738692786341
621885649107506721
161796146616351233
487880048361619585
184690628861362727
131829123979719937
254640231276182679
754052987031655571
363563913292626755
729759743335122021
414198217937169223
678391098177358435
724440071539991391
692565643319126217
739147116504297853
981986759367907649
474857242051278871
678820693633465443
584281894122191409
1014065096536334257
654178383629555621
593116912066207137
141505838255236345
924609559144697841
47692187064935869
140070746159229603
897078474785803351
78570890819779261
790205394026582381
1127424831053624545
329487743287140117
1034814279721168601
512836933334385841
441306364593677165
1075093878890015013
542167296158731341
587677063729490025
1044931206251524619
983731901848034487
208204149485904377
918804530460532233
71645060737086743
341415440133905501
1063919787403217179
1135818621995391375
488179887947472661
611024755009313825
936430585087580011
689094268533740981
387795433694799737
347736096652290075
1089083771734228531
190198898186793779
653825205774075617
1069167547626342141
183684433184074367
1006146113670157367
780690208536178967
67319410418785883
467417091579874913
794966957622665843
1045376350115788099
918180340286218557
967454314132714267
792594455847970409
597204071513133145
620981140206386381
1085218265974720409
535775474519522901
33891123394509023
46887838655113981
603624818605618001
421533370576796597
960565353328863781
6634732526526097
566421347221789923
433873998714744707
663984410260475313
368091271770348205
913870111808125253
1067757692231380671
909074814019926697
700988186673335083
794283363388512039
1037773401117343737
749903546323021511
918412696309867193
912334289796711327
793078655972982155
837247811590491031
72918664491045015
1063967290709745811
675692195570800355
1052380295071194115
1103487096775181249
437162596030985563
102445978447824693
479642799755845873
798177913729128263
941977191101954071
897245604194836723
1108938267193861087
858572254645979343
133929366815498349
664073369282635835
747955255480439741
930992740829373419
582884855237309889
61127638001967039
649579819053709213
437379498952214907
1005132771159231931
925945841934948981
1063031773328765653
1011213827046635559
772602463913102993
423516194553643367
836061906364182817
1034334704586714453
610686813127484841
480701842363112057
721949971324282909
539704301433300517
163028357252330039
950901085306247469
218405128359627273
598888470478928957
195655259934067117
945069333225292011
41267782238555987
3574489770843013
883126838601769165
959795106258583283
189778949246007413
1047857316302050225
810263049952730665
466189031167650209
940303891775913107
844340291601128881
92989584236255771
257294618811282097
906589148076419737
889704962620396435
912031212010482207
270999325518794295
397539470378886573
244754654521685995
776370477648378037
383774734874686047
116674200490587899
819398456544469713
891691052237335093
1081894202856492783
150000308831876405
517553103451894315
829317730082098651
869976861740302825
1148056799527244369
274147089629001443
287937939414631005
684884516492976673
733722111393096083
260202401768998723
517124548882072773
186766756353309399
1066365368930977839
254343794041467869
116103390165415323
883213620181012335
10281616332700279
832624883325560309
131093770333892599
270698121516631509
222886954571033569
1020234266288967479
264131506230558145
191111617257731645
1095424218543867459
1116511755135531637
253587099326928027
353253333664075789
548983466126768843
809607069701570209
777086364251221271
508310208746484207
395476828731703089
63838360790989221
504475795929789525
471438729270967607
994423148917974881
533324316243120927
469353084705395461
976820291297190949
414814971775153447
650183623149271673
463231072029880569
775567622533918325
67838322855036599
283641418026420099
547411350944805407
824561996853415143
786855690747234603
73674045543791491
131794151230256539
820988112183348157
67004878166950425
518946297351046191
464444837072051761
271300475497937873
1060116324337073787
351301482547690709
1088105127579805657
262637491729790875
115811510255831349
58486196345341455
232288222637499797
152405125322553639
900644889535208683
203783744429947247
513614545831661197
1142336758520710143
277134347047660283
452282538170139645
933678800937680443
114487565665949187
598001969240022649
88403891153653609
484436472420474679
152830243830923027
338826762241622427
836043870687679429
84524055291355725
310079863752826859
664564814406812521
655884866930521715
932968560705073107
306195281293775967
1002288488886398425
228469341241724009
281907308137651803
754439895345837397
322376081407569659
94635978973263445
686728787729736151
596614876457656573
166453949914423307
647577782688213499
571450237781657019
841818138747478501
893695789535852641
439448912325472851
816542177170109859
744482503315766625
895661048590880135
304558398870985017
842465674883995147
936326882433860281
538761913651522819
1058064880163347233
197412202587941553
216725258107209579
940865700087226705
1070537161443586489
84836028035986019
417024001042898885
1116799607208253219
327867083061541675
1102881062221766571
1031851661525422333
121103890713416175
810358425102035669
1011710408941214949
182284124218689191
59799876145201329
29824162086095551
260125535304944989
88686643152125723
732084228619990375
735632612502951041
557619818825266571
907474453960996727
472593784656110827
434964259897081987
542388845038794423
114945472502895381
262544577175896439
342033035803382985
677277652056054497
75607590121969673
87058636205390591
1141273214888324489
55672657006154691
407021928008972509
1090515283949267651
371311358300904753
314043096515067555
868804665582747145
768541691266627179
369404082226459005
1132375770473748093
209633018767352039
954856925224517049
427585741692167335
102674017200372689
218244457772272819
11461931619967461
613036907150738465
756096544497209805
323561930477748923
987342251906782943
779235738613356791
1021508208869035233
814802027148162385
70318106268679211
1152406837088891899
858677344060016259
471740304687769227
485730740090067845
268037718873601853
164077560346239913
659026753012001323
606224227692028537
568110132673746811
64279577043232209
1003456113314483383
201250615536158675
36283458982210403
174807966818722117
565242651403983877
630760641003781943
900836991544667941
227199889365449313
636127199965495393
674206144934786801
59565791504993901
434773808114526415
132689868530139411
1132437469351460113
831597465218265789
1057562042407639503
647553048010819163
733903184993531335
1109281819057929477
376554440503608135
311829027057508011
709420172471699717
882409233623715953
55222439824282377
110687700533692421
657430071481381215
1010270002413937923
600835755692003811
74360403583980067
604327256547207531
884570467712570823
224811392401252847
613988519835346989
1143103793248122161
776814264005359625
1007277793935850381
856411487617655295
258172290799553181
127076415482778737
309231436504918767
406603717577831139
142642155441070413
205549886017062583
718068374427948489
821581629038685673
786448525172032275
252875284930243545
375743904501585715
1021666570126642111
743866957433175917
131620676240537025
832804195360506209
642631779009149577
248039816859735819
755195381510243771
1014618664270725893
894353725956730267
39102968956608801
330535520101055489
45175701044456629
381086421684449705
304436521683152209
809708627986202463
873052291923612525
16464886260758563
788874232318252657
898536417005214095
219234646939027587
684529800329769413
680843248268331779
554043361871869691
263709138516191221
182503151985867897
1102978696713343031
132193836146441981
1099924963312724633
811010656719529081
758545701757595975
826922678526856883
437325903421996311
1033631270015414285
1030694741107917009
1124222445448083211
526835602793854933
1000874003008425077
31821179021884763
1093838667256067379
419109959209064965
1068115893390071271
65352083680238353
507616112196591613
697032455919307773
235485542265792263
1125557005399403485
117759774717053285
117785123028162939
613992440786963127
668535414847968873
894663090410896301
91785625114410127
703171546516456053
1147622684260651633
941041032302692215
1112455888821696219
636452240306386643
984424018245693787
797584056438134281
347141212458424917
775485722034134895
105165309080825867
21695089440456537
1053617176439182353
703799784099646947
628766247101882619
1004104646116262869
759134643649095499
289613766242708757
88659552400466457
1089627226003914879
986206469079680177
160977226352480423
639674262576267061
1126099747207442831
2152339754256089
357741185386040979
609788115684685839
217745427133864713
212133443232220467
612005272474535893
928405859201371609
809550571019061839
1018972584462513269
659187756480829211
819360922808159299
885713130844775377
515996070858563337
1136941629278089623
372686894890681945
1047733795199796863
634232902795967831
48904320614077953
220795603197837439
708928329078629467
528788004173748081
497480654029935133
497917880934277579
201864511996342091
675120386789623801
708178934348672659
954367476476929979
156893574737783669
55727463488140923
136178006476286899
1019696496604137551
252714532128136113
533134107314677811
8171038377281831
657624921474959299
808570106439801169
12348567370955293
359484129277191059
690917025451125085
326115188492043661
876794507677335883
645275752030330679
779218115390774733
400305770014974043
922142269564566359
373957897602538207
40422545561181437
144506323269858505
764619892875967983
621344968854437605
863274176197822287
694813038473555909
254390331730596299
759760679216394845
263725582940450089
77355852662257381
142210800575520113
909566463769306461
940201040301353985
348295853787147399
258807111219098617
827194292997735497
881186188922033757
807693486176019061
185856957541904061
140675635206895621
914680890892386899
1077756246383999347
233735738958598935
324387633340739173
183932977450807503
642527628328246663
92063387678893799
767998888590530215
83074379990911537
415859562740619757
368834665671856379
279534100627557067
962506126197167493
85601132573564835
455642756338653897
811328593111928513
69795975272828749
236403161310949007
244142184649990761
108586291975269705
220583897674839223
792656922540491085
1088164539691967297
1078843094806147087
695834645634437613
911099620112777281
328030660286292883
229973426039895653
540667916273463731
1108856318030960273
106568513367885289
640170329905352367
904978058999940953
920471902856382395
772666557236832781
449094541981281329
825478909401640543
325460945731182667
172499903654573101
286095472973302071
696451944368363591
1053615661571718503
255554755472680693
455646160191737099
1062326226692679961
1072904538386546225
473086133268098295
540272665722941601
215693936999002605
1104398746953913179
412076638733647983
233019125438415667
888698210669131427
1151550435445510765
548791079842190125
391384209014827689
900449768391481669
1078697628956949869
575449297141491043
356474990173123613
1038342933591006569
725143432378884503
168147496100007913
132703641543713087
969557900288163641
170594045764016647
410811981067432265
118796128977937765
959213470081175183
729755405725318837
925606820030422291
123005683686852489
581697688049036135
1063202785299620845
164535516623102307
1127471422092731643
914592850088526179
363672900775117181
879851698578053889
657763224943912735
550476843814253373
1065641752160297665
478099947506999143
277268923538087697
556302217798744003
139182546755358093
929015964076625911
346885712410570599
737220893355039525
556200801416599127
250378306532289573
727772090461035243
71353562435720173
331456746707772341
1114898159069411415
1143742410347705267
910750682149337
162724079934701337
218003153534504955
969731399204004683
655852675443033399
343575987510194627
172104003513634107
706951989872062259
56691393495018173
71543270644537213
1029611872758552425
554768637106905859
565722610437528905
955115580321047489
964020999161556231
634728051544754881
560214562285005243
629285960520092973
1924212913948473
273167101880952975
251309644312889367
977093674147181867
328645028960328929
35634190042100349
617769430427225043
152462287538584933
238576536391309887
579227907917407755
546638116178219097
881523656074449071
82834216534425275
942926737125814343
25717404186990639
1142178600708545953
823870543386282565
878069236345736657
813785741605417145
321180340080979315
921892355874121197
341405739503823409
366683096516132195
1092705516282975799
181062063079988419
838322694438337921
122244080197494951
1008288784287707497
680397489313677139
485397958642463345
102083988060353719
445575904496088431
923688849688332533
1091156530629562643
202857327848548825
1110636612500848207
84353558407072437
357275142418587879
629900103296144855
973884359802454419
591055969493838211
581333438893856991
200470379329422945
444423570907980075
223344725235181033
814952670814277271
364221774505867793
524177964086101969
856051518671569609
840433685298212973
215592089112105635
176590294207704061
422721717526796139
11263383802393283
896430328848805181
1111760637585913985
689544094751444783
132922906896514941
81706236386105967
208461734217090417
78153200347295183
716576296004203903
673278253557711423
1002210202501326231
20071540131512829
337489249147316223
1040722862345804245
1019623346967608821
298540225995048577
214091025008683039
108427505660359865
392219973333319339
153564137825600161
268451930157300067
559742285409502325
138402989354340925
902606688790904491
996953507746573905
739245076436439805
169228349511778699
508401999261540181
152326894570898643
1121713631415510457
119586309535554189
361405897979698425
266578191069041907
285059047589315553
299439427411125413
745729635901778565
283590140293370029
971360929782941825
678919622684179685
633855028758628635
1080347097761249201
143468014001479087
442377401127567725
355727443898728345
962747191310610835
1105886029931679901
769277204243213085
555351774169096831
301913068077201429
513548446806362235
134882613421192109
854882734396202581
804098818247501311
275402691185843731
288981778380081173
317734604199496971
1065873818350879213
514536613109948447
707487559842832253
251348183343920993
404893401598029285
434856796471867085
1004215352497792365
305337242934305779
859778903311847807
335410880558013651
687841354386617097
653527660021283033
758829037075825325
836379470381519559
596587546970922759
226482976239768953
631314374766817123
494793744431257517
1127439498708948109
828991313637103529
87166249330464117
1117982159034618715
1014652967070708559
41800710326760095
914930489831905179
252230788517713665
804742303723817223
838214926271826377
800812486508588745
122165793779771833
551468595601961827
99692660578474607
1148597539402466591
382896795890084859
171089031883348419
853497325017334983
301956136701177789
126636678589036447
107644374932650289
142213588278822909
865779875597512169
1053705672227744227
892192962056391997
327797818627697335
66271298185052893
158158112388595631
520466142771359477
336413320390752953
931582133555066363
689234947418062593
386408050539220803
802912230574864805
205392964158255065
769546490559918937
688406310251095695
593179153427190975
381047220558890351
889207750945643587
538770115395622615
627846594736364291
768338766498730551
1068811066315600025
832391380743386417
580083554147262639
1127243095634608177
27562845504531721
811317936228179131
65848136276784257
1041769433442807265
401577343293497473
271041271431897381
924191351435239461
782210091516303647
519864060164966065
434302762568605105
814543213729202981
47129736564761193
1072452868617587299
202348536971166857
289943266772056643
727353171214327825
755033269376146393
737647487026564577
870865054850353651
1152355141666196503
705942397479601893
761659717503330421
745643777431265955
890161390913400567
1015429782951488823
930091632423520489
675080711804867519
313883508289730239
45953374348273851
712585130697617103
196391082187194921
1045499139187906027
533913695060259533
222779163642818713
258624684332839247
408842450131663031
277511718296484287
654613279612864595
286930962900727019
488560929008709083
891934249133626887
615838998204706049
456532717932028705
719158011891389183
406810770419076123
826709218891380757
333332840461553429
664495997291738463
218151533314983461
664108557598470549
529566738712105193
720979261474551779
442383653293310753
660955588538634197
640835883334457719
165587772189459157
959995131878022533
1050855594089291393
756129398687827967
232453839270733227
737591949834290081
958239618201863199
293570511394808431
1123165428375015859
168220626584599271
365420650822248029
649631725643661215
963327115698342223
590692315579550083
274274544516720477
617411180351417289
87113145048173439
81650419809871939
530668054495669779
629856429835885807
848817568383718425
884457267831731679
43057312916900857
175390097475960797
909610896039396461
683501022761422805
836264810982118317
130039845115582559
12633196889010121
67949555631339729
199255166958775231
1146118280176363283
946416068618358627
306703571587825967
242136307077994313
531905127569351993
1078455803890291997
26914941748320759
640389532811765495
262821294535914369
1006237960700404473
1028056460290484475
367847763851764995
894949594962557587
28400199360251199
573346158492087699
777498379655936251
755139317791882861
1072577137315348745
393651995710564431
333444841586182417
618473553655171013
898795759807467247
223801861818944069
46122472090272577
723224492511179309
397245860171905657
181785493394359109
568730511974909981
1082009184671630917
764429872492675583
87785769837999741
887042517868333525
937581619669300323
975506229747082441
615861163211816449
1015996715259579307
654241080380285775
1066174846551846353
489252076578949779
289277601383615547
580282601554937345
125188076423056727
479613524691479387
806722621262868811
88402683963728697
988826657944258497
722880072178472721
492836924103278581
166260683676190951
843247395743852029
28411435949340509
66817080986293927
117892856206716323
798978639503453793
916849010298424927
776646489860142069
802402738211315789
799087457444330347
477984027686678191
702887016270477457
782763844129970631
419517544884404403
828699032042471065
544577455979238273
556246574613783587
304187954638133781
217898627297201459
11235474399201955
373299702576311377
999213175462414739
897024077219747885
658444154689837691
35565782402683001
653713497877742153
184327026189987915
890335744393026557
1008434959306080383
934000692895071327
1040173829511094623
903309576536329323
875145191055940865
683502971198301155
425879777382131129
881612422929893455
886564854433231553
633822439804390971
166601889147797555
962470640976597137
199019270041783359
953179492683738733
233587344690195431
1025650800936999519
948444645985858633
587517940838093613
212391806700083729
539368319122365379
239487119327971615
902562387614566359
143849355255619583
69831881459220687
1005492763923297051
263499844784194635
502529579156452717
352247457203376731
852136373255053501
466378968256322279
472927151110835885
565099094088212253
557176153911872577
482061495102672093
470075012744621817
242329435019677915
140722493216822435
242472053639352987
763018498775930085
318422046073962757
134013688930201903
1004027504423967175
865757767723005999
1028280601191291033
638818698507842103
1098224553700439553
645615771560894567
475555044388405985
308005929495235975
1118896898813846729
983451757093105419
471833740510011397
333018105380567273
401211942491760771
121738819583080137
885683962447834863
646138401471495267
767232483003534217
22031333134905811
187907162891475047
26749437488262035
11804871103333993
107506364327884443
651744821694157385
478493791874568261
1100745324890255455
468498168286888689
969952108045869983
532986842489881867
35241518913552871
686771904675767605
950991480242329809
699542854822537657
641751946296212015
249864108576296457
752396913112104981
807266128249669195
900161978960686685
518310679688448749
1146137603188304545
76596603355526739
295002444445812991
142935647231395381
766385885410249929
1062152846267588961
366700025517507257
1024800879930976435
662148904232464373
921408722659354113
440753267234954465
450045553817119375
955040572823102767
304586405768908373
695242325159783725
163294876870045369
533669707616517653
999849703757329819
24843357378435247
1046639108337055913
550854116751300355
982463452701451983
209370179035262265
177933937050984349
758242110351636285
826838263064399479
552046003568857955
714981141544012699
1018294325271835275
245733391354289749
133965741701314437
1124733598140200771
610910083527506367
152239816806710559
723873180245233513
189453744856909071
1089566875268342851
748510294648908249
211032814074034147
805278083490596677
38589904966633969
818336330362682095
573565601209808019
606820968253721771
643852399080649991
958992833013439441
42334156577765347
246128781501462145
1145277030469994979
452722931006373921
570760539195001921
799926685102724781
358290318557781885
1019217321397652761
269488290687116849
715805098871021147
644492118802667819
902568875056412169
545191209787985163
999620932778835467
161888544824282379
709262550116811597
160630255633494739
210845846643363061
29746421581827859
67985952055170769
265129693731403189
4643889631308809
1103473891189689231
719890699792322807
187724468478611993
504502700361256899
217896992498123347
231649152724839013
450100070618716485
874040341704846799
472867281033725691
836895668229232531
1106197451445927007
32266849198575363
54160419406808445
367047569759332955
36786248313997711
350145353908647473
321777639456153693
844764953862181637
1078701433405606411
1122693119722668765
617114717165483829
503699189528612283
34906133169728571
502611718412211057
104452908006669957
302064685368099387
649031462724375385
1026683073038146291
223053910808026747
862965224965031085
330470285060623025
758538533643789221
175085921209093801
998288933099772261
1151934943942874069
184357532663565669
582339160541027111
384838521363087853
710991765261852229
273210529538947619
785561744715864551
537376496476587565
827967275792377053
813573981338802227
16895477548666223
106795539106221719
330533054486339733
1029953940888069529
345099374489749503
686932998865378931
421968814351933223
425644291332807531
348265224983547343
310562143374476899
728240513085065355
832184047836326883
1003443491828120113
936923493603526837
453231821309958775
730978977439052741
252925968451191601
817241351201877875
1135771161180211165
754438495186080301
948055480436421295
989068346707047933
931857456233307033
19780965412210757
981748756262991845
959178588411080337
211851259495814759
512954456923198743
632909407537544087
180816498992779309
1128848497745481039
165043661816791221
882326476156669665
584244921928032257
898863982124986627
929718931283248833
52719741180135297
38343584150052589
328318881862781443
93435689121076093
685585950682002419
22756503802556849
719550427375604245
979782341967182427
521886087374207265
774534136296361295
496198050247745527
362125070635084579
527098990719190949
194167234597984017
821246801722102615
1002478300758973951
682233166527557179
304497195339583805
96737963912234579
349659622073379731
697095994036586577
690109527145409671
385657297526434453
537967002072232721
200632730574366477
1104366475070756481
943453920152108713
605507921792701939
297591025597203741
731656458776734639
270687671584109101
305753891004594129
432936721784880007
999469213783546291
752709756627748123
1030113163409353839
887052959711251925
1047009510161735073
788261604725809317
259171300955788305
332034188773636487
1018800217666856355
998740910744704621
460535100489264097
316753776281170057
1103209597956051877
303513710885587721
667320012368005497
193918265586432893
217003010276760443
77170266842732999
113795417929469813
513276164028528955
280369128912166061
404667151587000015
194014901029730661
413069110274195819
624782306605616459
845733248430217989
318246893196095705
580887740378823695
791429266596604701
517031488496333591
1124984936840691379
622918403468591595
445407171226940993
215070784574710075
886694521371790751
853322407421677983
1013600466851075947
994910513737825499
1073993830984750989
211095444645500341
389752894452495665
666904886848399131
293969581664818515
793462907216011545
1058805445081551335
537841941680509875
467976892706484019
1133739112464231909
418224321334930157
261103966168618861
223720260464536067
295958962345563967
167744354087842669
824939264557053183
463454504451859851
601816341295803977
711387017237518639
996908184158004539
514997057218839607
675067501607074587
57118537864910923
473001001498709463
447580585892560141
1050593512148591645
903283419403482015
701664026231043731
343764545666103421
695875523151912999
236658458557254451
1074119613629489747
973444538292312821
727470174519033705
387654064125650981
312312914140907939
761417380456091059
561678766109067821
1073654216979735223
317295704736380417
1090733355131234463
309071417824918401
459258351837764955
275641289192723597
691333229280143183
954634383562173483
649288851728353973
1148397366774975595
1090431436791271173
373731537922414469
769499533643837865
420768108957116951
41643644289242339
642930122279636355
713985374907194643
976312756268422885
568968772633354167
1101168844190025699
392936137645462731
1069651030226895133
732209264139432269
1098452477254143
980830002183742935
1067942419844655317
765948513920033951
250844806077556605
442352808236238889
1119730006992828705
210885782637252127
340859382496847761
1152535535755773409
1100466352568548723
67576210021588049
675246669272212793
217248209295056299
167030372985543567
1116398865381234733
740683633736599555
689345795019519831
943633027833567001
876709214343202419
724094745745079017
690022044654185529
1019294443044638435
293638957487626553
22544530800823809
435368566468066255
33713845992566225
710905375848585539
97226966022234067
1077676172972272409
298162366671261569
653556223245659213
817395747218457991
1048122658040587639
1002452293297143647
513835320871402219
275768747790098077
177713873171459249
1139096167878353681
47511750101029801
1015189639923116521
645211786161431093
629787547654386363
662637497695934433
693316819908423487
672932769887201895
983544027555481997
1040609814216345515
413458196205123081
1039957580807047477
629703860517174653
481204648471618347
919247493593290855
554885862640204379
510688247441513911
9603041244770717
457229604083682729
16671905135780899
287369050639065711
769813587505543293
850686778956935973
49549242666791217
76622784365521029
31163120160229005
797199033386260779
71745544944587371
812642843093936977
485862869428919555
828855549502175571
422100163297775853
1043274726565339
954203899693227951
834434659948301001
127744749088799967
54472027784620731
1087556727509721379
632856852412591763
791994118074586525
164195781095696849
881592308588863921
381366951306362175
1037287777989166785
1095863030866591589
960225080178979201
1063660297924884105
857407824182608729
694613963719392401
1075960632205496711
202585151295057179
849377694622065573
277654905964211667
291709593611010597
778817232293054527
992698095503028249
537326357783438299
1127039381188914045
295349003340471991
51000933599801825
124378228857613453
650554301115085661
573465128379369033
1026383621078393827
1090985342683614853
614775943407087987
881278994185608489
915229807173820847
102595462393111825
974594229327890329
382342783561166995
363249378799091901
945135209826113537
1082604952305206553
605219928607293649
377589261589557745
911734227806568583
1084986664721433987
1118370422442222099
801014570117118713
449306464835672629
372892736189551509
145566347879069941
835305152774453375
1075867027200997743
329717512638056221
60095400402858059
200941188381426905
430229845992018483
176891896532000717
236969832302300113
90749125540250621
496527926335758141
198890595896510227
396202424999392977
243808809296218621
573046836848784287
297766423082524483
295214003835732359
232892380122531769
763393910820976283
152362679647394741
1134822510467000635
44145155675325871
653842840852429279
346909091410633281
252066308150111829
149336624367530797
170432463643974755
855526608973370605
283368002480125327
1059974674324532095
1004457511624892253
390908499626346553
63326607149228747
645003731822560097
69489167249434253
132486139276508479
343235725244271001
615367529801079305
740600219381530091
756570052556692407
1094893551086862611
1088383030255175921
280592109473859609
493602088113255053
793134171532455823
1000206933266564217
754826923280746231
787526258328713841
1095602196133657519
481544899894137093
96952696152749529
281192659053732485
767075731089408661
668904923822398991
251905703728853871
1072101553254102679
179686705021886271
36290494059295345
686139621293484639
316266980088831739
17637348556583703
947696615350579319
1034271585943644343
657456450365517713
491780124126363231
399506902895767455
191480194668229869
660307603880931739
135587847621778985
1004019681090684261
845431760379510251
759884489481648241
670908454908938463
1024726561010022949
774590149183811765
373784075483634473
750829568840896715
498779940580024107
979883313761103375
140644433354002783
74690692058826455
739594777133593397
283904116643209763
668589459035514091
816335163786889373
807493420542204959
176107948056177099
509683161078456311
557471889582349393
221953692887925921
357274941771660783
215798486011221291
835008232459631455
457741268376210487
304268392222895523
758705529221244535
1023323868541618091
109565205696439409
296739958526692721
998800219060588571
237560161815432703
595929869315414317
812943592743951487
51464830782105433
37947930191102197
810204326583024049
121980539425241837
373548141194341371
966341312567515357
1002858968450547925
1098781886088377257
229725207533803949
8251405603523821
904225376015753569
871212966722008899
783600214112133695
308190606144285743
318290084311427501
972016042545501685
930948801318891847
682238762403098725
456041860351639353
1006420259701945461
226003706256033999
790043254953256147
921596588332405559
165904753269530151
712086455689462065
18971535685715757
612599561065531157
784090264735740077
263011467778357519
20133738104315619
459195461833885967
304528211540092525
717310921579892325
587719301944434253
726510852509396685
87250645511351261
415478526418863643
416349674511736715
51578471927094923
142176661940138535
306500656366987933
1027216665252831251
1119332457878662895
269951411605312121
414074153771764037
98361081423059615
1057175923539210523
380557509703285205
707470167173769443
848207728578465205
935181194078561057
683158392784783417
174314454894423389
807047298661975361
588866428228123693
818324673397726839
1109317901023048173
557310091110167481
810089694826652597
661821552483316929
632441421356893387
423838499507896545
450705512381307537
585800488966369765
193774904764585163
180380988753951193
1070299784597370449
932251282635316761
1037580922374817645
1116470156356620099
125352629419216091
271256126181712997
733158678691668907
904762764531995669
1045213072542801649
104487113673777511
691137784963430879
895901504709334041
249247314435504263
957254142614493837
1130077007478955655
954279668127199145
696580764232538077
414685339902693845
585880565872081153
993313905639468307
724647812249452347
417401753200911231
1095545310746161809
970985716366343761
809975468108823873
154535275542329073
181837497968747711
236708328887559641
1047746136622435153
1038677209843761917
440069505587126523
909423300746744857
306796808775397421
952401636665687457
1096191962005342485
370547183269927067
208732816811656753
482159876847692579
549331918566238501
403336986980268507
983453326384371277
943115673282126821
475416534215724953
842334602860929421
636595862280927733
159859661477283883
665079646293783213
783951209689491921
994239156225882587
425138069152568155
1034662039206305017
569658205936789821
344871119761592219
400439606846663601
986551482919967109
1015916038570329605
701406714668644315
1011844931718637991
199273177477101403
362454992427853283
530141025655001153
513218450970392445
1141024827703942611
1031980844750139803
904955177422366167
398118139666336361
384363994832917311
673353366144921901
626081123202838157
947479677928035383
637128832813452549
245016700677865409
579320698912801965
302887696195306795
254143367999823997
624324124638454493
264411411943328183
734234792944718463
809828590094630141
500257469455022163
546208692222732503
1050142878809478819
761076015868791853
905965613056595227
149743703628667017
460367008117228805
97867043078446535
754668543827749817
339260178369700453
146658114936523507
346567475185183895
970460023925486691
93515462132930035
529315253202611725
257136992875229833
912401406910922247
490057422895609431
494487117843071717
1000490563449058761
383610889424487207
725430756288411497
633500046916193819
1013484085639434265
866154896460927613
623051082733071623
365647337627493387
199660925285999255
17571655855861665
957903819292308597
693750308688894849
883314674198261379
923732453321893299
1125031409716112439
1093108966392372813
155270728677860035
206701280691683885
1134548770831341907
161252551591294861
926598096024944803
594156776990471283
844503081158208301
798575020778622321
639164544635790365
252492290124506581
245020314671839457
804688671813350437
1115646267725408493
91349765790284751
961917692902925099
720433665982304195
833006393939677231
1029612601050277623
910920013219421733
1071862034786101167
563213611159735399
280463711378893123
291117270083041287
1096631844489580759
651806141711175775
477178100055300315
47144816450261815
177494550739840525
348343521812567727
1044819240509950151
920043720474571309
1077549913372400797
298224766578706831
490690504862963435
727385936736858349
810696384799275661
590049183833741879
737373853807170111
438638131425826633
23542740098424907
289362534242586607
901716755901641231
186918563614300749
353431261058125751
852513098259079471
274309361095036311
1008062331032518231
711974101862974103
242834161984685241
56311256519564855
57553004128262051
566320583155346371
989793416188106281
127959197808810535
508854712059572793
246323077154175937
957984538933526755
829370253649685385
97738016037080385
913093425902936327
994112862492860505
867023605965811745
33349165111203833
1130646743172767213
59236406099945553
220801283377882505
1067952144909027849
1016607731417778343
772675686245394735
1124664760989845817
766696850628725833
1035732950041350633
943326496577767435
775441908515680835
724212437958189385
385395111217997869
800240414314215389
519537510676905367
1063743008244618011
130486437748639243
363655305466303309
938135914005439419
1143330799053472141
189456344179544691
753923877517072489
66954006009979907
811388031265713321
622431589159907357
690192885472418877
393310865952832649
329257421069769271
879992421415403855
1118106917359286553
1142776037146268345
334801843240335567
587286478420763339
294296317603134309
462987599426789999
462784801974207925
197093931897687915
130023093571827519
513922221524608985
954337670997019755
741302288463154801
548313124417848993
874377879201671391
385360767264182675
601738362881190631
1075032680086637453
930742777349300383
58072526306744825
939828117668314921
471093782546230429
1025924377195817931
581453520323337807
227016075772054529
992246722434775101
387627914398270589
215774736151739745
335303137686201287
561
1105
1729