1000 800
839 721
4 839
549 4
446 549
335 446
734 335
257 734
205 257
914 205
793 914
23 793
493 23
460 493
351 460
981 351
603 981
181 603
823 181
448 823
234 448
158 234
938 158
798 938
327 798
705 327
772 705
201 772
830 201
528 830
999 528
668 999
725 668
172 725
559 172
682 559
875 682
224 875
633 224
9 633
915 9
845 915
988 845
856 988
425 856
677 425
917 677
974 917
22 974
509 22
7 509
463 7
539 463
207 539
877 207
318 877
84 318
650 84
897 650
526 897
10 526
112 10
70 112
213 70
118 213
658 118
169 658
306 169
337 306
457 337
840 457
122 840
510 122
427 510
255 427
908 255
361 908
338 361
348 338
58 348
826 58
466 826
517 466
537 517
754 537
838 754
223 838
38 223
593 38
428 593
904 428
484 904
239 484
379 239
375 379
236 375
130 236
11 130
270 11
659 270
75 659
934 75
449 934
48 449
983 48
515 983
356 515
842 356
320 842
200 320
809 200
520 809
328 520
987 328
685 987
644 685
423 644
707 423
439 707
46 439
136 46
192 136
452 192
206 452
310 206
144 310
718 144
301 718
552 301
248 552
970 248
168 970
519 168
170 519
251 170
899 251
490 899
870 490
403 870
544 403
869 544
1 869
631 1
795 631
431 795
19 431
913 19
550 913
680 550
790 680
627 790
858 627
621 858
163 621
155 163
854 155
850 854
127 850
302 127
49 302
336 49
587 336
673 587
700 673
210 700
989 210
889 989
265 889
190 265
956 190
817 956
649 817
787 649
442 787
114 442
613 114
799 613
819 799
187 819
115 187
434 115
939 434
971 939
472 971
138 472
657 138
967 657
741 967
381 741
744 381
958 744
435 958
645 435
883 645
228 883
252 228
678 252
960 678
672 960
602 672
189 602
548 189
994 548
325 994
287 325
273 287
619 273
53 619
746 53
462 746
279 462
290 279
885 290
410 885
394 410
105 394
275 105
164 275
418 164
919 418
895 919
249 895
880 249
818 880
374 818
570 374
230 570
780 230
5 780
581 5
220 581
504 220
762 504
898 762
535 898
204 535
15 204
949 15
296 949
940 296
674 940
796 674
681 796
894 681
597 894
561 597
56 561
976 56
217 976
363 217
878 363
841 878
468 841
471 468
80 471
778 80
866 778
979 866
416 979
998 416
630 998
440 630
925 440
562 925
99 562
964 99
748 964
143 748
21 143
751 21
456 751
271 456
60 271
692 60
93 692
72 93
594 72
343 594
304 343
545 304
773 545
308 773
804 308
514 804
536 514
262 536
961 262
789 961
104 789
272 104
29 272
803 29
299 803
735 299
211 735
345 211
83 345
689 83
331 689
905 331
479 905
592 479
696 592
280 696
153 280
929 153
568 929
547 568
303 547
585 303
847 585
350 847
307 350
901 307
369 901
391 369
853 391
743 853
443 743
521 443
322 521
432 322
816 432
393 816
483 393
334 483
69 334
607 69
229 607
380 229
757 380
921 757
888 921
355 888
91 383
243 218
101 253
78 721
351 289
305 310
596 201
313 830
436 849
377 898
319 21
406 396
582 464
454 936
156 200
243 33
174 96
167 88
147 565
159 529
41 585
418 852
752 509
352 334
204 245
570 984
773 288
762 349
952 814
279 997
583 536
420 747
396 55
661 983
519 43
747 231
234 811
590 832
780 652
135 353
243 916
74 19
213 30
108 431
993 730
879 157
366 548
758 360
985 503
957 403
617 168
708 531
467 647
723 181
724 596
63 198
724 501
261 112
132 665
977 906
728 553
92 330
120 420
654 623
54 6
625 605
694 586
531 252
601 190
130 256
529 444
748 65
3 586
422 900
699 292
450 154
439 254
573 801
591 10
513 821
232 790
729 931
649 482
324 952
327 623
637 764
772 311
670 567
604 480
838 128
503 104
832 612
244 669
602 276
462 453
599 330
226 935
641 963
910 806
923 249
207 844
827 815
948 433
767 897
492 152
166 179
718 8
336 342
339 238
547 837
60 764
2 629
658 16
909 196
633 815
232 945
203 849
422 758
210 295
543 23
742 741
357 223
722 915
212 967
512 981
891 546
665 157
569 828
805 731
198 112
321 506
628 985
555 585
97 831
881 252
176 361
29 605
300 381
461 699
485 651
152 947
249 274
553 186
607 13
867 785
386 477
273 975
872 60
73 440
764 219
277 995
572 116
608 833
89 518
185 956
966 190
643 356
511 380
584 50
486 316
332 648
834 408
351 292
577 777
7 946
984 81
68 955
781 492
972 662
363 797
605 131
732 270
579 418
359 733
242 368
518 394
991 533
148 490
858 586
402 726
216 652
173 103
102 954
770 263
232 834
14 971
272 109
610 292
899 421
95 716
476 234
573 248
910 329
414 934
96 628
680 294
798 620
644 831
825 820
291 334
16 459
653 496
93 188
733 141
698 257
102 890
227 146
644 178
170 769
945 341
829 819
714 761
329 420
179 611
483 534
742 250
358 933
824 962
554 243
642 473
857 934
278 946
165 467
625 873
948 379
514 686
721 362
438 618
65 879
51 690
729 497
865 134
33 340
737 385
99 102
299 860
895 195
728 461
135 824
807 56
775 946
419 504
846 173
643 604
119 628
163 100
683 218
33 207
905 557
386 156
974 92
411 52
635 848
541 358
902 644
562 820
489 853
500 464
314 434
31 360
331 634
139 833
695 110
235 394
31 204
316 884
916 45
470 733
860 729
300 406
437 978
231 583
216 266
524 226
763 519
47 312
835 752
505 987
508 368
444 951
916 569
845 57
117 890
128 286
567 168
165 393
730 18
393 2
650 717
498 47
362 641
588 318
426 256
162 591
620 82
936 465
58 612
407 59
98 452
101 45
893 65
205 675
762 759
982 561
399 361
420 523
323 107
43 485
972 779
495 887
344 962
842 436
491 658
226 384
252 684
907 884
214 648
546 594
487 646
591 646
971 906
287 565
757 481
221 470
343 730
797 388
766 236
39 734
295 615
965 203
141 714
190 326
602 942
1000 561
394 648
358 388
151 741
333 669
836 959
469 14
207 88
363 389
585 444
679 830
872 110
486 461
667 455
385 850
849 740
909 895
671 948
286 260
376 941
611 101
829 580
129 997
848 476
576 90
913 783
555 653
537 932
59 797
907 458
538 749
858 183
566 306
384 354
221 872
887 749
800 749
238 321
162 175
160 407
637 851
867 25
720 826
353 739
410 992
568 876
20 92
82 225
195 152
271 415
286 226
620 281
870 429
50 67
465 380
344 410
622 610
254 91
430 113
589 26
404 296
777 591
969 229
184 883
400 77
933 941
710 219
458 736
401 59
67 494
787 182
576 878
812 286
960 996
53 455
525 588
64 530
215 367
623 247
104 800
332 180
713 696
673 364
6 495
258 791
794 887
330 451
701 533
556 822
868 406
727 659
200 691
792 260
42 827
263 257
983 660
270 113
862 268
79 58
659 560
142 695
604 246
343 937
455 28
27 864
924 507
387 574
929 516
527 517
796 540
532 147
772 745
738 524
489 582
165 864
131 309
614 322
855 467
867 247
367 376
473 468
696 609
498 802
874 205
414 572
194 499
85 670
926 16
666 740
606 384
76 322
18 44
848 655
669 835
984 755
593 51
854 315
728 227
875 140
66 852
537 863
176 61
168 67
416 768
537 600
346 231
52 969
441 589
560 208
398 942
373 866
405 648
35 67
272 94
973 755
221 930
91 922
499 571
17 114
582 564
77 955
267 475
37 821
21 731
756 323
175 283
693 719
137 173
551 943
365 414
991 788
867 662
786 21
776 321
180 475
409 592
368 10
124 219
68 533
816 71
819 522
171 895
254 194
370 642
108 154
64 228
437 243
912 511
417 614
100 412
107 420
397 731
816 886
378 397
152 626
622 836
97 134
498 648
651 506
347 955
846 327
519 624
918 52
222 432
754 556
688 672
538 663
929 618
464 372
32 295
563 630
928 329
831 233
95 627
416 968
441 760
164 77
27 177
750 957
392 474
853 293
616 23
709 282
760 339
909 447
252 507
882 702
393 771
129 903
792 578
575 943
513 846
687 323
632 153
697 49
24 36
149 83
298 316
199 922
632 882
724 990
347 782
252 656
871 831
150 667
706 826
765 787
97 791
264 481
864 402
814 799
284 990
123 352
712 473
382 77
126 854
123 927
191 564
711 37
259 915
571 317
872 390
516 575
369 240
241 637
950 831
392 310
282 898
980 576
202 245
876 445
664 999
640 508
502 879
896 890
351 953
44 911
627 715
670 193
767 861
121 981
639 193
413 595
784 35
843 62
40 898
920 269
139 574
263 139
892 623
465 810
149 86
599 34
920 573
62 163
719 354
413 702
767 636
390 774
335 488
277 863
334 558
87 863
910 133
412 542
808 698
676 232
165 424
433 753
125 385
703 577
197 468
179 237
926 478
952 106
120 12
285 596
598 118
777 813
312 704
395 11
209 568
973 371
159 638
824 297
885 986
532 862
589 145
24 61
458 944
161 379
670 859
111 252
2
55 103
6
202 465 335 872 742 172
3
431 65 104
2
444 948
3
818 766 491
5
752 44 124 547 553
3
469 235 833
4
215 419 929 721
2
842 225
4
711 355 962 382
3
135 203 809
3
47 440 65
4
43 773 402 231
3
723 349 599
1
575
4
322 314 98 226
5
870 914 541 966 959
2
448 154
2
270 669
5
764 559 13 213 291
4
451 852 893 365
3
980 132 297
2
876 452
6
395 758 138 462 51 570
6
468 970 649 715 764 760
3
661 916 29
3
918 955 551
2
969 869
7
815 450 223 689 741 95 25
2
70 823
2
863 994
4
257 115 703 484
5
858 748 267 738 160
7
248 117 526 191 324 9 162
6
737 990 888 300 392 966
4
244 265 123 560
3
655 774 443
4
526 366 221 853
2
315 92
1
392
7
962 422 507 378 280 683 110
3
105 343 480
3
29 431 322
3
941 292 62
4
921 111 897 753
3
239 361 243
3
976 789 399
4
28 174 505 112
5
385 638 940 501 347
4
109 821 241 528
2
322 806
2
9 360
3
532 467 807
5
966 864 963 159 908
4
98 143 935 447
3
821 806 781
3
921 433 428
4
291 11 526 393
4
254 923 571 86
4
701 384 645 492
2
284 552
5
115 779 212 277 937
4
702 478 364 205
4
935 650 872 56
5
685 679 823 544 133
2
951 523
1
594
3
417 914 711
4
190 754 138 987
3
144 891 132
2
333 921
4
459 926 260 514
4
812 223 597 222
4
99 394 220 907
4
487 134 392 744
3
492 512 44
2
209 920
5
241 359 29 443 884
4
199 630 660 269
3
83 854 917
5
827 449 651 950 647
6
315 701 902 785 313 619
5
190 121 506 485 273
6
913 613 996 951 188 735
3
386 24 199
3
892 762 782
6
681 17 706 224 722 498
2
206 140
3
965 383 295
4
190 27 425 629
5
760 323 801 522 695
6
988 395 868 594 308 98
4
285 67 40 612
7
918 988 192 882 985 871 389
5
449 837 870 634 73
7
78 677 940 201 571 668 348
5
781 364 86 340 346
5
697 701 159 652 949
4
443 744 769 563
5
259 796 805 157 944
6
911 598 873 370 161 379
3
349 362 619
3
41 649 142
5
300 839 843 355 721
3
989 860 195
2
295 107
6
777 697 987 209 974 428
1
375
3
324 218 968
6
522 456 436 326 855 373
5
241 781 682 943 59
3
329 591 687
4
324 869 16 624
3
886 746 364
4
166 200 453 484
3
268 582 802
5
955 555 272 627 429
4
112 1 304 392
3
858 482 946
3
544 687 702
2
181 514
3
24 228 548
4
905 183 831 566
6
848 285 977 407 899 330
2
854 776
2
4 159
10
517 210 996 580 913 386 560 268 457 669
4
646 35 71 916
5
945 738 490 457 173
8
821 613 748 215 286 70 115 454
3
940 349 35
3
861 639 931
5
84 28 971 355 387
1
685
1
355
6
767 568 792 860 687 571
3
248 560 963
5
983 438 646 1 422
2
490 330
4
706 422 418 394
6
384 248 976 500 253 912
3
798 970 462
3
662 573 665
4
154 182 608 472
3
342 171 164
1
341
6
980 869 359 96 855 123
4
935 292 318 430
3
22 829 97
4
506 555 496 593
5
291 262 967 717 787
5
138 627 435 169 653
3
876 712 973
3
702 528 670
2
486 425
4
339 56 806 936
1
763
6
365 466 544 693 772 333
4
873 984 308 458
3
401 852 597
2
478 121
3
959 865 491
2
714 596
4
461 12 774 770
2
484 340
4
382 960 936 893
2
651 868
5
715 87 971 196 389
5
479 449 608 764 669
2
823 174
3
200 372 648
2
245 653
4
937 692 83 416
1
521
3
463 429 406
3
480 610 730
4
85 677 21 537
2
309 732
2
669 246
3
265 683 30
5
449 695 320 47 522
5
991 106 508 183 271
3
481 391 109
5
65 719 847 762 193
3
576 587 598
3
498 947 254
2
501 4
4
66 245 929 734
3
336 535 27
5
482 650 350 923 179
6
273 387 496 432 881 8
6
876 851 836 888 902 749
2
720 412
5
323 750 596 711 452
4
236 602 536 771
1
641
4
33 973 294 645
5
728 465 385 408 626
4
885 265 998 796
5
182 709 214 584 719
2
720 658
2
298 960
5
395 550 134 656 647
4
411 485 343 624
3
8 172 761
5
66 520 939 706 933
3
245 526 392
4
840 19 108 521
5
119 837 41 506 538
3
785 559 254
4
420 542 276 619
7
630 849 619 211 983 812 106
5
633 914 887 960 65
3
151 39 175
3
47 25 920
3
902 440 371
2
439 151
5
690 898 627 188 296
6
197 165 466 786 269 238
4
550 892 723 853
8
914 820 808 541 733 533 35 358
4
604 796 206 383
3
470 485 570
6
524 388 707 164 593 643
5
510 61 114 102 295
5
632 312 576 148 880
4
38 88 541 939
7
12 646 226 758 901 98 554
5
707 26 995 535 171
3
289 948 663
2
674 329
3
783 154 849
4
323 574 880 906
2
578 748
6
591 201 665 874 768 709
2
694 301
5
287 551 894 518 833
2
863 954
2
642 447
3
11 279 915
3
943 691 295
6
906 726 77 532 971 2
3
498 263 535
3
219 626 982
7
406 606 275 67 914 720 81
1
163
8
150 552 26 862 858 728 751 544
7
345 902 507 419 715 120 220
5
635 364 610 678 252
1
334
5
610 133 563 175 387
2
760 366
4
989 438 214 221
6
132 161 516 574 789 55
2
13 972
2
86 775
5
456 248 372 812 581
4
992 32 25 574
1
14
5
953 875 695 939 992
2
614 170
1
1
4
896 419 792 498
3
49 961 158
3
430 829 73
2
131 738
2
372 839
5
387 739 58 926 333
4
662 938 734 415
5
581 459 94 130 204
5
931 831 905 48 678
4
940 682 601 361
6
823 713 563 445 842 490
5
762 846 834 110 789
2
92 54
5
689 286 580 336 135
5
83 329 651 604 766
3
23 575 525
4
199 239 974 357
4
100 376 195 823
3
409 441 778
4
393 88 676 594
6
636 503 588 824 494 581
3
571 546 539
6
847 427 748 129 199 132
6
478 474 798 158 302 957
4
670 262 495 807
7
960 729 860 440 145 271 453
3
547 139 405
5
838 372 576 348 226
7
56 970 362 712 220 16 577
3
81 325 465
1
804
5
650 320 428 171 652
3
534 897 602
3
735 144 452
3
759 667 610
5
696 411 477 469 439
4
260 42 404 57
2
714 594
2
711 994
3
227 383 278
2
68 401
3
598 438 90
5
557 373 138 101 348
5
375 632 879 486 711
3
600 213 376
5
911 904 966 843 937
2
657 716
4
708 47 373 913
4
753 172 235 48
5
856 96 209 400 744
4
28 408 880 817
4
851 916 147 252
4
184 155 891 304
2
297 540
4
874 235 632 780
2
739 554
4
597 485 266 815
2
719 24
3
939 559 93
5
291 897 290 527 189
2
742 386
2
390 900
8
166 725 379 73 408 384 892 453
3
654 477 55
4
774 538 296 532
5
865 108 331 559 729
3
400 368 571
2
609 419
6
232 884 468 722 386 713
5
515 573 561 903 360
3
666 9 897
6
984 746 942 640 81 209
5
259 95 824 129 567
2
218 130
4
374 167 117 700
2
146 987
3
394 441 513
1
674
8
790 81 811 531 303 792 7 548
2
399 304
4
558 798 106 394
5
569 76 92 745 952
4
931 515 374 378
2
994 571
1
956
4
785 802 96 883
5
486 693 289 732 905
1
110
6
137 346 284 349 845 680
2
4 922
3
181 347 201
8
834 990 620 710 71 779 213 717
6
861 954 426 784 417 265
2
109 344
4
258 584 577 698
5
85 786 330 70 984
1
426
5
670 896 450 886 36
1
890
5
419 686 759 418 579
7
309 117 660 715 362 73 761
4
885 140 433 697
2
214 328
4
475 441 662 114
6
572 667 527 821 797 904
2
27 905
4
75 12 48 294
4
815 894 487 413
2
331 309
2
59 302
5
150 487 156 886 725
3
590 808 150
5
111 650 583 482 717
3
814 945 260
3
309 823 354
7
682 816 157 644 797 914 776
3
130 283 941
4
110 587 561 836
3
297 374 655
5
300 106 887 941 202
5
502 557 181 318 579
2
272 219
2
478 81
1
492
2
219 257
3
404 167 812
3
762 851 9
2
879 572
4
674 744 969 295
3
797 483 946
3
997 521 811
5
716 441 542 201 382
9
368 430 436 917 251 983 333 908 111
4
461 121 203 207
2
493 290
5
171 161 2 15 142
4
235 73 657 279
6
515 823 918 296 795 318
6
246 947 554 798 300 309
2
512 889
2
347 700
3
706 539 403
5
504 334 183 572 663
9
159 372 497 66 503 169 989 479 813
1
909
5
61 769 996 989 750
4
129 978 894 239
6
526 937 876 41 785 352
4
495 366 650 882
6
929 861 133 819 64 637
3
42 445 836
1
397
5
589 23 408 216 90
1
724
2
866 996
5
93 400 157 593 291
5
832 606 695 506 828
2
730 863
3
107 743 631
3
608 788 937
3
44 798 995
4
472 976 95 852
2
6 771
3
237 831 418
4
345 353 193 374
4
135 119 861 262
2
74 448
3
565 857 834
5
307 666 596 2 375
2
650 222
5
889 349 73 388 389
5
278 62 861 913 750
4
791 379 219 207
4
365 179 118 42
4
566 409 76 427
3
21 340 394
4
497 596 45 217
3
113 604 633
3
845 16 535
4
788 406 450 483
4
67 302 330 530
5
120 9 211 256 260
3
265 836 733
4
33 864 192 762
3
265 901 618
5
459 992 683 781 920
2
998 328
1
500
4
948 431 750 386
9
407 112 184 152 487 550 448 149 271
6
999 363 99 421 522 514
5
662 218 800 922 870
4
384 539 958 640
2
911 974
2
74 344
3
885 380 937
2
317 407
3
711 10 911
3
258 202 541
2
599 672
3
826 511 796
4
905 999 444 105
6
134 451 926 294 797 688
5
959 224 751 319 621
5
191 760 263 370 839
4
28 651 617 831
2
200 262
9
617 640 157 29 701 427 559 540 475
3
200 813 592
5
830 674 460 202 420
3
568 316 933
3
312 862 548
3
740 980 945
3
987 372 633
7
617 939 214 434 403 205 189
2
133 596
3
468 577 768
2
207 837
3
135 478 973
1
526
2
555 981
2
119 253
2
695 657
3
334 170 792
3
144 565 425
6
708 384 389 290 518 125
2
370 738
5
713 891 91 241 757
1
196
2
396 843
2
15 587
6
734 361 449 468 320 401
6
369 556 836 648 137 865
3
610 430 708
2
538 207
3
586 799 566
2
624 39
4
700 50 329 294
1
492
2
967 264
2
399 957
5
375 662 618 357 256
5
10 43 559 97 951
3
611 940 547
1
214
5
1000 442 99 907 666
4
643 111 812 796
5
112 442 430 272 230
4
271 442 403 527
3
477 222 117
3
771 191 773
3
427 601 894
6
619 363 26 172 505 114
3
450 419 38
2
302 968
5
553 498 620 656 738
5
489 787 606 36 182
4
571 31 136 650
3
695 814 778
2
15 829
7
113 485 956 254 902 53 820
2
357 729
4
327 452 70 87
3
351 482 487
3
751 818 124
1
273
3
4 147 624
5
168 212 109 906 63
3
358 509 346
3
980 896 753
6
156 302 949 267 612 66
10
306 135 272 505 538 498 577 171 803 244
4
469 482 77 582
3
164 35 654
4
928 269 36 88
3
122 766 267
4
80 360 410 880
2
38 494
5
665 505 852 977 385
6
316 268 817 133 76 183
3
628 538 695
2
680 657
3
11 748 443
3
716 955 951
5
120 933 8 71 538
2
466 438
2
492 121
4
692 359 325 919
3
876 511 444
1
139
8
79 693 162 113 437 827 315 909
2
971 896
1
478
2
784 418
3
32 747 847
5
339 997 6 831 614
3
845 998 763
3
499 530 479
2
221 265
4
408 788 186 592
7
221 835 518 151 344 358 163
4
653 9 664 385
8
205 574 339 189 122 143 435 314
5
273 13 944 268 514
2
162 782
1
288
5
143 430 39 912 918
5
243 405 258 440 662
3
438 67 614
3
390 131 43
3
402 546 665
2
879 331
3
159 676 154
3
957 676 282
2
936 152
1
711
4
901 215 84 250
5
271 768 633 973 693
5
586 960 308 993 980
2
361 915
5
36 477 431 267 159
3
492 424 983
5
674 452 640 576 491
3
241 183 923
3
970 464 302
8
106 643 546 139 113 703 570 23
4
54 994 555 3
5
21 789 386 429 430
3
526 198 428
4
889 384 553 322
2
183 728
4
490 41 52 988
4
148 639 454 139
3
184 349 689
4
773 976 702 946
5
614 61 306 491 705
4
23 228 844 421
2
738 685
1
996
4
223 41 983 128
6
319 242 6 894 756 880
2
773 223
3
115 799 963
2
732 432
3
117 28 484
4
191 160 529 354
2
658 19
5
280 214 910 700 283
4
178 128 467 324
6
15 135 393 330 702 739
6
918 757 74 21 207 419
5
385 277 769 698 253
6
298 657 37 797 957 795
4
229 520 17 353
2
57 257
6
771 922 725 17 840 523
3
471 422 293
4
840 193 667 172
3
128 270 874
2
414 585
7
993 581 711 67 500 616 911
3
263 894 820
3
42 320 911
5
584 966 781 44 948
8
367 772 935 798 256 797 791 58
3
76 466 751
4
398 993 176 878
1
811
6
393 474 23 245 106 852
2
302 498
2
110 402
1
604
5
738 880 777 26 48
1
262
5
604 574 724 554 504
5
981 62 563 586 178
6
34 329 590 626 885 490
5
461 748 807 138 394
2
73 988
8
484 572 285 206 760 323 646 288
3
906 75 164
4
80 678 233 512
2
427 861
4
399 369 804 293
7
461 544 680 33 350 437 135
2
486 913
4
405 797 661 984
4
621 683 843 395
3
330 905 843
2
11 841
3
9 748 921
5
602 709 934 703 113
5
514 12 856 373 596
2
225 698
2
853 823
7
873 54 220 679 765 804 126
3
924 296 220
3
304 39 490
6
795 312 494 555 802 943
4
262 815 361 765
7
744 448 954 505 381 577 1000
1
769
3
460 126 340
2
778 558
2
835 86
6
530 519 567 683 905 73
6
631 945 804 116 33 145
2
771 19
4
603 990 571 794
4
964 936 91 357
4
29 283 522 927
3
486 976 307
2
664 134
1
598
8
574 629 796 685 663 416 889 533
4
815 767 534 237
1
247
1
814
4
279 564 464 292
6
689 391 460 218 5 988
9
447 219 280 935 200 560 614 286 204
7
517 907 390 732 822 544 714
4
449 634 154 959
4
861 786 3 621
5
285 387 316 885 958
3
243 81 269
2
674 279
6
666 34 646 764 25 335
3
508 153 11
4
814 383 612 216
3
993 930 828
3
349 1 626
6
521 659 676 959 527 912
5
775 359 95 251 205
4
531 245 380 935
3
672 967 804
4
392 533 940 75
5
24 694 5 301 864
5
816 563 753 363 265
2
469 651
4
120 756 470 389
7
870 359 460 24 285 136 308
4
87 144 150 555
3
103 30 923
5
208 260 772 750 197
2
976 904
3
894 699 33
4
458 145 744 376
3
147 879 608
4
907 134 749 479
6
607 622 831 25 994 593
6
670 33 61 974 329 739
4
326 839 475 265
3
760 205 650
2
128 95
5
751 489 34 886 273
3
452 679 737
5
78 180 650 812 146
4
28 154 414 532
5
188 444 623 407 182
6
624 924 908 490 428 631
7
44 499 738 862 713 323 929
4
805 48 42 171
4
217 358 597 96
1
649
8
987 615 595 162 150 708 457 804
4
930 162 775 324
2
299 831
5
549 497 525 19 896
2
516 905
3
992 580 69
2
500 397
5
974 942 249 989 514
3
811 494 510
2
19 523
1
729
2
445 826
5
449 179 790 957 980
6
391 36 465 500 863 450
4
775 96 700 221
4
23 311 479 150
4
969 832 79 576
4
132 946 175 836
2
803 157
1
342
4
534 181 462 222
6
712 969 382 634 895 311
4
449 54 604 548
3
231 579 261
4
291 501 39 874
3
189 416 480
3
162 759 149
9
463 856 835 391 407 713 826 911 88
1
324
1
648
2
399 117
3
522 4 322
6
430 875 593 456 804 347
1
428
2
212 468
2
674 344
4
884 148 597 86
1
451
5
136 845 994 409 351
6
261 108 893 14 938 188
2
414 993
4
3 670 586 559
2
17 411
7
876 757 777 205 506 355 93
5
957 446 803 466 237
5
251 354 242 323 949
3
82 831 88
5
922 919 617 781 405
3
490 58 342
4
605 863 525 172
4
206 109 85 990
1
828
1
42
5
589 914 171 825 112
4
986 449 446 298
4
603 793 51 112
3
603 792 297
5
601 756 252 850 538
4
274 920 351 740
4
643 169 402 35
5
896 26 364 527 982
5
609 518 47 644 107
6
437 884 592 611 757 983
7
377 291 677 234 623 987 569
5
642 125 369 816 756
4
710 727 896 762
2
54 486
2
233 628
6
280 762 63 531 272 724
5
121 703 432 769 344
2
884 31
4
814 466 609 934
1
8
