53914957018376775
54171394381987149
54272068976647324
54275436415417361
54444402103815662
53365190531581950
54320282996342051
54250627919244031
52784578362171023
54215812624404861
54192224396920653
54215812624404861
54241930176123336
54268047810373456
54464885576819664
54245924875600628
54456681704594602
52851527095578419
54285146475869939
54437967188413252
50409050279436533
54238675937388572
54488075974914958
54452586153610001
54255369164040671
52602385872861378
54469303091158637
54242840146908648
52392226828402219
54381648675792677
54465419271269357
54294165444623576
54381648675792677
54241930176123336
54241930176123336
54268047810373456
54267167787720856
54468769356413557
54289030465084709
54381648675792677
54259769735872512
54447073943979648
54448187986324945
54452586153610001
54192224396920653
52745355846871206
47208165765879470
54436935962981468
54294165444623576
54381648675792677
52583907185680909
54348801344259269
54215812624404861
54241930176123336
54470690346216742
52639373827507588
54446132736893980
54247508953789975
48158578929102611
52762358860624888
50741223710094346
54129734417942925
54348801344259269
54348801344259269
54442331262021025
54470156845109578
52798281328494299
54320282996342051
54290972530641772
54275953031399374
52361257209118202
54241930176123336
52631183178353050
52169413805274568
52867054770075945
54242736374071188
54442716562929762
52661222362278082
54320282996342051
52831308153104049
54457624745616398
54478453026917965
54257958485360817
52196788490224464
54215812624404861
54215812624404861
52718134252119518
52892154861548208
54150564367053645
52393737399249577
54451771322729014
54281779153264360
52542500398437354
54456490677829300
52673516027652779
54257562254835925
52512021656167814
54264948382459164
54192224396920653
54192224396920653
54462296107209819
54281262646523367
46423041814639801
54129734417942925
52420426413801813
54415341683528617
52686135178294501
52262290569953971
54261842526299585
54381648675792677
52708211658457700
54274050879352014
54294165444623576
54294165444623576
54241762047063724
54270747922796657
54439127692844833
52608361387843095
52804668379801028
54466457918073065
52873428596593913
54294165444623576
54268047810373456
52424832291373582
54171394381987149
52751790242236492
54291619812615259
54268047810373456
54449878008125158
52461348592156326
52483727693287613
54320282996342051
54241930176123336
54446995894809991
52575489533279592
54348801344259269
54291619812615259
54294165444623576
54431646982501773
54294165444623576
54459059502323059
54245030979736133
52306459237896695
54242983342340670
54150564367053645
54415341683528617
54320282996342051
52743447443361171
54251485088887234
54264301145763900
54381648675792677
52727661020915495
52630577702891528
50575934439019966
54459059573115902
46712297979929057
54381648675792677
54280788261068183
54436881971735259
52748662645788171
54320282996342051
54171394381987149
54445801091731463
54447610970179621
54470064126835816
54268047810373456
54320282996342051
54320282996342051
54444494775933384
54320282996342051
50445756239521015
52580066571251371
54294165444623576
46794942647284429
54241930176123336
52780922006224030
54285146623132764
54274658410261747
54287735801182212
54438320094402249
52661433544706704
54320282996342051
54192224396920653
53737091391499305
52907542309324563
52519197446316555
52621388889019966
54192224396920653
54415341683528617
54381648675792677
54462943329999296
54241930176123336
54238146677589353
54445320399385650
46340397201829883
54241930176123336
54241930176123336
54320282996342051
52300991252791124
54215812624404861
52376216133473145
54381648675792677
54268047810373456
54415341683528617
52656208486847073
54268047810373456
54241321763694577
54348801344259269
54464885568888860
52513311538088134
54381648675792677
50259327750813238
54215812624404861
54471892438689187
54281262422423638
54264301148110398
54294165444623576
54268047810373456
54415341683528617
54242280027737658
52506920342375164
54150564367053645
52311581774796410
54215812624404861
54415341683528617
52598909623460936
54273494513763956
54447764691782017
52315620888658562
54320282996342051
52848796524423679
54215812624404861
54192224396920653
54437212036735005
52718640002144396
54294165444623576
52263492289313769
54381648675792677
54446666428320057
49253620397697652
52478898541408391
45761884771251371
54215812624404861
54348801344259269
54171394381987149
45863393948595963
50278969258958558
54262359188474485
54171394381987149
54241930176123336
54415341683528617
54441048499545799
54459870656792301
54449420774054120
54270219561148597
54260509452930463
54440804701110936
52514721329751961
54415341683528617
52396363048441048
54267668584095034
54255885838901220
49150314582821619
54294165444623576
54462296107209819
54238806153027897
54259253119890499
54563537742325751
54274789133786330
54268047810373456
54241930176123336
54266400237363249
54171394381987149
54255848186571139
54259783086211630
54192224396920653
52567499575595756
54215812624404861
52580066571251371
54320282996342051
54215812624404861
54150564367053645
54449627072275255
54348801344259269
48055273300590214
54450921571947720
54440024654856941
54449151340751735
54215812624404861
52663061398362856
54215812624404861
54254511995926625
54487542144461008
54469831873479494
52530128774542009
54150564367053645
54192224396920653
54415341683528617
52900205676647368
54320282996342051
54450389826105811
48530479929929057
54171394381987149
54442947602219345
54247398697429043
54467866638765656
54451661541541893
54470227852126761
54245689958620232
54237192627199700
52503254239219285
54348801344259269
54449426862143862
52506633930127617
54215812624404861
52828610220194487
54294165444623576
48943702971251371
54320282996342051
54462943430617701
54242962341644797
54452797672426186
54449235889186250
54150564367053645
54440338478191336
54320282996342051
54242278653007565
54381648675792677
52472669326620572
54257958496414917
54268047810373456
54465419146166446
54247327203780441
52293724217368097
49501554267945586
50059405482821619
54320282996342051
54192224396920653
49935438488606743
54381648675792677
54249597432551120
54252001817993940
54450521998124631
54348801344259269
54381648675792677
52632258557516573
54243118399160701
54245449244214419
54381648675792677
54456466953414278
54294165444623576
48489157571251371
54192224396920653
54192224396920653
54259900491189617
52537943907987361
54241930176123336
54253704576199474
54320282996342051
54235788999799080
54320282996342051
52519577941643216
54171394381987149
54488189526390018
50288717499021788
50555273259681123
50266016976210049
54320282996342051
54241930176123336
52783081974703375
54215812624404861
46216430271251371
54192224396920653
54268047810373456
54241930176123336
54215812624404861
52880274008970793
54250580444459421
54453880768108195
54255531066417395
54381648675792677
52215619598249105
54241930176123336
54320282996342051
52615557392078318
54150564367053645
52727536185119069
54479774124087635
54320282996342051
54262359188474485
54381648675792677
50385401497949880
52753201389808498
54451265101773011
54415341683528617
52588567462244954
54262359063371574
54129734417942925
54215812624404861
54277378715070883
54294165444623576
54192224396920653
50555273259681123
54439354527993209
54241930176123336
54381648675792677
54192224396920653
54438830413121725
54415341683528617
54468769737215059
54320282996342051
54268047810373456
54247034596738067
54252409911933227
54348801344259269
54215812624404861
54243578829296237
54268047810373456
54241930176123336
54381648675792677
54171394381987149
54456470115638745
54256016608104071
52999877149213360
50596595518358809
54215812624404861
54254221192181487
54241930176123336
54381648675792677
54470711509512202
54192224396920653
54248866586038239
54437122016895631
45761884871251371
52329977415923525
52745355846871206
52643376719180310
54381648675792677
52538690961048113
50828359877898873
54171394381987149
54273192286545648
54215812624404861
54468769399732560
54294165444623576
52680344695092085
54457117486937863
54242336079026736
54415341683528617
54320282996342051
54268047810373456
54446910754997514
54192224396920653
52577890954302523
54281262756009651
52480081295685943
54245461057026590
54381648675792677
54241442050656848
54244750975847285
52627285970561182
54245791435821323
54320282996342051
54267021076315737
54215812624404861
53737091391499305
54171394381987149
54268047810373456
54249107279180559
52503505923961181
54448702105475770
54294165444623576
54440104011991037
54259399945444109
54442947602219345
54268047810373456
54244404219775813
54320282996342051
46960231872904263
52680566505264436
52657831451843766
54320282996342051
54294165444623576
54268047810373456
54294165444623576
54465142137535691
54443636006374707
54240247444166884
52475184570737560
54415341683528617
54281262750875661
54320282996342051
54465419146166446
52621969696687620
48985025329929057
52634532092443330
52501500522526883
54466919940914830
54241930176123336
54320282996342051
54442105579164435
52125521171251371
50303975277306949
54415341683528617
54290972530641772
54255580647618389
52727439753750331
50306712392758134
54348801344259269
52410951167060963
54320282996342051
54264035422255755
54150564367053645
52458395103382615
52623845748075047
54444818116204032
54254444447903569
52734297775039499
52288823869797503
45823868291086082
54171394381987149
54436155368395793
54294165444623576
54381648675792677
54472006378186077
54250680639320144
54268047810373456
54471892481454057
45761884771251371
54415341683528617
50560242764902368
54320282996342051
54268047810373456
52659400498460031
54262359142281598
54443819439081469
46340397201829883
54456681693640182
54348801344259269
54192224396920653
54268047810373456
54475129268991848
54294165444623576
46670975671251371
52527202121357757
54287735978612382
52394046006088744
52675458040311472
52934204737471657
52624419750148462
54274658410261747
54264274705063754
54129734417942925
52859951496751740
54320282996342051
52451088691597538
54286414874660982
54255885746600774
54282187225405016
52785285781021819
54465532735256147
54192224396920653
52782724479063853
54294165444623576
54282557128339389
54320282996342051
54268047810373456
54438340308728276
54273456542801683
54277895325918906
54381648675792677
54455753417926194
53737091391499305
54446729549787974
45761884871251371
54251115239816533
53902380662573685
52486590935807600
52890890136595069
54241930176123336
52707980449688894
54454805604002609
54268047810373456
54259253099859011
54215812624404861
54451798792273995
52397689120354275
54294165444623576
54243922068490295
54443542120342425
52339856150774458
54248025550657279
52664831357031417
54455016950968187
54348801344259269
54258475166706998
54241930176123336
54285663091851952
54268047810373456
54415341683528617
54268047810373456
54253915940184861
54268047810373456
54268185200077047
54268047810373456
54273468131895445
54215812624404861
54215812624404861
54415341683528617
48943702971251371
54471742211430768
54441396311664052
54443211742650006
54459593259666795
54215812624404861
54470597755061134
54440288922438000
52935797825006311
54241930176123336
54464885568888860
54215812624404861
54442931276222761
54247909724263793
54192224396920653
52798693815751932
52712922819027789
54464885579843280
54268047810373456
52742313701445769
54381648675792677
54445573400631524
54171394381987149
54243647366444670
52900905419474155
54171394381987149
54472275902856845
54434691128304971
52490305362190953
54471892481454057
54437228631127400
54479938078231131
52865777551246406
52494156122053079
52290249257297792
54240881403985138
50383852173242411
52655662157573815
49253620397697652
54192224396920653
54281262562269619
54294165444623576
54252622549674112
54381648675792677
52715776292651426
54285663091851952
52210148296892285
54415341683528617
54265726412413240
52612544775390299
54252001724900735
54265341364793560
54244389204894055
53571802129515834
54434675803750598
54275436458586632
45761884871251371
54245776865911032
45860698996547813
54415341683528617
52502141199649348
54268047810373456
52808665917527418
52596652024885103
54268047810373456
54287735978612382
54263230959277580
54482897310307087
54275436415417361
54348801344259269
54265356489042978
54171394381987149
54479013127734532
54463477117553971
54444764444754738
52779672753140718
54348801344259269
54348801344259269
46774281477036495
54215812624404861
54348801344259269
52660353579802580
54447923784297918
54381648675792677
54483499763480952
54452855689201938
54150564367053645
54240693359628134
54282187391056808
53654446755962115
54320282996342051
46753620347697652
54251855163310152
54285663239114777
54348801344259269
54241930176123336
52919462119311077
54478479751757897
53914957018376775
54250291083927381
54244854784482681
54250626551017372
52723078990342328
54464238071353650
52632811048606145
54348801344259269
52588514202759818
52629456035898084
52378770746553199
52913373613157156
54192224396920653
45742121971251371
52534098401625342
54192224396920653
52531270896970966
54268047810373456
52392067410929066
54440982453731358
54277378715070883
54348801344259269
54446267133651385
52570439247981938
54192224396920653
54459336931080832
54246253579446713
54274141794279734
54192224396920653
52864856864900497
52345474246165921
54244310845763753
54465334329004694
54275305850268988
54259874058442075
46815603776623272
54285663091851952
54474658587778343
54348801344259269
52473728070199038
52712996178988353
50363651891799886
54444811648719959
54268047810373456
54381648675792677
54291619812615259
54294165444623576
54268047810373456
54483631870409228
54241930176123336
52722645892137248
52597232438878481
54294165444623576
52780161391407302
54381648675792677
52644938592526139
54273109542796286
52539239929452346
52269342369629853
54461525817861487
54348801344259269
45742121971251371
52785823776754456
52419224926255573
54256293923730024
52604872543699837
52774181156782161
54458021027718340
52649968742589635
54348801344259269
54268185118143407
54288252459651928
54241930176123336
54268047810373456
52487753846049943
54263784503142295
54255369148884367
54215812624404861
54241930176123336
52949014136698967
52688359422744124
54294165444623576
54272069245700601
54294165444623576
52722267876759913
54348801344259269
52316270567562426
48675107944391867
54320282996342051
52288823847142225
54287709367915039
54471358790027980
50323848710658274
54348801344259269
54241930176123336
54215812624404861
54415341683528617
54320282996342051
54435395522895607
54348801344259269
54192224396920653
54268047810373456
54381648675792677
54282557295633702
52657309198436101
54381648675792677
54288252417164225
54241930176123336
52729618174367872
54415341683528617
54273494513763956
54260417064811161
54215812624404861
52448618339583592
54268047810373456
54320282996342051
54171394381987149
52775519552299182
52513299678663264
54215812624404861
52637543919963341
54449825249394605
54268047810373456
54459593264541979
46815603776623272
54486247620296717
54256612460646142
52703010463345233
54268047810373456
54294165444623576
54237749397211501
54433834338116408
52332071978128967
54243463017940762
52576268173880078
54445566446464332
54285663239114777
52694278973422131
54448971727173194
54465419271269357
54348801344259269
48096595609267900
54241930176123336
54348801344259269
54441720422399068
47621388957201784
54268047810373456
54445742853368326
54274011129745969
54450160723687361
54294165444623576
47125521171251371
54348801344259269
54482897163044262
54451825216685312
53158578951829884
52542445659521459
54381648675792677
54249613988212316
52461348618795918
54458148036492535
54294165444623576
54192224396920653
54242567594392216
52480039490446055
52916809987098058
54245031050012518
52569887217449312
54381648675792677
54294165444623576
54267391051123977
52351986981851235
54320282996342051
54469303047839634
52805352446624021
54415341683528617
52689523268247654
54192224396920653
54247046398863216
54246567441469444
54192224396920653
52802035023684740
54215812624404861
54241930176123336
54444848587338379
54348801344259269
54415341683528617
52684270078344952
54248783595933712
54381648675792677
54268100647613896
54264301156114663
50596595518358809
54348801344259269
54215812624404861
48654446824143933
54320282996342051
54291619952047533
54215812624404861
54381648675792677
54381648675792677
54381648675792677
54320282996342051
52738176685628840
46340397201829883
54485486488356535
54236703577072559
54269889565764771
54277895192577678
54449209406514774
54252441605155615
54253673924148398
54291619812615259
46753620347697652
54455263405003400
54245449487428547
54381648675792677
54348801344259269
54253772137065196
54441270374454712
52927301303675898
54192224396920653
54320282996342051
54253519662698569
54348801344259269
54249371490137731
54320282996342051
54268047810373456
47166843470838148
54440983828535300
53571802129515834
54237814710904678
54192224396920653
54268047810373456
54262359063371574
54472653454334878
54415341683528617
48716430262160462
54320282996342051
54458504543264183
54264709270085438
52365457106246207
52947098580095727
49460231900176991
52909788336398574
54150564367053645
54381648675792677
54381648675792677
54462829798635896
54453119831183506
54442369596715469
54265595790644345
54256135404430041
52414879366095597
54320282996342051
54320282996342051
54150564367053645
54270231306814644
54215812624404861
54239751248388179
46340397201829883
54246381638070426
52441994480931003
52571181990680112
52821473768322486
52809405030813910
54294165444623576
54320282996342051
54273363747069583
54442947570997990
54258105282211294
54462059322364811
54241930176123336
54320282996342051
54268047810373456
52643261991005829
54440123797571802
54285663091851952
54215812624404861
54320282996342051
54457624745616398
52458186093892924
45742121971251371
54445534993415671
54435014690201858
54268047810373456
52721686538661448
54215812624404861
54215812624404861
54242859554885719
54294165444623576
54241930176123336
54471358747263110
