53721752778173237
53768219734173877
53936127654621019
51918909564226578
53884857342747315
53837920094757117
53861153499339717
53791453138756477
53751861403465850
51521737422695250
53958916931053800
53791453138756477
53956327583523250
53733966788056510
53913880840644495
53837920094757117
53763624922827363
53744986256173557
53757798848024042
53814686616756797
53768219734173877
53925298664736797
53946731321173741
53935627723733461
52076938937303073
53933408247713032
53763426891327972
53941092214355562
53861153499339717
50989157530342280
53791453138756477
53791453138756477
53741492234844325
53772818310253872
53943523460557170
53837920094757117
53837920094757117
52050815896721144
53952557338955219
53721752778173237
53741254743093179
53744986256173557
53837920094757117
53948189724163639
53913880840644495
51404794311603018
53732706853136634
51572279498651920
51671421306213939
47270149203895999
53933314487423164
53741443916163455
52783912908381022
53861153499339717
53753120856104647
51710011034472514
51884481089864713
53814686616756797
53756477751258773
53861153499339717
53913880840644495
53937158820692958
53721752778173237
53944141999853595
51465766857021723
51441436921044672
53755340299574523
53759093532362428
53675285895590317
51505686413813354
51567618006421006
53930848692919560
52681348054374836
53884857342747315
53744986256173557
51299074824970379
53960858994019673
53913880840644495
53913880840644495
51604352036525769
53698519300172917
53943523460557170
51992386668366915
53861153499339717
53698519300172917
52487930296631382
53747045228302597
53913880840644495
53744986256173557
53779808213909900
53861153499339717
52578155714156790
53791453138756477
53913880840644495
53740506105723130
53814686616756797
53837920094757117
48716430216705916
53768219734173877
52726605668390294
48075934361747239
53962267349576880
53768219734173877
52659787605764995
53964095909676832
53970569173832985
53913880840644495
53913880840644495
53791453138756477
53861153499339717
53957147686408986
53791453138756477
53837920094757117
53943702984887734
52137595590642562
53963562141153892
53938593279122047
53744986256173557
53768219734173877
53913880840644495
52576427385006880
53913880840644495
53930061257235504
53753398491467174
52566773600638013
53721752778173237
53837920094757117
51647642966589559
53946731321173741
53931443028993769
53776702315934617
53753398491467174
53861153499339717
53791453138756477
53948118553283326
53837920094757117
52183960818628382
53814686616756797
53913880840644495
53744986256173557
52083880630623787
47409387459914684
53755340343206973
53948837169357917
53744639486637461
53953091030381296
51181396110238076
53966685109056526
51931102575531093
53945740594662173
53814686616756797
53738073840690291
52464061795632476
53940976801791708
53675285895590317
51859308950013626
51968899562795943
53946731406262681
53950615339457231
53745603872721010
53837920094757117
52842715123568256
53734833930867302
53962914630092658
53884857342747315
51843710086924092
53837920094757117
51879188250128750
53943523460557170
53935290767462933
53943523460557170
53791453138756477
53943702984887734
52924125803822396
53768219734173877
52605528967329353
53751334062388130
51852434535049430
53966685109056526
52666929523811038
53913880840644495
53977016066206881
53740398947355938
53814686616756797
53944120793734039
53814686616756797
53861153499339717
53744986256173557
52693834765326479
53772818310253872
53766992298651310
47032096795505773
52225745113527100
51957717505476280
52733050326897950
53861153499339717
53744986256173557
53548446062950975
53913880840644495
53837920094757117
53745630369575667
50742121933109078
51918909573317487
53548446062950975
52284653738704382
53772818310253872
52180664611920726
49108992183234842
53947238608838366
53744986256173557
53721752778173237
51577458779284782
53861153499339717
51594619251560390
51618324244436354
49894116257201784
52143842880343358
53936479740936124
53952834660021217
52949011499274416
51889085940051635
53940791729250928
53721752778173237
53837920094757117
51588331053895999
53768219734173877
51804853356626745
53721752778173237
53764231510628313
53884857342747315
53773335187197580
53814686616756797
53814686616756797
53884857342747315
53884857342747315
53759741017393337
53675285895590317
53814686616756797
53963448278753865
53913880840644495
53769451037864216
53956975088585647
53884857342747315
53721752778173237
53768219734173877
53791453138756477
53884857342747315
53791453138756477
53779291641246890
53791453138756477
52016948542153470
53814686616756797
53913880840644495
53884857342747315
53913880840644495
53741133647260751
53913880840644495
51319736027036495
53884857342747315
53765566969810647
52424574854986750
53721752778173237
53814686616756797
53768219734173877
53751153956806083
53747780431932114
53861153499339717
53942887019002177
53746120653430766
53731963963567038
51891933864426009
53753398287454239
53951539997356840
53985025316292693
53721752778173237
52040825483158948
51484090462906092
53913880840644495
53749144448319041
53961783753749677
53729222587201692
53737773263687821
51445837485663374
53942746942696785
51634050912036157
51684463695715539
52936696113831320
53768219734173877
53747202573140791
53934364149916961
53942477432043886
53814686616756797
53791453138756477
53861153499339717
53791453138756477
53768219734173877
52285510671355746
53750030952461608
51683537873665764
53837920094757117
52861672045280862
53980279161974327
53768219734173877
53721752778173237
53747177442019147
52097735018101365
52045957829814570
52333564616077737
53763108244048992
49666843498110875
53791453138756477
53837920094757117
53814686616756797
53913880840644495
53961619966900494
53948369381582297
53729732772993655
51712311511282416
53941439203562050
53931977217200463
53861153499339717
53768219734173877
53768219734173877
51741068913716459
53791453138756477
53766214250326425
53732337374986904
53698519300172917
53735431551836078
53951149033813814
53721752778173237
53861153499339717
50524730671251371
53913880840644495
52319492553220081
53962246343414794
53861153499339717
52075472723003520
53766992255482039
53739064511047401
53791453138756477
53861153499339717
53943523460557170
53768219734173877
53744986256173557
51526347597697652
52133669030696575
51504667854343596
53747319356527239
51989877974866284
53768219734173877
53884857342747315
47580066566705916
53746462882169095
53943381056749990
51990268827177108
53884857342747315
51943755976871792
52179904350875097
50637917795218313
53742251765184849
53956356553283722
53961982054468092
52236929947397853
53761787146879322
53931624837787109
53884857342747315
52590385092039157
52081401211677109
53814686616756797
53953091067371651
53913880840644495
53733421756260708
53943523460557170
51678703668735716
51927718842244140
53765012272222484
53744986256173557
48365190536127404
52779512463828883
52048215718802287
53953204583919266
53759463472500168
53861058362986908
53735431541410391
53913880840644495
53791453138756477
53765566969810647
53861153499339717
52703039065863407
53739832118257756
53768219734173877
53791453138756477
49336265015053024
53931377122424375
53768219734173877
53791453138756477
53970569208283413
53884857342747315
50645104357597041
51559479943872874
53926169637417085
52657748019931107
53929070524035415
53469394686073505
53953852010475256
53959422473608474
47383336443080333
53759224299056801
53721752778173237
53973919458945688
53744986256173557
53939837370855030
53814686616756797
48964364191499305
52900034087437401
53766992255482039
52680339279289164
49150314501003437
53932530500463513
53739659238783535
53861153499339717
53943523460557170
53750637293840399
53948559772232411
53748762624178672
51632321276211036
53884857342747315
53837920094757117
53929905738972430
51670671132787366
53837920094757117
53861153499339717
53768219734173877
53814686616756797
53776702315934617
51788810024844956
52650457712833924
53781880988777440
51934541443604171
51469859375425531
52690696759061984
48034612071251371
53759224342226072
52617257141331375
53884857342747315
52753004630455157
53791453138756477
53548446062950975
53772422145540895
53913880840644495
53814686616756797
53721752778173237
53740849456791968
53731468420954915
53744986256173557
53814686616756797
53779291641246890
47435438447697652
52012534544029467
53744986256173557
53734726320318053
53675285895590317
53759463908698997
53744899490711497
53913880840644495
53980279057880773
52078664346787317
53721752778173237
52619911136454713
53728708029996774
53740451905543243
53837920094757117
53755856996179341
53773335212056342
52931625660580596
53765697591579542
52679734472677784
49170975698524098
53934750075467415
53932339193485042
53814686616756797
53767508871464052
51911327423076624
53913880840644495
53932918065620671
53753914982346276
53768219734173877
53745777052277653
53837920094757117
53767508914633323
53837920094757117
53913880840644495
53936366098130428
50947835244391867
53913880840644495
52346516662838908
53755460567404221
53675285895590317
53738466830225399
53944305762134895
52185744995100817
53944887203916941
53791453138756477
53837920094757117
53814686616756797
53791453138756477
53935824458889010
53759740958208085
53756800370266941
53791453138756477
53721752778173237
53734926715420324
53747672964407126
52669997977085742
53934544455909500
51822907987950679
53814686616756797
53772048767586017
53791453138756477
53754138050772779
53961448363042015
48117256665879470
53740398957232181
53744986256173557
53791453138756477
53931377111026722
53744986256173557
53774259681451707
53861153499339717
53985025316292693
51462848930609138
53406512867532362
53791453138756477
53861153499339717
51780428356063024
53837920094757117
53753267611658436
53884857342747315
53958431684870035
53962108765774932
53791453138756477
53861153499339717
53913880840644495
53743490256726392
53966151412408589
53985025316292693
53814686616756797
53768219734173877
52022215351829883
53913880840644495
53757151567508264
53884857342747315
53791453138756477
52584311672944162
51635374371591049
52053306280504921
51707375867178637
53884857342747315
48571802115879470
53861153499339717
53947383976849050
51967894504460365
53979098123553559
53837920094757117
53884857342747315
51925974477121049
53744811411155148
53744986256173557
53861153499339717
53942390181816049
53744733526790287
53737608188638547
53768219734173877
53772946782470458
53837920094757117
53747849754910823
53742173907288757
53232240504057695
53943523460557170
53957088575725226
51427913519870594
53861153499339717
53768219734173877
51556931019699262
53951149178641497
53942826238689418
52436839793003267
53861153499339717
53698519300172917
53884857342747315
53938222274724139
53791453138756477
53756345675951064
53970569201017799
53768219734173877
53938281651755613
53766597671729213
51805865865151810
53913880840644495
53884857342747315
53744270277998566
53837920094757117
53927887104504726
53837920094757117
53959004217013005
53768219734173877
52641151711549610
52628543278510122
49336264933234842
53949967991424669
53932860009850948
52133515710975056
51967894499585181
53741832598354969
53925311230766521
53742077982878275
51370476051089431
53791453138756477
53959468482424419
47414777322904263
51993849788242517
53861153499339717
53884857342747315
53884857342747315
53861058362986908
53721752778173237
53959384329418987
52140274136678009
53768219734173877
53791453138756477
53791453138756477
53739419430678381
51942894277780720
53744986256173557
53940448420799718
53913880840644495
53940633139924800
51552490092212159
53837920094757117
53884857342747315
53933705498403964
52762693482299799
52251926562720241
52071456542909255
53768219734173877
51666955693118185
53973128783774924
53939866918654736
53837920094757117
53861153499339717
53791453138756477
53735877464241985
53939572622191989
53721752778173237
53791453138756477
53814686616756797
51608700171200134
51766056648287594
53721752778173237
49232959259267900
53768219734173877
53814686616756797
53738528239347010
53744986256173557
53773335109939205
51897830233846783
52620490554938040
53884857342747315
52626791511692971
53940552972408389
51623167157704682
53979097984525686
53734302585271443
53753398240640470
52739025650265045
53939166810244299
52723199636772960
47270149203895999
53837920094757117
53837920094757117
47311471553482776
53739673796498267
53924791841963772
53721752778173237
53791453138756477
52094566102256557
53930655812212913
52993289767119139
51559149014310698
51904544324168484
52589129837436660
53942138552403466
53943523460557170
53746814258303662
53768219734173877
48695769101003437
53913880840644495
53931261543810956
53766992255482039
53861153499339717
53861153499339717
51664214840365664
53759224424159712
53929582686743742
53943523460557170
53884857342747315
53985025316292693
53765024142055908
53741602695227256
53735455127059744
53925136952332960
53768219734173877
53837920094757117
53943523460557170
53730791420677562
53861153499339717
53933908953302524
53964209294399556
53759741040141725
51911353575917203
53949207018428618
53935290836438537
53782528474800004
53956441337974318
53744986256173557
53775646869698066
53763108306845350
51962360619614012
52285757994004341
53814686616756797
53913880840644495
53721752778173237
53930656374456367
53942847365323913
53744986256173557
53939865104989194
51509670257057187
53698519300172917
53942248152044992
53730964948983800
53791453138756477
53113663444176272
53837920094757117
51945736872815544
51113124424557156
52930814728725374
52001554199763768
51459872573065959
53957199970936694
53963831742921523
53935228539720647
52683372445218313
52704033542738974
53941922540738488
48489157571251371
53935389789785472
53791453138756477
53173850283791795
53768219734173877
53764153642351862
49604859951003437
53733350251697995
53884857342747315
52533456202014764
51790390785860326
52206563907562823
53837920094757117
53937231372096343
53861153499339717
51844811410056734
53861153499339717
53913880840644495
53837920094757117
53768219734173877
53931278051244983
51572118767782257
53913880840644495
53943523460557170
53731616338981150
53740426683659106
53837920094757117
53948026069851914
53884857342747315
53721752778173237
53814686616756797
53884857342747315
51943072857453131
53942820795850716
53698519300172917
53469394686073505
53837920094757117
53953091030381296
53740737995232200
53814686616756797
53791453138756477
53943523460557170
53742486134414786
53942847273039510
51650803292923014
52315947253075886
52263861071251371
53744986256173557
53861153499339717
51782828411672667
51952129531412350
51465150782231025
51902641774262348
52228826949763768
53960325302593596
53751733844747441
52118526952361783
53744986256173557
53884857342747315
53952847357634684
52176209622703786
53772938761522908
53759741037118109
53698519300172917
53943702984887734
52147767752147592
53744986256173557
53926092656856821
51798324619516308
52586354735516552
53753914982346276
52340043519881505
53884857342747315
50121388979929057
53913880840644495
53777219079179455
53837920094757117
53749514336479595
53698519300172917
53744986256173557
53744986256173557
53735718075188202
51859603785862580
53861153499339717
51630206378892790
52678465897318489
52201083512552937
53971329964152313
53932912893737610
53761313439127239
53939787692231862
53747441586665452
51588331053895999
53929039706079412
53948237533704860
53956327583523250
53765050353828634
53768219734173877
53933353465434627
53956697736308681
53942292566932785
53957622266746902
53721752778173237
51356566799099017
53966685103834666
52503022958058913
53791453138756477
51562462260890196
52716551560105982
53768219734173877
53753915033414347
53734084528545453
51997155155544137
53927228745383635
53926721993189804
53740122860603831
53933949892278122
52751260745781786
48695769101003437
53964209294399556
53721752778173237
53958128932324536
53947855852693803
53767508871464052
53979745366454696
53757282252073517
53814686616756797
53768219734173877
51462631841348106
49418909650590214
53935026595573634
53791453138756477
52020875740520974
53743759283463580
51806174530072268
53744986256173557
53741893282004850
53861153499339717
51903738356337144
52941890564465579
53744005450569038
53733735488961624
50781647606626865
51630945672716521
53814686616756797
51751301870721646
48943702971251371
53884857342747315
53884857342747315
53837920094757117
53728231790472562
53744986256173557
53953615063314639
53768219734173877
53884857342747315
53970542558408720
53837920094757117
53913880840644495
53757559856350003
53861153499339717
53931855970008146
53884857342747315
53960298881319903
51588489145298887
52301614725960500
50524730671251371
53791453138756477
51606314734725342
53698519300172917
53791453138756477
52129437965360941
53954385638700574
53884857342747315
51674859469163967
51736158648858253
53927640566340870
53814686616756797
51140073751560390
53943877821785380
53931245020923237
51508228947726095
53814686616756797
53768219734173877
53925531391848935
53861153499339717
53861153499339717
53959009472405585
51831991797633383
53548446062950975
53913880840644495
53943523460557170
53837920094757117
52413606122421877
53951149122431348
53913880840644495
53974978127603163
53958475733932327
52335405856200293
53752250449775034
53772818590940339
53940583636001380
53791453138756477
53932483670728988
53933676083142917
51469235871646568
52246027061365443
53752250411831604
53791453138756477
53884857342747315
53814686616756797
53938329336895069
53768219734173877
53913880840644495
53776702463197442
53773335018316310
53741027469640938
53955032939247840
53884857342747315
51861600427968999
53766214207561555
53721752778173237
53957440839957061
53943523460557170
53913880840644495
53837920094757117
53884857342747315
52767988209322052
53742895696086668
53768219734173877
53861153499339717
48406512926623272
53698519300172917
53791453138756477
53932512872071343
53884857342747315
51864615110041485
51917083057242874
53930077804984599
53776702463197442
53943523460557170
53943523460557170
52525907213739888
52566660562831100
53743939341831170
49935438588606743
