1000 1000
98502865 -6879029
38564813 -88341751
43898266 -85979753
0 85126582
40902054 -87635172
65063291 30057008
39643536 -88015634
91392405 6366511
0 60759493
48860759 40274859
97915651 -9293492
58481012 38451175
85681319 -44005128
0 62658227
-54430379 43486260
84802899 -45880284
98310526 -7684674
98987341 612683
47848101 32778269
48511300 -83783273
-55949367 35878127
84624843 -46254197
20506329 70431295
9126175 -98032484
58185263 -78566850
0 95886075
78734177 18054472
35696202 33637733
25026737 -93753209
28077050 -92783984
84810126 14860440
81859763 -51816746
0 92405063
65045534 -74425073
-82784810 10672575
56981983 -79233297
17751624 -95797354
0 75316455
0 76265822
91986553 -28691580
-61518987 28041557
27941373 -92456401
-68181818 -95454545
80704641 -54016779
99059448 -4457322
42792684 -86643993
59769946 -77630702
32950129 -90659730
-49367088 33659764
0 52215189
44810126 47215879
55186688 -80291244
-26075949 58710881
56455696 36227030
98877330 -5265339
19800556 -95171154
0 67088607
0 59177215
-38227848 37546943
0 83860759
81669179 -52184431
56962025 32390951
54172911 -80784931
40806872 -87405361
91702167 -29469516
-4545454 -72727272
96962025 2078533
-45316455 32670263
-74177215 14425729
0 96202531
46329113 31622622
-98987341 976949
88860759 7861438
99836693 -812027
-73670886 13972856
82278481 15969085
0 51898734
-72658227 26836263
0 71202531
0 91455696
63501279 -75527860
-68181818 -9090909
78514913 -58011458
-71139240 21661332
29620253 39906398
52636575 -81621347
7261491 -98483130
-45454545 -63636363
-92405063 6857686
-22531645 69264743
40082738 -87677340
64812083 -74652013
48552831 -83883551
27482275 -92663838
100000000 0
48354430 50008761
0 76582278
24957389 -93585774
19620707 -95194619
-54545454 -40909090
98597759 -6475904
66893952 -73260965
26370394 -93075499
-21518987 73630884
47357142 -84330218
4028268 -99198747
64556962 27793551
-30632911 61905808
77489039 -59810183
8466019 -98216522
0 79113924
-82278481 15030337
0 85759493
-84303797 13591802
0 65506329
87045476 -40985895
27088607 68151658
-44303797 42338680
-64556962 19976858
15140899 -96553333
92911392 4090929
74949926 -64082153
-44810126 29304299
0 65189873
23037974 44389079
0 94620253
62536799 -75977144
31007571 -91525547
0 97151898
77215189 11716802
0 66772151
99238153 -3648543
94523566 -21243619
19134174 -96193979
15908590 -96301432
38268343 -92387953
4502177 -99104478
-70126582 22583132
26582278 56176894
-99493670 423650
95141374 -19267222
16208670 -96274020
-25569620 59751187
0 94936708
8961498 -98105526
0 57911392
-54545454 -18181818
14204999 -96793868
60653744 -77200300
-81772151 9346210
47497352 -84233925
-97974683 1417584
-48354430 26892371
34204253 -90268659
0 93670886
34683544 62709861
3327708 -99338101
13764465 -96866678
-96962025 1933271
-39746835 59763457
29837884 -92035010
33164556 49095655
0 53797468
0 81012658
21590202 -94980493
43291139 44032230
51894778 -82427926
76654704 -61241304
59782354 -77660669
14411986 -96698333
60506329 35557545
79521742 -56202003
-85316455 12792014
75594838 -63020213
-30126582 59209511
91558743 -29858031
76021037 -62309993
-93924050 5256434
-24556962 41506856
5466922 -98912576
-93417721 4720245
-68101265 31843914
72151898 19585718
89773884 -34496037
-40253164 48891339
40759493 40863691
-76708860 18361486
81092777 -53285063
72975014 -67243167
-89367088 10115582
49709753 -83167820
88837534 -36797711
93225536 -25176299
0 67405063
0 72784810
-28607594 67665635
-96455696 2688127
0 50000000
51198590 -82427829
31139240 63989129
-60506329 22840022
-31645569 67695533
-63636363 -63636363
75380615 -63374646
-34683544 42670254
46835443 50745758
0 53481012
20879429 -94851810
54936708 22819955
86198852 -42875620
0 94303797
32465268 -90878064
17438251 -95945791
75165644 -63728627
0 61075949
93884930 -23213385
97402974 -11299731
94270607 -22032334
-67594936 30631876
-50379746 35416825
69113924 24116699
64503469 -74772731
98784991 -5669057
0 60126582
24982605 -93646659
78227848 19255698
24921216 -93498425
0 77848101
18842891 -95490733
10361187 -97741346
39746835 32448985
-81818181 -18181818
30126582 57110179
-60000000 32853040
-31818181 -95454545
90681002 -32182687
0 83544303
71397658 -69675454
-27594936 44303437
65719564 -74045658
11388539 -97494325
50785354 -82606655
0 96518987
-9090909 -13636363
80313418 -54746850
0 99683544
91844770 -29080698
74298300 -65139987
99669960 -1623358
-68607594 21083885
23544303 41327008
28690278 -92341361
0 88924050
95382649 -18474856
67620956 -72775205
79720813 -55838842
-88860759 9977695
41904245 -86880044
97814810 -9695171
0 93354430
93924050 3198918
0 93987341
34551936 -90082396
56846350 -79344458
-22727272 -31818181
70126582 26694983
30402540 -91580006
50379746 48472853
39240506 57917266
94014320 -22819973
11700198 -97477521
97468354 2045554
-22727272 -68181818
22025316 71790917
43259029 -86254675
-81265822 16768365
97297898 -11700323
37215189 44280365
45316455 38901532
73860166 -65842907
45754719 -85461654
92267651 -27912451
-95443037 3461072
83539962 -48489703
-95454545 -9090909
18926108 -95691655
90886075 4947976
28101265 61276994
-42784810 43102353
44678125 -85640282
-85822784 10718429
-26582278 58006307
0 59493670
82986924 -49602257
84266363 -47000890
51788085 -82170331
89465008 -35264577
65282544 -74272625
-54545454 -59090909
-80759493 9798605
0 55063291
99413441 -2839017
0 88291139
50298025 -82968614
70710677 -70710677
77695732 -59451306
-94936708 3527457
72303407 -68288429
0 61708860
88358445 -37944053
0 78797468
0 99367088
84980166 -45505997
-62531645 31094265
53075203 -81468182
21451509 -94645626
89873417 7768733
87872104 -39087339
0 98417721
97085212 -12500837
25063291 38445220
62178407 -76198867
61518987 28388267
50479618 -82738100
-69565217 -82608695
-29113924 54764126
49535947 -83226678
92387951 -38268342
78919937 -57288952
25569620 50794792
-29620253 36781136
92819966 -26350667
-70632911 17470920
57567305 -78979742
-67088607 26010161
74683544 22008050
32151898 36443854
-90379746 5098462
63037974 34606711
94773193 -20453844
52405063 39007792
0 86708860
98114787 -8489500
0 79746835
0 56645569
-66075949 32072419
63544303 35818332
0 56962025
0 92088607
-41772151 50993181
-13636363 -36363636
-46835443 36654843
-97468354 1472554
0 70253164
0 63607594
-86835443 12229155
-31818181 -45454545
67761400 -72681365
0 84177215
61787135 -76440025
80253164 10422378
-61012658 36410611
12629494 -97156914
0 75000000
34177215 56302636
21483509 -94722897
45822784 50195024
73419069 -66543971
93754709 -23606523
95502032 -18078292
76233011 -61954209
-52405063 28706189
-23544303 72294168
85507219 -44380900
-51898734 40558039
90079511 -33726199
76708860 20803766
63463214 -75435942
22572616 -94495101
83722741 -48118075
54984544 -80363443
26143938 -93117014
43797468 49129593
0 74683544
0 89556962
62025316 35995592
-35696202 45447045
0 72468354
0 91139240
45650695 -85210500
85854625 -43628990
-69113924 19496922
78106842 -58732247
88678645 -37180162
-79746835 18633814
31841122 -91156961
0 64873417
57468354 32462306
26075949 42003972
38734177 41742406
-69620253 27579969
85332327 -44756303
7653680 -98477598
11982554 -97349458
48491442 -83735318
72078068 -68635901
0 55379746
3061496 -99391056
0 80063291
54281446 -81046994
-98481012 1167704
98691801 -6072579
-76202531 17168525
0 84493670
53924050 23758263
-57468354 32678134
98968815 -4861426
0 96835443
49873417 45723818
58399172 -78488044
-58481012 39882596
94896755 -20058563
77901667 -59091993
-37215189 42073499
47167653 -84460993
78717806 -57650419
43924541 -86043198
31645569 36103131
97713122 -10096636
48596963 -83990102
38227848 59497938
46480700 -84941593
97974683 1999126
72658227 14763721
0 98101265
67466467 -72878429
28607594 66284939
73197410 -66893803
33670886 35090580
87212404 -40606884
-95454545 -18181818
24929655 -93518805
-27088607 44814761
90231106 -33340798
-36708860 57332253
20000000 63739070
0 90822784
0 90506329
98213081 -8087191
41463736 -87058791
74177215 18881953
-47848101 27809635
75189873 14702094
-91392405 8544254
0 57594936
-39240506 60337071
36908960 -89106086
0 58227848
29120169 -92041399
77721518 12176403
27973025 -92532830
0 88607594
88518948 -37562277
39265982 -88129774
93359072 -24784274
61012658 28290185
0 95253164
37019920 -89373984
66385050 -73600998
51898734 43515034
-32658227 36115588
46410099 -84771121
86539895 -42120804
0 100000000
54198230 -80846073
36897539 -89078510
6103546 -98735214
0 82278481
99753755 -1217780
23822974 -93877340
71625193 -69329416
52911392 31593882
-73164556 24551990
77281589 -60168623
54489513 -81549318
41942648 -86972772
-4545454 -77272727
45215935 -85351360
89619851 -34880470
-37721518 42011669
-43291139 38557056
0 65822784
21518987 71944593
79121303 -56927059
87543858 -39847808
0 58860759
28964640 -92149020
3478965 -99308013
0 55696202
60363544 -77309398
-46329113 52068070
59896572 -77936442
-20506329 42120197
71169393 -70021011
-53924050 33959670
86709221 -41742857
0 78481012
63846666 -75192085
0 52848101
51756084 -82093059
0 58544303
75696202 19493937
-50000000 -36363636
9913993 -97847493
88035022 -38706586
0 86075949
12667856 -97249553
-84810126 11393506
39810922 -87778691
0 66455696
53295086 -81297266
-72727272 -86363636
-86329113 7404149
42070682 -87281888
-63037974 25574880
76864420 -60884185
23658451 -93958623
88354430 8265822
-52911392 27468134
60886014 -76991803
0 51582278
81477820 -52551714
0 99050632
36202531 59350403
47341772 36341800
-64050632 24651606
0 61392405
57733748 -79381592
82784810 10001647
89367088 6503415
25123833 -93987626
-53417721 34529465
29113924 36683882
0 60443037
27195970 -92929590
73164556 25593272
36881226 -89039117
30032077 -92503844
93623659 -23999385
17142522 -95931121
-36363636 -63636363
-4545454 -40909090
-22727272 -77272727
9567094 -98096995
0 62341772
6932687 -98555125
29756129 -91837617
79240506 14855049
-24050632 65867688
27594936 47393026
42784810 54929254
93491780 -24391969
45619045 -85134070
37103146 -89574913
0 53164556
9518555 -97979794
0 69620253
0 91772151
0 89240506
17945619 -95705468
44492058 -85674155
-54545454 -90909090
54182903 -80809065
-77272727 -54545454
0 87341772
8504086 -98308441
93417721 4483113
0 83227848
62003921 -76357347
67105995 -73119285
36973685 -89262358
48499881 -83755698
-100000000 -31818181
96977601 -12900756
9503791 -97944132
-35189873 63718282
0 87974683
0 73417721
4252058 -99154231
-88354430 7368521
90531851 -32569040
58807550 -78337604
-54936708 41515032
0 81329113
56614771 -79537266
-42278481 50345504
-77215189 11958990
94430379 2989220
0 80696202
-100000000 -4545454
91414499 -30246243
42278481 51583979
-74683544 25156889
67088607 29006582
0 71835443
0 74367088
62531645 32085068
92545457 -27132142
28380058 -92325008
-89873417 5765816
81265822 14977730
90829336 -31796019
-40909090 -77272727
59288252 -77917067
35338007 -89661283
0 73101265
40253164 47900696
-51392405 25095589
0 68037974
85822784 11257658
64050632 19804984
56063414 -79793467
0 70886075
33730141 -90522656
68101265 27199928
13172592 -97018796
83904734 -47746063
6957893 -98616000
30615522 -91559440
23432234 -94070387
-45454545 -45454545
91269435 -30634149
96759848 -13699907
33654493 -90340006
52306396 -81834335
88995616 -36414925
36875197 -89024560
0 78164556
79919116 -55475262
69620253 22421699
40408727 -87555260
99149227 -4053027
0 75949367
13809847 -96976262
7623030 -98403583
0 62025316
64786878 -74591139
-65063291 23870018
98407121 -7281953
90976853 -31409039
18827566 -95453725
-77272727 -50000000
34817812 -89939959
96086371 -16091743
-79240506 17496494
-90886075 5169693
65303635 -74323571
74079604 -65491678
0 68354430
0 74050632
59808307 -77723340
90379746 7324671
-57974683 23928259
30940423 -91363415
-58987341 39477939
68007178 -72517145
95620577 -17681478
57549790 -78937447
67594936 29844762
0 81962025
20495359 -94934675
41265822 31539909
-83797468 8324016
95971181 -16489544
64222221 -75046144
0 59810126
10149424 -97836181
0 51265822
86877748 -41364554
0 68670886
0 97468354
-87848101 9945578
65569620 22147913
-56521739 -4347826
72751881 -67592060
5887452 -98828926
-59090909 -86363636
32240602 -90879138
41772151 57847310
91123553 -31021749
76444234 -61597979
86835443 6781210
22082429 -94488137
99499803 -2433978
15307341 -96955185
-40909090 -22727272
35197637 -89736481
15177882 -96642630
12756120 -97462656
0 89873417
26694327 -93017211
95949367 3754891
85156642 -45131335
-21012658 66757939
6632365 -98620595
82614321 -50342004
16408163 -96134504
71139240 20505460
96455696 2779067
0 87025316
0 86392405
-33164556 48043352
6356978 -98680389
-75189873 21909137
71645569 25563108
-38734177 33231609
51392405 44557571
89927104 -34111279
95262430 -18871166
24050632 39213836
53438857 -81186683
97610586 -10497886
89152890 -36031806
3644628 -99275060
38749330 -88285967
84445997 -46627733
0 73734177
78311258 -58372068
25512230 -94925303
21012658 53520868
-94430379 3607785
21879949 -94489489
-22727272 -50000000
22531645 64919036
-83291139 14555774
-25063291 43471477
0 87658227
67295717 -72992519
-56962025 23560102
24941074 -93546380
0 69936708
72528012 -67940481
87341772 11294236
-4545454 -45454545
42436875 -86662171
99918774 -406099
0 70569620
-75696202 18212462
-66582278 20470585
-63544303 27757714
80899095 -53651126
0 76898734
-45822784 41835018
42725538 -86481861
0 57278481
95855152 -16887102
33337658 -90484192
0 52531645
36888524 -89056740
58762169 -78228021
-50886075 41392716
56375068 -79579671
86369772 -42498392
64191573 -74972130
0 80379746
46897378 -84648833
-62025316 22571091
96869147 -13300446
32658227 60450163
96649707 -14099135
94648796 -20848864
59493670 21209181
44303797 39019515
-91898734 4683873
37721518 50732373
-48860759 41629418
-49873417 37100040
33918365 -90219468
0 69303797
0 56329113
46090349 -84956122
6378071 -98731335
52697089 -81767464
24556962 63302930
76202531 21198693
41304103 -87216898
0 90189873
60000000 37287599
31969156 -91466077
83291139 14345739
0 82911392
66655404 -73420355
23101610 -94233738
-59090909 -90909090
15123384 -96511039
0 50316455
30632911 36957213
25976710 -93148066
38412385 -88387834
61441446 -76904192
13377981 -97003151
49948738 -83086892
61358238 -76703280
99326224 -3243872
0 95569620
50886075 39574020
-78734177 16811108
53417721 31815387
49367088 49725702
18869367 -95554661
55949367 32296037
59131949 -78051239
95738284 -17284414
22810223 -94199139
98481012 1257100
80509415 -54382021
89309354 -35648356
37297344 -90043751
91898734 7190821
-33670886 59189522
48694059 -84224518
10869807 -97670580
-47826086 -39130434
20076887 -95136531
5102463 -98985072
3189056 -99365682
0 85443037
-31139240 48857266
10850611 -97624220
0 64240506
-23037974 44123306
66582278 31378496
-56455696 34989004
-55443037 29827974
36944264 -89191324
49082456 -85162196
86329113 7859991
61377434 -76749638
45008127 -85582286
-100000000 0
80759493 17479393
82049570 -51448659
74516253 -64787834
92955982 -25959497
0 50949367
-34177215 62765811
0 50632911
-27272727 -81818181
-86956521 -82608695
-77272727 -77272727
-9090909 -40909090
75808313 -62665328
36708860 44655063
55513231 -80174618
43980019 -86177145
73670886 13334132
74733462 -64435222
71851997 -68982898
-22727272 -95454545
48527615 -83822667
31272030 -91286801
96200721 -15693699
80116652 -55111264
57604288 -79069038
97191977 -12100692
-41265822 45872427
97507203 -10898918
-72727272 -95454545
22501084 -94322384
27125367 -92759117
3826857 -99238811
0 75632911
92406966 -27522444
54430379 45538422
38977264 -88217058
94397503 -21638110
0 98734177
16779705 -96065310
94142879 -22426288
84303797 12150572
0 72151898
92683124 -26741550
10933819 -97825135
-95454545 -81818181
-95949367 3986643
81285685 -52918591
95019482 -19663022
29782405 -91901062
81772151 12564919
0 82594936
33045313 -90889541
0 77215189
0 63291139
-72151898 24163164
-47341772 33433406
82801013 -49972327
-27272727 -18181818
4783561 -99048506
-31818181 -86363636
0 79430379
36923896 -89142148
44174213 -86645979
87378532 -40227521
56130038 -79954331
-77721518 14328019
57974683 38158892
12641902 -97186882
0 54430379
88197136 -38325491
20555872 -95080792
96314229 -15295414
43093878 -86390736
0 77531645
67889632 -72595685
40158384 -87859990
16846329 -96226176
92405063 7529305
-59090909 -77272727
0 67721518
0 54113924
-92911392 5119961
70632911 20833199
66076074 -73807447
-90909090 -13636363
12129383 -97282870
31802718 -91064233
0 66139240
0 71518987
35189873 49230749
83797468 13419554
96426897 -14896891
86027136 -43252487
99585309 -2028758
54224706 -80910000
0 68987341
79746835 16763702
63034370 -75707812
84085942 -47373668
77073382 -60526624
96538723 -14498131
51342731 -82285605
83172052 -49231795
0 63924050
-71645569 26054431
93091172 -25568040
0 81645569
-80253164 15568331
79321906 -56564743
90381886 -32955078
-59493670 32953675
-77272727 -31818181
0 56012658
85316455 11140609
87848101 10692793
82426850 -50711286
82238599 -51080172
-32151898 63519817
0 64556962
-86363636 -22727272
0 92721518
94936708 2770909
95443037 2773621
92127513 -28302164
-40759493 29934291
98015643 -8891601
70940399 -70366086
-28101265 68416372
-50000000 -31818181
62551564 -76012805
-95454545 -36363636
-60869565 -52173913
-90909090 -31818181
58987341 25084768
-36202531 36983564
0 93037974
0 -100000000
-22025316 70568846
-43797468 34691399
18817572 -95429592
-87341772 11736484
0 97784810
99493670 297117
-20000000 43244226
0 54746835
0 62974683
8022446 -98315230
-65569620 27636016
62600102 -76130005
87708383 -39467747
73639988 -66193672
50856887 -82779372
83356399 -48860943
66075949 28799895
0 84810126
68607594 21854988
55711982 -79955128
55443037 25171836
-78227848 14000736
35027715 -89827510
15734087 -96318733
18 474 246 982 140 312 533 877 319 435 159 981 681 129 418 961 307 243 598
15 236 8 744 902 74 295 639 195 81 197 743 443 647 891 45
15 427 258 851 940 670 958 24 663 911 256 686 943 152 590 817
8 848 864 563 580 23 774 829 215
6 895 667 733 954 298 854
10 158 930 996 217 561 117 836 3 119 751
8 356 128 864 194 415 759 34 201
15 756 528 594 354 815 693 159 715 434 601 717 349 263 963 984
16 827 850 658 358 251 656 217 7 60 24 221 689 932 322 426 513
26 732 33 17 192 998 477 285 878 985 967 283 51 844 970 316 559 848 623 395 131 289 461 682 964 26 582
5 885 585 478 234 883
14 673 445 511 732 14 76 518 471 634 266 180 396 880 84
6 658 358 251 7 656 60
17 77 885 585 567 651 297 478 883 290 313 538 234 570 779 914 640 35
6 963 735 471 801 22 900
11 978 750 486 644 816 37 381 937 823 939 663
7 210 18 611 16 718 430 577
16 110 882 618 948 169 513 955 908 71 617 317 765 598 54 597 943
8 770 578 278 171 927 576 990 980
14 431 203 269 975 490 772 368 834 390 109 276 392 24 938
18 676 448 514 220 274 735 17 613 79 635 354 521 637 269 183 883 331 485
19 258 851 940 256 958 24 686 670 646 590 911 817 607 663 660 13 152 821 283
8 507 338 38 20 750 931 687 336
15 563 394 987 94 76 160 392 79 953 822 47 782 957 743 288
24 422 121 406 138 387 674 267 672 233 374 12 784 520 678 850 71 415 971 857 810 891 973 519 247
15 231 62 655 744 828 762 60 747 621 411 464 467 450 428 490
10 295 103 803 452 869 785 788 515 505 469
16 163 756 863 161 575 722 512 726 568 929 848 194 591 565 192 910
7 911 683 749 970 314 870 756
12 865 882 150 325 76 854 517 166 804 131 132 607
12 193 965 31 252 596 871 38 154 786 700 400 604
13 996 768 504 662 834 55 399 955 841 957 503 203 224
14 827 850 658 358 7 424 343 340 70 251 689 46 932 60
5 979 2 810 403 510
5 601 373 267 439 145
10 303 75 969 141 362 706 262 148 101 264
11 356 128 194 900 954 415 759 34 201 235 317
30 750 766 465 731 732 187 18 718 611 367 784 16 703 446 671 430 700 356 128 22 194 415 697 293 759 201 317 949 863 79
7 160 991 691 340 757 584 673
17 254 26 92 313 657 99 52 133 215 761 461 482 665 909 198 23 378
13 90 898 598 491 580 896 310 326 303 927 286 230 664
19 294 66 132 838 353 635 697 139 92 255 801 17 501 522 705 949 782 238 127
12 916 688 754 975 319 875 594 761 714 795 877 509
8 18 718 700 367 420 703 611 16
7 834 606 672 378 432 893 175
41 372 388 87 353 474 809 832 640 340 233 989 406 322 68 325 671 293 28 638 52 972 534 785 42 978 750 486 644 816 37 319 381 823 939 571 485 213 185 633 922 811
18 286 309 117 817 799 883 466 710 519 545 115 529 483 781 676 505 148 770
21 249 214 948 233 335 670 693 501 94 201 183 850 839 611 347 505 677 437 898 776 242
35 963 928 662 49 947 384 215 808 213 897 915 564 981 900 774 643 617 627 603 868 246 553 325 219 391 612 894 490 956 398 351 432 514 60 276
24 643 928 103 295 854 660 632 944 582 909 747 919 910 30 385 634 501 32 712 978 959 263 345 19
13 136 729 836 485 818 902 821 564 134 548 541 167 165
13 163 971 671 653 320 373 383 656 564 2 969 376 530
39 127 412 144 587 338 849 680 380 273 362 446 29 92 678 365 239 82 711 108 333 954 12 549 18 790 856 562 77 359 421 977 696 863 979 611 525 741 225 429
11 451 223 289 995 49 510 792 388 854 296 249
15 587 610 418 11 416 830 977 846 823 71 750 118 173 447 767
20 935 220 395 236 201 488 188 170 837 890 254 173 826 598 492 664 885 229 671 624
23 369 334 353 528 279 621 321 214 970 23 303 387 959 731 467 625 797 503 18 896 362 804 838
14 760 532 598 304 358 819 163 605 558 639 721 353 267 995
11 530 338 38 931 687 104 766 740 336 726 704
9 700 472 538 244 759 103 659 545 579
6 756 528 422 594 354 815
11 640 233 638 52 322 406 340 68 325 989 671
18 515 287 353 574 452 918 474 360 394 476 22 722 926 170 3 459 2 284
9 67 898 491 598 580 664 896 457 247
34 288 272 253 987 374 709 732 540 133 222 952 240 889 968 942 906 204 225 571 878 650 716 937 815 281 837 556 723 676 839 563 385 85 289
26 859 144 319 160 125 581 604 412 5 410 824 971 112 750 522 588 809 91 687 153 595 548 711 257 957 161
12 632 655 463 56 145 461 22 163 868 492 116 613
7 804 612 312 205 610 171 961
16 45 817 883 104 448 890 6 552 252 700 989 878 814 641 832 597
7 566 531 265 550 532 652 725
23 529 513 494 688 228 973 781 481 463 193 130 186 547 810 675 434 183 536 119 891 957 178 460
15 298 129 829 478 811 722 127 531 895 541 495 793 557 534 814
27 307 482 674 233 22 767 575 275 924 168 573 977 941 987 260 341 963 239 913 685 421 751 457 511 972 316 872
9 637 409 145 303 475 696 574 40 315
15 158 930 824 996 217 561 3 119 665 365 386 569 813 967 102
12 326 291 25 412 42 883 310 485 236 677 292 14
6 756 349 754 456 168 315
8 800 572 308 466 638 344 398 859
9 978 750 486 644 816 522 576 37 915
34 87 388 353 104 474 832 640 233 322 52 340 638 199 45 406 325 68 669 293 203 972 387 978 750 486 644 816 522 37 381 823 939 485 213
17 704 476 542 763 107 549 665 297 211 911 359 648 191 537 473 300 491
5 556 328 64 394 154
38 412 429 697 872 713 134 157 965 665 647 377 393 353 297 731 314 834 410 367 650 453 303 75 141 901 362 706 262 981 148 264 988 810 26 510 958 247 790
14 558 330 66 396 156 617 899 495 961 517 236 403 356 437
19 756 528 594 815 97 693 159 601 717 263 479 963 411 700 243 589 525 352 460
27 665 682 966 950 52 387 410 218 918 567 984 620 903 556 328 394 154 615 959 515 401 354 517 63 279 763 784
15 945 753 346 751 312 453 102 155 435 438 141 85 119 508 778
7 876 648 384 714 420 935 813
17 978 750 816 522 37 915 381 823 776 857 939 485 213 185 633 922 465
9 770 578 278 927 344 263 6 231 609
13 573 345 81 239 411 117 171 632 976 532 251 418 452
34 150 325 517 865 76 587 610 418 11 416 118 830 823 71 846 977 750 447 100 568 981 756 528 594 354 815 159 601 554 635 717 263 963 984
14 683 455 191 349 521 742 620 86 528 644 190 918 890 94
5 996 768 834 55 933
17 832 640 233 322 638 52 406 68 293 340 325 28 199 534 395 665 785
10 343 115 181 402 746 188 304 936 850 578
11 676 448 184 342 514 735 79 635 521 637 361
19 750 925 766 465 117 482 676 404 731 207 732 454 741 852 323 569 800 781 456
15 557 329 395 101 616 960 402 518 150 242 64 792 764 212 366
34 990 705 722 6 92 427 258 851 958 607 256 24 660 624 817 289 532 922 110 821 670 596 368 104 262 434 140 194 655 533 999 441 394 475
22 573 748 940 499 589 288 675 554 305 146 227 555 277 392 30 564 279 677 357 623 604 318
5 65 896 596 578 489
17 593 365 101 259 431 652 996 438 472 554 278 100 828 316 800 248 81
34 705 6 722 990 92 258 958 851 607 256 660 943 646 817 663 24 287 152 686 596 368 434 140 194 655 937 999 441 557 103 831 803 824 7
8 140 733 822 138 906 552 699 568
7 303 3 985 715 69 988 731
5 488 260 326 86 547
7 978 750 644 816 37 319 915
13 978 750 816 576 37 381 823 776 939 485 213 701 185
9 996 768 834 55 933 399 955 674 841
17 587 418 118 767 184 103 820 449 784 846 82 270 71 363 146 100 563
16 487 259 995 325 546 424 890 446 332 285 366 448 994 722 210 694
13 996 768 504 662 834 594 55 399 955 674 841 794 957
1 465
29 848 865 149 133 308 593 401 994 101 750 167 829 54 399 789 960 86 83 546 695 270 295 739 511 405 577 337 798 80
16 742 573 166 571 255 339 985 1 226 961 132 905 328 598 718 258
14 243 943 925 592 645 655 9 836 609 907 517 671 537 896
17 426 198 264 970 485 829 385 104 271 387 933 633 837 81 235 370 913
16 916 688 424 754 975 319 875 594 761 877 423 151 639 123 571 404
7 596 368 104 262 434 194 655
30 388 87 104 474 372 832 640 233 638 52 45 68 199 293 203 669 387 340 972 395 85 322 978 750 644 816 522 576 37 915
5 593 365 431 652 530
15 640 233 340 638 199 52 989 203 45 322 42 68 406 28 387
8 800 823 631 224 331 313 43 397
41 408 693 868 619 60 153 961 661 554 643 373 727 310 646 389 349 293 959 614 716 830 406 520 855 299 71 137 358 640 236 702 258 144 97 178 260 892 984 806 534 506
19 460 232 298 4 58 519 863 305 339 421 53 967 667 688 871 115 404 947 229
11 236 8 744 74 780 834 295 639 81 197 829
26 750 766 925 731 404 210 18 611 16 577 430 423 47 446 912 911 356 128 194 954 415 697 293 759 201 235
8 745 576 169 574 258 276 925 988
15 394 94 987 76 806 822 160 799 743 79 782 423 392 544 539
6 535 558 366 66 715 48
8 687 710 518 218 111 200 284 930
11 299 71 807 965 137 358 640 236 702 144 178
18 756 528 264 422 594 815 97 693 159 715 434 601 554 635 717 263 963 167
10 827 658 251 656 340 358 70 63 687 311
14 147 919 655 813 985 745 206 550 106 992 945 26 108 740
28 750 766 465 925 117 187 210 18 718 367 420 703 384 784 700 682 49 446 163 292 671 406 356 128 864 22 194 954
14 91 863 757 929 635 689 150 432 28 494 936 52 598 326
8 676 448 184 342 514 274 735 613
18 978 750 486 644 816 37 319 381 937 823 776 939 485 213 185 633 922 465
23 310 485 326 25 412 747 770 578 278 927 260 990 983 231 171 916 688 582 754 514 975 319 875
24 795 80 255 812 447 96 182 6 734 784 61 899 653 71 537 184 62 786 864 130 497 415 171 163
8 620 643 451 151 44 800 133 217
15 162 755 160 862 844 574 590 721 550 494 917 607 307 941 187
16 387 410 218 918 567 811 620 584 900 249 903 630 606 363 646 871
6 674 267 374 23 356 440
11 286 571 746 587 938 497 673 275 303 552 225
6 59 759 408 741 471 825
40 341 56 516 267 357 778 801 609 309 958 202 11 294 375 640 607 883 291 21 14 377 754 947 719 613 785 491 6 350 792 745 908 632 454 154 602 435 756 891 780
17 211 42 635 724 40 808 742 727 601 605 447 71 695 936 935 73 285
12 300 72 138 844 359 237 703 145 261 893 985 807
13 507 530 338 931 336 20 104 38 897 750 687 23 743
41 291 576 592 678 308 13 36 844 437 526 256 544 610 842 529 272 232 989 875 249 403 118 193 873 182 954 690 848 20 241 119 585 860 27 980 61 143 775 867 689 417
10 659 252 359 341 71 657 425 218 222 87
17 765 537 603 824 168 610 726 272 972 420 709 534 889 361 552 317 472
38 566 531 550 725 532 818 411 518 167 584 500 246 503 471 230 816 220 150 223 573 687 263 597 517 156 928 664 994 700 215 93 559 834 1 117 749 663 879
27 241 416 257 608 222 678 509 102 507 209 921 858 937 914 162 191 538 275 841 911 659 378 847 619 513 685 445
8 361 192 785 892 541 874 958 604
18 623 454 154 136 220 139 47 842 452 485 728 748 599 786 209 173 899 942
15 73 96 904 497 586 604 316 332 253 306 557 798 270 797 659
10 463 235 129 301 522 400 866 308 342 424
26 465 482 750 925 676 18 718 367 700 420 784 430 384 611 682 446 356 128 864 194 954 415 759 201 235 317
16 48 71 879 579 472 561 877 438 228 291 284 908 307 645 532 211
6 2 833 533 426 831 245
9 815 587 481 653 359 413 874 156 218
31 267 568 654 533 284 820 520 502 413 818 232 225 473 714 586 713 152 248 505 379 63 849 208 575 158 930 996 217 561 836 3
13 381 153 47 219 925 440 784 340 226 179 260 342 974
28 766 465 482 750 731 187 210 18 718 611 16 577 356 128 194 415 697 293 759 315 34 201 154 235 317 949 41 863
5 723 495 231 561 321
12 134 965 558 665 963 314 731 647 377 524 367 393
6 540 312 48 206 378 138
17 303 75 811 141 847 901 362 644 706 148 101 264 988 810 26 510 714
1 105
21 133 308 500 848 865 570 401 994 399 101 813 750 739 511 577 798 142 417 584 537 618
17 77 849 743 915 621 136 480 36 755 922 38 762 584 284 488 732 886
32 705 990 165 916 694 427 450 258 958 851 607 24 256 817 670 663 287 408 911 596 368 434 655 937 999 441 557 189 103 831 803 824
16 951 974 782 482 375 131 780 184 548 210 341 148 446 187 811 435
7 753 718 452 737 912 391 663
5 705 405 387 471 54
29 56 73 357 443 341 778 609 309 202 291 375 294 997 947 719 785 545 6 288 884 350 906 625 792 908 454 182 670 154
6 435 207 273 33 494 776
5 640 233 638 199 203
12 423 446 254 954 936 666 20 847 682 603 252 659
14 535 307 201 373 79 594 938 380 414 496 128 220 42 770
12 338 38 20 687 931 336 740 704 369 483 612 897
15 434 206 942 272 32 493 775 371 837 279 395 27 119 941 669
11 676 448 184 342 514 735 17 613 79 521 555
16 756 528 594 815 159 715 434 601 717 349 263 479 963 411 700 243
23 310 485 677 25 42 770 578 171 260 990 278 927 576 916 688 424 754 975 853 319 761 795 877
5 825 848 656 356 249
6 432 455 263 963 856 261
24 557 272 732 289 573 924 538 483 539 659 130 211 661 14 376 263 341 261 607 548 892 302 974 588
34 809 94 110 269 20 531 362 62 955 360 44 774 921 128 47 790 393 507 750 925 694 636 700 472 538 298 759 41 637 103 378 545 498 661
28 482 499 783 748 767 204 227 35 628 735 384 437 720 423 401 66 367 717 801 463 688 790 373 145 881 211 432 310
30 587 762 513 302 954 47 855 448 853 537 414 418 621 602 273 555 635 260 283 540 417 884 295 122 193 965 701 859 31 737
11 523 295 361 67 121 582 864 460 926 482 368
16 756 528 594 300 815 159 601 717 349 441 263 963 411 244 565 700
1 326
6 498 270 336 42 557 435
12 978 750 816 522 576 37 381 823 776 857 939 571
10 187 210 18 718 611 16 700 367 784 430
14 200 216 181 915 302 375 854 126 182 304 904 19 773 567
7 805 504 891 789 770 771 521
1 396
32 908 892 67 259 818 352 160 860 509 842 562 845 548 753 305 526 572 158 719 588 454 15 498 270 6 336 557 901 343 296 377 459
5 922 945 753 453 346
16 710 11 976 727 995 263 963 945 675 29 612 601 373 439 660 942
17 157 856 873 141 243 122 316 508 67 845 123 795 132 598 714 960 191
8 293 993 642 975 695 659 705 886
15 107 879 945 651 705 166 510 952 68 614 342 314 762 595 51
15 916 688 754 975 319 594 761 877 601 423 123 571 860 685 173
21 630 646 345 611 805 67 90 898 491 580 664 326 896 236 8 744 902 74 780 295 577
7 691 463 529 750 94 650 536
10 166 150 865 882 325 76 804 517 131 854
34 477 493 652 844 458 914 937 745 338 427 511 157 150 774 445 430 743 639 638 304 94 173 988 83 855 921 627 142 486 928 44 590 806 290
17 529 513 494 228 688 167 880 615 495 245 86 617 970 219 439 217 297
24 798 83 815 99 258 520 543 351 51 700 944 753 117 36 33 763 689 461 355 527 233 287 748 30
19 946 777 370 477 126 459 543 775 336 182 179 430 671 462 205 109 670 806 20
9 180 11 711 604 360 9 413 570 416
20 650 825 576 17 354 918 618 600 330 684 323 603 256 28 764 922 94 800 854 315
34 467 432 451 626 818 888 719 312 717 278 124 282 131 748 372 613 401 419 485 869 612 499 51 962 57 829 895 601 116 398 994 460 735 902
9 500 93 200 182 849 266 498 59 912
19 545 317 211 383 604 886 482 948 390 506 230 52 780 752 956 200 489 32 314
11 236 8 74 780 295 577 173 639 81 197 829
7 465 766 731 482 852 750 925
15 474 246 312 533 411 877 319 435 159 981 197 681 885 129 283
21 990 6 705 971 92 258 958 607 660 940 24 624 686 596 368 104 262 434 655 937 533
17 728 500 566 326 787 131 573 526 689 321 235 451 935 383 672 497 985
10 67 90 898 491 896 310 580 457 326 303
7 160 932 668 998 219 97 563
9 12 820 413 502 232 225 586 248 208
15 893 665 731 491 952 830 296 852 571 738 772 854 486 578 400
12 676 448 514 220 274 735 613 79 521 637 183 399
8 676 448 184 342 514 735 79 354
10 158 930 824 996 756 217 499 95 561 836
7 12 820 413 502 232 225 520
19 136 908 802 974 680 195 477 73 539 981 97 643 343 791 80 905 732 688 843
11 156 928 994 700 215 559 115 1 117 663 879
11 338 38 687 104 766 726 991 670 93 931 363
6 608 380 446 667 949 545
8 832 640 340 989 322 52 406 45
6 919 512 601 331 324 619
10 826 598 334 492 664 885 167 763 229 785
18 158 930 666 996 217 561 3 119 665 365 569 813 646 967 102 645 927 282
14 236 8 74 295 173 639 81 34 197 829 743 443 464 891
16 596 368 104 434 140 194 655 533 999 441 557 189 281 103 319 803
8 996 768 504 834 540 55 337 399
13 158 930 996 217 499 95 561 3 956 119 665 881 365
7 827 850 658 358 7 424 60
16 583 355 91 421 127 642 986 428 381 544 176 268 90 790 811 994
28 105 390 406 371 372 658 358 340 7 60 70 86 996 768 834 594 55 399 955 841 957 589 503 203 407 651 805 940
13 3 775 841 547 62 344 406 848 964 596 688 510 726
8 676 448 184 514 220 274 735 613
9 978 750 486 816 576 37 915 381 937
7 158 930 666 824 996 756 217
14 832 640 233 322 52 638 45 199 406 68 669 340 534 325
5 722 494 560 781 63
11 372 547 87 739 388 353 474 354 298 104 76
9 978 750 816 522 576 37 381 937 656
5 12 820 413 502 520
33 935 220 236 952 322 680 488 188 837 254 173 876 633 170 519 890 854 826 598 334 664 885 229 785 671 787 419 333 61 33 481 635 770
18 723 495 231 561 267 782 126 568 684 408 230 930 378 667 210 556 492 980
10 236 8 744 74 295 639 81 197 829 743
16 676 448 184 514 220 735 79 521 474 555 637 361 183 883 331 164
9 450 258 851 256 958 940 670 817 663
14 221 244 52 752 401 734 454 737 83 440 418 716 464 645
11 359 131 867 25 197 957 418 762 318 37 204
18 587 418 118 100 830 823 767 184 71 750 173 287 11 103 863 443 449 692
10 150 958 551 956 658 370 517 521 640 724
19 538 561 369 962 69 51 781 797 757 135 718 701 22 263 367 54 928 124 814
24 544 561 829 845 810 289 97 690 779 797 509 863 435 207 273 979 494 838 394 280 233 314 396 28
8 295 318 126 719 826 808 124 475
10 65 896 596 489 245 298 581 894 455 308
1 27
17 780 552 618 839 121 183 739 625 741 373 465 287 987 435 724 549 37
33 345 630 646 362 805 90 898 491 598 580 896 664 326 286 230 247 583 551 300 236 8 74 295 577 173 639 195 81 197 829 743 471 959
25 634 935 900 919 94 356 379 187 887 869 599 592 615 525 297 191 363 123 584 928 203 370 486 32 248
5 381 153 219 979 440
10 809 832 640 340 233 322 52 989 68 42
6 94 687 92 794 653 499
19 627 650 458 51 158 456 870 807 860 863 886 17 21 143 224 824 140 205 487
17 612 635 443 36 441 2 143 125 848 96 6 855 775 792 472 209 312
24 46 221 761 62 27 506 314 907 14 663 652 424 160 490 711 993 55 611 497 531 613 159 887 859
15 761 461 354 759 173 443 189 110 166 149 906 93 630 206 55
33 797 82 98 63 257 350 943 348 50 762 32 116 909 778 699 738 3 35 244 688 460 526 286 747 625 91 647 366 533 486 649 373 195
23 726 425 442 691 812 170 978 571 678 976 537 660 744 327 316 88 154 860 375 657 253 719 994
3 328 344 503
15 153 925 991 751 212 494 90 556 112 998 114 660 360 808 962
16 427 450 258 958 607 660 24 943 940 289 646 532 590 851 127 552
19 344 937 26 110 342 29 772 732 903 676 44 997 99 369 832 375 756 907 753
10 343 174 874 767 172 733 856 940 602 523
12 587 359 95 425 185 646 990 546 432 548 94 310
13 676 448 514 220 735 79 521 637 361 183 911 399 883
8 996 768 662 834 55 399 841 875
11 756 528 594 815 159 601 717 263 991 963 984
15 996 768 834 55 337 399 841 957 503 231 719 203 224 407 651
31 6 705 92 990 165 427 258 851 958 607 24 940 686 943 660 624 670 256 911 152 646 663 151 289 596 368 434 140 194 655 533
12 581 389 89 71 801 155 738 794 42 721 982 418
24 259 275 434 185 240 696 719 527 227 876 209 929 893 865 637 703 463 924 802 268 543 710 826 550
13 709 481 217 375 547 253 768 112 554 507 588 670 302
30 750 925 465 117 676 18 611 718 700 430 367 784 446 423 420 384 49 682 870 16 356 128 22 194 415 697 293 759 315 34
6 273 866 955 39 958 701
18 146 918 984 744 205 549 105 824 991 25 107 831 653 381 353 374 557 801
17 596 368 434 655 533 999 555 441 557 103 803 251 540 83 429 365 720
9 90 898 491 598 896 580 310 303 247
30 720 435 736 822 895 157 180 988 688 670 581 337 400 393 390 754 354 416 673 19 262 756 17 326 98 992 164 870 924 385
26 217 234 518 502 677 962 770 470 452 536 363 768 329 119 333 108 880 946 652 167 511 953 906 69 701 615
28 12 297 313 472 29 565 265 158 914 563 124 331 247 250 128 967 931 970 953 594 596 903 675 569 741 447 962 840
9 567 590 398 98 991 747 800 164 826
16 891 875 856 50 529 801 590 977 607 448 579 979 332 242 694 857
19 598 370 436 142 196 657 535 1 557 276 443 396 477 559 105 833 321 805 826
11 996 768 834 540 594 55 399 841 794 875 957
12 356 128 864 194 415 697 759 201 154 317 949 863
5 676 448 514 274 735
6 809 640 340 233 638 199
15 810 641 234 341 990 407 639 200 46 43 7 326 29 973 294
19 7 30 838 431 520 604 250 836 538 397 266 243 187 401 491 170 523 226 707
23 212 228 387 138 193 672 480 180 73 478 39 885 43 829 892 818 590 656 362 416 877 159 221
13 719 312 401 419 131 124 485 748 613 717 372 869 404
19 85 785 434 487 767 497 451 749 851 937 359 490 770 114 678 83 30 379 804
8 10 782 848 69 413 969 688 855
13 756 528 594 354 815 97 159 601 717 263 963 411 565
13 596 368 104 434 655 999 441 475 557 103 803 7 251
32 6 971 990 165 972 427 450 258 958 607 940 660 851 256 817 943 646 663 821 624 922 5 408 287 596 368 262 434 655 533 999 274
14 14 786 522 852 73 417 692 859 975 521 249 221 242 425
6 850 658 358 251 656 70
19 902 710 303 410 392 476 708 395 269 115 59 122 739 273 457 363 860 741 98
18 569 341 407 628 506 972 414 367 448 530 76 292 776 224 513 338 165 273
18 387 410 218 811 918 216 777 567 900 620 903 984 606 630 550 781 87 363
7 57 757 739 469 650 462 406
18 659 431 497 718 62 337 504 538 620 252 166 894 866 314 147 603 492 428
8 236 8 74 295 639 914 81 34
16 166 150 325 865 252 131 76 854 132 882 517 804 254 969 723 141
7 102 874 768 940 700 161 443
18 388 87 104 372 547 640 233 340 322 406 638 68 978 750 816 37 319 381
14 54 754 403 820 739 736 85 328 482 466 822 199 782 923
11 679 451 517 223 738 20 82 638 524 477 558
31 166 131 865 150 132 587 418 11 118 100 416 767 184 977 846 823 71 750 820 981 165 756 528 594 300 815 159 601 717 349 441
6 784 807 615 208 315 964
19 265 288 96 796 689 445 94 655 778 508 498 462 659 781 484 127 241 524 965
17 72 844 910 616 670 131 475 31 917 870 33 665 757 579 307 795 279
8 996 768 834 55 933 399 841 875
5 756 528 422 594 300
13 303 75 141 362 706 148 182 264 810 510 714 958 112
14 596 368 104 262 434 655 999 441 557 103 803 251 540 429
9 25 326 412 310 42 485 236 14 291
24 930 231 947 196 215 652 483 76 183 832 249 165 168 514 821 593 487 659 419 880 162 758 224 499
40 308 292 467 218 273 752 560 153 558 972 260 909 962 245 988 242 326 119 213 454 591 898 670 736 442 957 301 576 743 859 405 133 105 126 309 553 842 667 494 602
13 731 539 239 221 132 305 967 888 941 927 684 905 203
28 343 628 360 644 803 88 896 489 596 578 662 234 6 742 900 72 293 637 79 32 195 919 741 441 889 722 178 721
18 189 961 27 248 530 126 592 148 867 34 150 782 874 696 912 396 844 998
7 596 368 434 655 533 999 274
22 552 568 533 727 534 267 919 284 206 9 478 256 543 654 656 125 371 258 336 602 887 969
14 388 411 219 919 812 901 985 647 904 872 250 607 493 631
8 40 633 38 722 740 389 452 806
15 893 877 52 858 803 314 145 738 143 827 483 255 991 321 27
9 365 137 31 203 909 963 424 768 43
37 568 533 267 552 284 820 413 818 520 169 379 222 586 225 232 849 505 473 158 930 824 996 217 561 117 836 3 956 119 665 365 813 102 991 927 282 754
31 790 75 250 91 177 343 43 936 692 109 28 731 374 25 341 681 453 189 519 225 279 740 618 84 526 642 274 366 188 888 92
11 770 786 751 485 872 502 752 945 696 424 227
16 991 14 822 415 504 588 820 381 234 507 853 210 385 851 522 227
13 455 286 879 284 845 691 939 698 849 33 714 436 986
10 413 113 762 815 179 841 66 95 98 825
30 775 490 950 791 507 43 743 725 455 809 392 728 431 636 188 41 445 381 153 219 925 979 440 784 340 226 260 342 888 104
9 451 474 282 875 982 631 48 684 648
15 982 813 513 406 495 162 215 811 372 498 225 844 958 579 218
9 364 136 872 30 202 962 423 767 42
37 267 284 552 727 919 12 820 413 502 520 818 379 169 222 186 232 851 586 158 930 996 756 217 561 3 956 119 751 843 665 393 881 365 813 646 967 102
29 726 710 691 425 692 147 978 571 678 976 390 537 383 7 872 733 660 406 541 366 316 88 154 375 719 994 161 277 909
13 364 136 202 908 423 705 767 42 209 162 325 957 871
6 338 38 931 336 20 750
6 822 594 488 660 366 881
15 832 640 340 322 989 406 68 233 638 28 325 199 42 52 671
5 765 537 273 603 309
29 713 697 412 799 678 134 965 665 647 558 731 314 963 377 370 994 618 367 303 75 811 141 362 706 148 182 264 896 810
19 151 326 167 77 132 588 419 12 101 185 831 757 529 423 595 355 816 98 160
12 187 995 695 677 761 680 407 423 400 26 140 344
16 989 761 655 827 48 330 392 834 868 950 496 224 196 644 933 822
20 310 485 25 677 42 236 14 326 964 412 291 767 292 301 414 883 129 360 16 94
29 463 178 195 638 389 900 731 324 431 80 729 413 497 69 841 907 613 128 472 747 914 867 30 662 754 576 276 297 724
37 0 965 984 699 966 421 252 845 934 664 250 657 18 811 905 952 815 999 584 281 680 402 590 362 98 428 649 527 993 549 435 469 551 183 97 825 313
9 17 848 441 548 846 407 197 260 614
11 61 869 569 218 462 271 635 297 554 900 14
2 699 414
18 396 419 227 820 927 909 225 639 993 632 786 576 880 629 121 559 593 96
6 82 854 748 920 141 19
14 978 750 486 816 522 37 381 823 939 571 485 213 185 389
5 850 658 358 340 251
13 826 598 334 492 664 370 885 763 229 785 504 671 705
27 166 865 150 882 252 587 418 118 767 100 820 184 11 846 806 756 528 594 300 354 815 97 159 715 601 717 441
14 920 728 428 321 726 77 410 130 413 287 494 116 94 873
18 717 489 383 555 261 776 58 120 562 515 596 678 402 224 924 128 372 205
14 596 368 434 655 999 555 274 441 557 189 103 831 803 824
18 406 371 390 565 316 44 757 94 847 105 209 492 372 122 96 494 381 174
16 280 111 811 704 793 460 513 109 477 670 516 140 142 523 877 261
19 98 870 936 696 157 501 57 776 943 896 977 59 691 783 605 305 509 753 586
16 596 368 262 434 655 999 555 274 441 394 475 557 103 831 803 824
14 658 251 656 70 63 86 687 217 311 46 808 803 551 901
6 60 832 898 119 463 19
14 568 533 267 654 552 534 284 125 206 727 919 656 478 256
19 842 807 826 1 541 286 94 794 443 687 92 653 499 432 204 940 270 30 491
19 261 961 610 27 689 914 943 854 673 666 663 259 820 824 8 290 627 593 411
31 798 497 782 514 884 219 50 643 48 609 455 732 750 462 703 388 160 226 986 447 729 325 791 233 267 349 73 895 623 111 595
15 28 728 710 621 26 794 377 713 456 440 587 59 430 681 416
2 452 468
7 799 630 223 330 628 312 189
18 879 579 561 228 645 291 284 532 908 564 281 29 910 772 307 773 245 904
24 409 393 568 319 47 97 374 108 375 212 850 495 966 99 125 760 497 177 810 384 443 728 484 138
7 971 994 802 502 395 151 484
18 672 444 510 216 731 609 75 517 551 633 179 907 879 83 327 616 441 929
5 67 898 491 896 580
18 785 557 623 844 126 188 630 583 746 378 470 292 992 13 440 273 594 729
13 578 171 260 278 927 990 344 263 980 609 983 852 346
16 443 215 951 109 281 41 502 784 846 402 121 288 404 128 950 166
19 785 802 70 86 172 51 643 174 245 996 774 52 437 724 61 527 776 854 889
22 277 294 562 737 488 999 830 530 512 242 235 179 859 724 723 423 168 940 6 227 571 127
6 903 926 734 327 434 83
31 543 844 828 560 930 96 796 778 445 862 524 689 484 749 990 498 851 428 989 434 206 942 272 493 371 837 279 395 27 941 157
15 719 684 703 878 418 685 805 629 357 407 522 160 70 694 753
18 698 398 47 291 380 100 383 64 86 843 567 362 417 477 110 30 464 126
19 791 814 622 322 304 388 50 275 34 954 307 27 651 772 215 515 971 653 647
9 938 710 776 482 997 341 897 616 783
5 756 528 594 300 354
10 134 157 965 665 558 314 367 650 647 731
7 736 329 418 502 436 734 295
15 916 724 317 424 73 126 722 490 136 409 90 152 283 112 755
28 910 211 176 927 297 655 463 163 812 229 56 145 865 461 891 851 829 608 332 801 573 639 345 860 204 646 762 394
8 437 209 275 496 374 840 396 115
11 158 930 824 996 217 561 117 3 956 37 119
19 18 718 611 16 700 577 581 784 367 765 446 423 436 168 911 430 671 261 47
21 152 169 453 418 539 874 897 705 405 54 107 43 815 881 102 446 2 888 841 4 728
11 107 879 615 773 945 166 448 510 952 68 792
9 356 128 864 194 415 697 759 34 201
19 756 528 264 422 594 354 815 693 159 601 554 717 349 441 263 991 963 984 411
15 596 368 434 140 194 655 999 555 274 441 394 557 189 103 319
7 507 530 338 38 20 687 750
19 266 231 965 250 352 687 518 218 200 111 284 867 516 856 628 694 400 915 793
32 911 86 626 643 278 348 371 179 879 772 528 945 177 864 567 581 511 210 48 517 289 183 355 576 920 362 478 24 752 724 745 928
7 380 403 211 911 560 977 639
37 142 159 443 408 427 695 288 693 377 254 258 395 44 97 380 442 61 107 123 359 33 805 541 871 92 436 992 878 994 540 240 688 977 866 802 629 820
27 696 712 677 411 871 156 964 557 962 646 730 376 523 392 649 664 302 74 140 361 643 239 705 261 147 181 263
21 352 51 336 438 68 604 197 304 286 16 942 714 780 1 879 345 787 821 903 627 449
23 598 883 615 58 899 985 250 809 864 456 537 340 987 865 702 589 667 587 874 933 914 628 300
7 933 956 764 357 446 762 464
32 795 970 510 721 499 255 63 763 656 412 61 829 465 491 745 716 451 475 401 173 239 460 742 338 804 360 79 246 362 994 86 908
7 98 870 936 157 439 35 501
28 267 284 552 727 919 12 820 413 520 169 502 586 222 248 208 505 818 152 232 689 225 539 158 930 666 996 217 95
14 316 88 154 375 657 253 719 275 161 277 1 823 523 544
1 406
11 329 352 160 753 158 719 723 565 813 842 492
6 578 350 416 176 637 919
13 978 750 486 644 816 37 381 937 823 939 663 485 213
18 676 448 184 342 514 735 79 521 555 637 269 183 883 331 164 620 163 445
12 90 898 598 491 247 580 896 457 310 664 303 551
19 336 359 167 867 849 760 516 569 933 852 555 579 595 312 461 165 726 533 36
19 558 330 224 396 617 899 961 403 519 243 65 765 786 969 213 46 502 45 391
15 916 688 424 754 975 257 853 319 875 594 761 714 877 509 423
8 507 530 338 38 687 104 766 740
23 692 993 977 152 344 903 681 958 709 79 631 959 550 434 968 81 683 796 27 761 312 68 394
28 231 930 215 390 582 675 483 183 832 249 821 593 659 880 162 758 224 666 782 414 328 544 28 49 476 309 630 765
19 6 778 514 844 550 604 65 409 965 851 804 885 967 513 213 661 815 950 839
14 770 578 278 927 344 6 171 980 260 990 263 576 983 966
18 420 192 258 479 823 379 265 218 381 927 627 75 229 364 189 16 972 127
16 10 818 411 500 584 230 246 816 206 471 503 150 963 712 377 223
16 307 330 138 838 731 136 550 697 543 566 701 885 288 526 167 820
6 976 748 642 814 35 317
6 640 340 322 52 45 669
30 110 94 809 269 461 531 554 362 955 62 44 360 711 764 774 767 128 790 47 921 750 700 472 208 538 759 103 545 498 579
19 156 928 994 700 215 497 559 1 117 841 663 363 567 811 965 100 989 925 413
30 345 630 805 556 334 67 90 898 491 598 580 247 664 310 326 896 300 236 8 902 74 834 295 173 639 81 115 197 743 471
19 614 422 122 15 104 420 834 827 188 850 75 754 981 771 291 985 824 810 788
17 530 553 361 954 359 43 773 61 766 127 46 390 14 255 920 693 511
8 230 2 68 289 633 75 191 915
7 210 18 611 700 16 718 430
5 986 794 387 476 206
19 525 240 257 700 451 793 386 791 205 198 352 493 142 131 903 969 675 190 472
8 708 731 539 239 132 888 305 967
23 40 325 500 57 692 785 593 293 942 359 21 931 703 597 769 990 868 334 776 892 438 654 138
17 99 64 83 258 9 737 65 540 798 902 450 185 787 656 815 187 133
19 37 630 719 449 465 690 425 369 35 182 931 930 737 906 792 386 756 803 280
17 720 420 402 132 125 313 749 486 870 718 279 500 963 373 613 69 614
13 431 203 939 269 490 834 276 229 310 392 116 938 154
5 530 338 931 38 687
25 530 547 815 831 796 275 83 676 81 642 646 765 421 193 929 87 259 19 480 824 380 99 266 300 382
6 849 621 687 393 908 786
14 640 340 989 322 406 233 42 638 199 52 68 203 28 785
7 656 464 164 57 146 813 876
16 197 969 705 35 795 256 134 600 42 158 704 432 920 404 852 6
10 450 258 851 256 940 24 817 958 607 686
8 820 592 658 879 223 665 781 505
5 210 18 718 611 16
13 150 922 658 816 988 209 553 109 828 995 29 111 835
6 356 128 864 194 415 293
15 640 233 638 340 199 989 52 322 203 406 387 45 790 420 202
13 439 614 365 143 806 154 171 93 455 420 421 896 430
5 606 378 444 665 543
19 372 547 388 87 739 809 640 340 989 42 406 978 750 816 522 37 915 381 656
9 419 227 927 909 576 820 629 912 593
18 252 24 760 90 796 311 655 97 213 845 759 459 907 196 21 848 804 355
15 987 10 818 411 816 500 584 377 518 381 847 565 230 246 167
10 736 329 436 85 138 418 148 421 734 124
37 687 704 972 988 147 409 240 940 589 833 6 925 668 642 628 238 572 799 995 922 893 271 514 8 578 350 416 637 981 423 457 539 171 85 785 233 66
9 318 911 316 18 0 84 746 3 730
15 532 304 198 370 76 591 935 377 493 125 217 39 767 255 739
12 996 768 834 55 933 399 955 674 841 794 875 957
14 356 128 194 900 415 759 315 34 201 317 949 863 591 79
13 676 448 184 342 514 735 79 635 521 637 183 911 883
11 658 251 656 358 7 217 60 340 424 86 70
6 317 125 825 718 807 123
18 219 242 50 750 732 399 462 478 816 735 438 455 452 416 195 919 81 79
13 532 304 370 591 873 469 935 377 493 39 767 739 760
16 996 768 834 55 337 399 841 957 503 231 203 224 651 940 483 765
16 90 898 598 491 580 247 896 310 326 664 551 230 767 343 300 286
13 3 811 404 493 223 239 216 199 511 809 464 840 956
25 741 916 108 667 445 178 201 9 709 691 602 775 694 358 437 421 347 119 185 406 688 750 25 192 226
13 562 393 93 75 159 821 46 986 742 781 805 391 78
30 383 367 542 348 21 635 228 335 317 633 401 47 40 288 967 984 504 354 37 529 63 23 194 973 745 811 32 314 910 376
11 794 566 460 632 853 197 472 639 755 301 517
9 507 530 338 38 687 740 704 2 20
18 456 228 964 122 294 54 515 797 859 134 301 417 141 963 179 663 684 867
13 827 850 658 358 251 7 424 656 60 343 86 70 46
9 525 356 56 38 122 705 758 784 41
21 567 584 868 833 954 852 425 27 834 506 219 778 956 556 843 671 309 558 902 883 636
12 834 857 665 365 14 431 347 258 663 350 77 93
16 292 64 130 351 229 695 251 137 253 799 499 520 703 947 780 236
17 916 688 754 460 975 319 594 761 714 795 877 601 423 639 123 144 327
19 827 658 251 656 358 7 70 60 24 63 86 424 340 687 808 552 438 901 322
18 751 523 589 349 810 92 154 710 429 596 630 712 258 986 958 406 695 584
7 770 578 278 260 927 980 263
9 766 538 274 432 604 825 169 611 564
1 150
32 174 889 190 155 349 634 442 142 124 208 127 791 830 473 854 587 870 35 847 471 844 736 780 552 618 839 183 625 578 659 741 373
2 729 904
15 111 883 619 949 655 170 48 514 789 956 909 72 618 834 318
11 996 768 662 834 540 594 55 933 399 955 841
36 166 131 865 882 150 587 610 418 118 11 416 830 846 71 750 767 184 756 528 264 594 815 159 715 601 635 717 263 963 167 411 244 565 700 525 880
10 449 221 287 993 508 852 408 294 247 410
8 210 18 718 367 420 700 784 611
8 37 809 703 875 96 378 440 715
11 820 520 169 222 586 505 248 208 502 851 473
11 269 100 800 449 782 866 502 466 528 488 131
17 541 313 49 207 379 85 600 944 500 219 386 339 502 134 48 748 769
10 996 768 834 540 594 55 399 955 674 841
5 756 528 594 815 693
14 809 832 640 233 638 199 52 340 322 406 325 45 28 203
11 912 743 443 425 155 171 509 396 75 92 612
1 278
12 780 552 618 324 839 717 183 625 741 287 15 503
17 676 448 342 514 274 735 613 79 521 474 637 183 911 399 883 904 331
5 6 705 990 165 971
6 590 362 428 134 649 527
7 832 640 340 233 322 989 42
8 209 981 47 807 268 550 612 168
15 158 930 824 996 217 95 561 3 956 119 751 665 393 365 569
27 390 565 406 316 757 827 658 251 358 7 656 424 60 217 86 24 63 322 689 340 221 510 996 768 504 662 834
29 420 721 705 880 686 973 566 655 739 658 311 83 819 977 149 855 909 370 248 714 156 109 272 996 818 546 518 966 799
28 533 818 834 550 993 255 278 86 679 84 768 852 514 424 196 932 262 968 483 827 383 269 222 303 385 931 147 631
24 661 678 962 927 48 383 406 214 807 914 212 626 896 642 563 619 602 243 867 552 324 390 96 611
7 836 608 674 434 895 773 239
20 568 552 727 533 534 919 267 478 206 9 256 371 654 284 258 125 602 336 656 969
10 3 775 841 547 601 62 940 406 848 882
10 418 11 416 100 977 118 981 447 830 846
22 833 532 798 817 799 277 85 678 767 497 490 114 738 851 235 785 423 195 89 261 482 360
5 939 770 363 768 182
12 914 686 752 458 512 973 317 592 759 712 793 875
8 356 128 22 194 954 415 697 759
20 267 568 284 533 654 989 820 413 520 169 222 505 186 158 930 666 996 702 756 217
11 255 278 86 679 84 768 852 645 498 491 786
17 325 97 163 384 666 262 728 3 170 286 10 832 48 532 980 134 269
12 916 688 424 582 754 460 975 257 319 875 761 714
13 418 118 767 820 11 784 449 416 103 100 830 806 563
13 278 86 786 679 768 84 498 491 739 852 645 418 771
18 17 40 848 441 548 846 260 197 253 614 530 501 407 180 717 293 877 998
13 926 698 592 764 985 329 885 771 887 433 133 337 581
14 427 450 258 958 607 660 624 289 943 922 110 646 24 590
14 15 787 523 681 853 559 613 74 952 418 860 813 976 608
10 187 210 18 611 718 367 700 430 446 16
14 504 312 12 994 661 905 714 78 678 343 997 700 644 724
3 825 842 126
5 778 550 286 444 616
7 134 965 665 314 558 963 731
27 641 816 657 356 622 78 101 909 609 502 247 19 755 913 85 306 650 92 45 126 208 754 970 454 475 902 56
10 879 651 387 545 717 938 282 838 557 724
17 756 528 594 300 815 159 434 601 554 717 263 479 963 984 167 411 565
35 6 971 990 165 916 450 258 958 851 256 817 607 670 940 24 943 646 289 532 26 596 368 434 140 655 999 441 557 189 103 319 803 251 540 83
6 873 573 555 639 285 466
16 638 231 320 636 197 50 338 201 667 404 323 532 788 26 970 507
28 164 181 465 551 449 886 909 717 417 399 483 55 827 893 599 653 114 992 458 14 900 16 562 262 710 543 999 542
9 206 978 714 44 804 265 609 884 51
19 756 528 264 594 815 159 434 601 717 441 263 991 963 411 565 700 525 352 543
8 556 328 222 394 100 615 959 515
11 820 413 520 818 232 248 225 502 473 169 379
12 334 106 172 393 737 12 179 132 295 841 541 562
12 850 658 358 251 656 7 217 221 424 86 687 46
7 71 664 753 483 499 724 837
14 674 446 340 512 733 77 519 553 635 181 397 881 85 329
12 258 958 851 256 607 940 660 817 943 663 24 821
7 714 522 115 520 204 934 927
31 654 670 635 829 636 91 922 622 515 604 334 271 688 260 32 768 926 98 804 319 663 105 221 945 767 467 488 915 748 204 93
6 663 435 329 501 722 4
7 978 750 486 816 37 915 381
15 12 820 520 502 169 413 818 222 186 484 672 505 208 232 765
14 907 679 415 573 745 505 966 310 866 752 786 868 500 592
17 18 718 611 367 700 430 16 784 420 423 703 49 292 384 446 682 406
10 747 519 585 806 684 150 592 545 708 340
8 187 18 611 16 577 430 718 581
17 468 240 306 12 527 405 871 427 313 429 975 191 675 696 879 123 277
4 990 165 705 6
33 257 972 989 273 359 694 525 118 523 225 207 874 291 210 84 863 635 529 701 407 922 266 541 708 824 370 98 586 70 91 274 518 672
16 460 745 477 761 920 726 112 727 671 399 449 564 847 202 849 795
8 462 293 993 642 59 975 886 695
15 635 466 59 166 464 148 25 878 894 854 611 871 29 232 815
20 935 634 651 900 919 187 887 536 780 869 599 589 525 297 191 363 69 584 928 484
18 811 827 792 526 793 271 79 672 761 779 77 845 417 189 255 961 476 354
13 146 954 654 547 952 303 513 359 636 366 517 983 104
18 335 166 866 759 515 568 848 578 594 571 932 164 725 532 851 554 311 195
14 806 614 207 314 963 16 296 612 980 380 173 177 643 508
30 608 307 573 694 592 29 52 860 453 858 560 198 970 706 864 36 742 796 257 601 43 159 705 405 853 142 967 794 750 301
13 42 814 880 586 640 101 445 1 887 3 549 765 249
12 658 251 656 340 217 70 86 63 221 424 405 76
23 163 180 464 550 448 429 623 430 374 21 815 152 102 552 439 905 267 498 479 154 232 865 783
36 319 336 620 585 604 41 872 572 221 465 870 431 284 638 554 300 525 435 277 260 557 901 274 210 982 48 269 551 613 55 8 171 717 417 865 698
10 956 728 464 794 15 893 359 634 801 754
8 756 528 594 300 815 693 159 434
9 158 930 666 996 217 499 95 561 117
2 267 552
18 565 337 73 403 624 968 410 363 526 250 72 772 220 53 374 509 398 334
15 67 898 491 896 580 310 664 303 457 461 645 583 929 286 43
37 595 880 55 612 896 148 741 830 914 146 848 707 711 833 576 801 536 497 293 895 17 298 177 486 258 324 545 889 331 447 993 693 141 295 430 255 610
13 464 236 302 523 805 867 309 262 425 971 671 119 952
14 596 368 434 655 999 274 441 394 557 189 281 103 803 824
18 996 768 504 834 540 55 933 399 841 875 957 589 681 503 231 719 203 224
18 850 658 251 340 656 424 343 46 990 358 217 7 221 803 689 687 405 413
31 201 218 486 661 502 923 946 754 347 436 454 103 92 864 600 758 930 690 151 495 937 53 599 327 299 747 36 861 216 688 879
19 753 525 261 591 351 812 156 598 551 714 438 260 988 476 960 164 408 241 697
14 578 278 260 171 990 344 576 983 6 607 472 263 728 358
6 755 527 593 353 814 96
12 640 233 638 340 989 42 322 406 6 199 671 785
21 83 48 67 242 782 504 527 335 928 35 17 684 747 740 763 723 673 445 511 271 732
13 314 86 152 858 373 251 717 273 992 159 112 275 999
8 356 128 22 194 954 415 759 315
13 989 820 413 520 502 232 225 586 248 169 222 818 186
29 618 635 903 919 5 340 171 871 853 764 937 583 169 599 576 200 559 65 321 503 64 520 730 926 509 281 347 568 850
36 783 84 68 243 800 336 929 18 748 741 36 764 685 738 702 334 365 724 481 102 895 230 630 367 674 446 182 512 272 733 15 77 352 519 635 267
34 642 607 341 626 608 894 487 892 594 243 306 576 322 299 453 660 547 788 232 4 740 898 70 776 830 291 169 635 910 77 30 111 193 825
14 218 990 56 277 621 896 63 179 725 453 425 629 873 27
24 705 722 6 971 92 450 258 851 958 607 660 256 24 943 289 596 368 434 655 937 533 999 441 394
9 950 543 948 509 362 513 355 697 603
17 211 911 560 804 893 209 613 896 623 599 356 80 616 864 930 105 966
9 737 509 245 575 796 140 582 616 698
8 356 128 194 415 759 34 201 235
13 756 528 264 422 594 815 159 601 717 349 263 963 984
16 827 850 658 358 7 251 424 60 86 24 340 656 689 70 322 217
12 150 743 148 709 832 562 713 850 897 499 552 568
19 484 256 992 322 543 825 421 887 443 329 445 991 691 139 972 293 428 317 253
16 236 8 74 834 295 173 639 81 34 197 829 921 743 443 464 647
12 996 768 834 540 594 55 933 399 841 957 681 503
28 86 51 70 245 724 507 530 338 38 687 740 23 931 704 104 676 448 514 220 274 735 79 635 354 521 474 637 361
43 448 749 714 465 733 193 1 594 701 999 413 406 429 30 389 895 894 756 146 295 654 244 333 683 339 111 177 398 680 742 298 17 184 218 300 24 846 546 994 827 283 108 463
17 879 651 717 938 282 724 758 840 386 86 107 290 534 367 823 366 648
18 345 630 805 646 732 997 362 611 284 556 87 334 612 621 449 203 336 734
18 573 345 239 411 171 632 510 976 418 371 452 534 166 258 80 780 801 228
12 596 368 104 262 434 655 999 555 441 557 103 831
15 530 338 931 20 750 38 104 23 766 991 670 336 207 897 726
18 463 235 971 301 522 804 400 866 308 342 424 970 698 670 874 118 407 296
19 770 578 171 576 260 137 344 263 983 6 966 609 607 852 872 433 874 910 447
25 678 662 643 377 644 122 930 630 612 342 335 959 268 40 776 106 327 671 227 946 113 147 229 861 775
5 799 84 816 259 100
11 433 205 941 99 271 977 31 492 774 836 111
31 568 552 267 654 284 820 413 520 169 502 232 586 505 818 851 158 930 996 756 217 499 95 561 117 3 119 665 365 569 813 646
16 164 757 864 162 723 727 911 569 576 314 592 846 57 817 189 58
36 494 193 580 478 459 746 446 95 428 158 339 744 305 174 512 134 431 151 399 309 78 640 84 856 750 922 143 487 929 963 45 591 319 291 495 739
6 622 453 153 802 219 881
19 641 449 42 131 215 861 149 877 798 854 134 851 480 723 815 113 102 837 743
14 861 884 692 285 392 690 41 458 104 251 120 94 80 24
38 397 572 112 323 101 834 665 365 347 77 431 258 93 14 663 67 31 224 318 53 228 3 775 841 62 940 406 681 848 964 510 238 210 414 658 812 947 490
13 90 790 772 856 439 775 121 683 364 384 518 88 649
23 568 283 584 300 670 836 429 536 834 185 602 238 518 264 489 174 946 12 233 577 133 852 19
24 923 622 888 907 9 889 82 833 561 480 639 11 274 364 726 613 611 691 898 324 957 242 998 938
13 474 246 312 18 72 533 815 877 319 272 353 435 67
13 356 128 864 194 900 954 415 293 759 201 235 317 41
23 465 766 750 731 852 732 925 482 676 454 117 323 854 404 741 569 207 456 534 800 85 841 781
15 551 359 59 41 708 952 771 761 764 12 253 357 388 509 252
19 868 568 550 280 273 634 461 296 866 256 13 200 521 427 897 217 553 737 431
17 701 473 539 760 104 546 580 662 386 208 936 424 908 356 645 534 470
14 236 8 74 295 577 639 81 34 197 829 921 743 471 443
19 406 390 565 316 105 850 658 251 656 70 996 768 834 540 594 55 399 841 794
14 578 278 171 260 990 983 6 576 344 927 980 137 607 231
2 970 935
42 728 443 744 903 709 165 996 589 696 994 555 678 408 345 762 401 398 559 362 25 681 649 660 146 334 106 172 393 737 293 179 295 927 19 841 541 989 822 143 278 821 167
26 884 169 185 150 151 606 629 437 30 435 849 119 865 842 137 466 203 775 547 613 834 712 178 734 453 620
37 383 558 309 750 98 843 651 351 244 0 649 333 210 417 79 214 63 56 39 336 304 796 989 761 655 827 48 926 392 948 667 834 787 868 950 674 496
12 644 475 68 157 887 175 473 880 903 34 128 369
6 7 779 515 845 551 605
11 157 965 665 558 963 377 370 393 524 647 618
16 811 583 649 355 409 870 214 770 489 656 690 772 318 18 39 466
19 6 971 705 92 722 563 990 165 357 644 916 694 809 981 447 94 972 696 40
8 36 808 544 702 874 634 95 973
19 809 640 233 322 638 340 989 42 199 203 406 52 325 671 914 669 934 408 534
6 348 371 179 879 772 528
12 434 206 100 272 32 493 371 837 393 112 279 313
8 756 528 594 300 815 159 715 601
25 166 131 150 325 76 587 610 418 118 100 767 756 528 594 815 97 693 159 715 434 601 717 349 441 263
7 640 663 471 64 171 153 237
18 592 423 16 123 772 825 105 108 789 454 87 568 697 421 835 811 189 828
6 731 503 239 397 569 275
8 303 75 141 847 901 362 706 262
1 552
9 611 634 442 35 440 1 854 5 124
16 396 419 227 927 909 639 655 880 820 615 121 576 982 993 559 120
16 71 879 472 877 561 291 579 645 438 442 908 228 307 29 284 772
19 560 391 984 91 389 73 157 76 740 950 954 819 779 723 138 422 793 44 803
14 513 285 351 572 854 450 916 358 474 20 720 741 924 168
10 596 368 104 434 655 999 555 441 475 557
5 356 128 194 900 954
17 134 157 965 558 665 963 524 377 314 647 731 370 367 650 994 393 353
8 911 683 749 970 314 589 756 790
14 418 11 100 830 416 118 184 767 977 103 806 750 823 981
5 780 611 311 204 609
6 771 579 279 172 261 345
33 158 123 142 317 124 579 410 3 408 92 176 822 95 798 815 63 439 969 748 520 414 586 807 89 151 707 426 593 546 627 709 341 433
11 932 632 614 525 930 344 360 320 264 585 826
12 686 517 110 515 76 199 217 283 866 922 929 202
5 767 790 598 191 280
6 300 131 724 813 831 129
18 155 927 993 214 558 833 0 116 748 662 878 362 383 566 810 99 642 988
17 770 578 278 927 344 980 263 6 231 910 966 609 472 471 821 987 352
8 238 261 69 662 769 67 481 628
36 517 232 533 498 249 954 785 378 467 197 551 485 190 470 213 816 783 814 935 59 123 895 961 182 526 801 968 84 630 330 351 534 778 67 892 380
29 570 871 587 855 30 123 823 716 472 805 889 808 535 525 489 511 787 528 975 461 233 299 5 59 520 398 864 420 306
17 132 904 640 798 970 676 730 191 473 69 535 977 930 93 725 817 639
5 676 448 514 735 17
17 978 750 816 37 381 823 939 571 663 485 185 389 633 922 465 811 747
18 898 598 247 664 583 491 300 326 580 929 286 43 264 767 192 310 230 551
9 937 768 468 450 361 180 534 766 117
17 560 332 226 398 619 963 519 238 405 439 521 67 283 767 215 369 504
15 747 578 171 260 990 576 344 983 607 263 278 137 966 231 609
31 689 673 654 848 388 133 941 641 534 623 353 707 290 369 329 86 273 594 346 626 835 834 279 51 117 338 620 216 682 238 957
18 286 58 124 345 689 131 84 247 793 493 697 941 774 95 230 55 882 73
15 218 811 900 918 567 620 216 584 903 606 363 777 882 492 249
18 335 143 843 736 825 141 555 571 702 796 706 909 828 531 475 12 492 174
10 673 445 511 732 76 518 634 180 880 901
4 406 105 390 492
13 201 973 709 867 39 799 260 604 160 879 46 999 162
20 766 731 750 925 732 187 18 718 367 784 611 700 16 356 128 194 415 697 293 759
13 323 498 38 249 27 339 977 425 55 690 304 896 780
27 426 711 886 443 637 148 979 679 328 572 745 407 664 10 381 253 367 311 345 848 747 317 89 983 155 376 658
6 208 493 509 668 860 474
8 115 814 99 274 201 25 80 753
18 176 769 174 735 858 739 588 205 942 604 326 923 861 956 564 69 508 581
6 441 34 123 853 439 846
15 781 612 205 312 294 378 40 961 265 944 0 24 367 17 14
3 236 201 220
3 570 269 535
15 330 161 754 843 159 861 510 720 724 190 563 846 311 54 566
20 379 554 305 746 83 33 395 360 361 836 198 94 429 370 85 111 714 410 124 163
17 933 764 464 113 357 446 762 166 176 192 130 152 449 428 323 327 511
18 1 773 667 839 545 60 938 404 679 846 799 880 962 686 508 236 208 412
3 105 390 406
15 678 450 186 516 737 81 523 639 185 401 885 906 333 166 487
10 450 258 851 940 256 817 670 663 911 24
15 21 5 180 986 659 987 720 372 931 737 709 824 462 55 711
15 890 698 398 380 110 47 464 383 291 126 86 696 103 257 843
11 478 250 986 316 22 76 537 415 881 437 156
23 267 552 568 284 654 12 820 520 413 818 502 379 232 158 930 666 824 996 217 561 117 3 37
30 119 84 818 205 835 371 71 720 137 773 53 737 799 964 35 709 481 547 768 50 646 112 668 554 670 216 944 432 916 120
27 557 541 716 467 256 809 402 491 575 807 237 494 840 368 221 147 919 985 206 550 992 945 26 108 654 354 558
10 650 422 488 248 709 53 495 448 611 243
19 18 718 611 367 16 577 420 581 384 49 47 700 682 912 168 911 292 765 784
10 130 902 638 968 674 189 533 975 928 9
31 166 131 150 325 132 587 418 118 100 11 184 767 846 830 820 806 750 756 528 594 815 97 693 159 601 554 635 717 263 963 167
9 739 511 577 798 80 142 698 417 584
5 756 528 594 815 97
15 978 750 486 644 816 37 319 381 937 656 823 776 939 571 663
15 356 128 864 22 194 415 759 201 154 235 317 863 563 11 844
15 427 258 958 940 851 607 670 663 24 256 660 911 817 943 289
23 884 900 59 599 865 321 344 152 852 745 501 554 834 564 518 150 580 805 490 262 998 156 328
6 216 988 54 760 275 557
5 978 750 486 644 816
19 157 965 558 963 524 647 665 377 731 650 314 370 994 115 393 618 858 208 374
15 177 985 685 578 983 334 667 751 670 16 544 130 387 279 704
14 367 139 875 33 205 911 426 708 304 770 212 328 960 52
9 187 18 611 16 700 784 703 577 718
7 559 331 397 618 900 496 962
18 158 930 996 217 561 3 119 665 881 365 386 569 813 102 645 991 927 282
14 236 8 744 902 74 295 639 195 914 81 197 829 921 743
8 676 448 514 735 613 79 635 354
37 267 568 552 727 478 12 820 520 413 502 818 586 379 225 248 473 208 152 158 930 996 756 217 499 95 561 3 119 751 665 393 881 365 813 102 645 991
16 173 4 597 686 704 2 353 563 409 33 898 657 336 154 406 370
18 757 529 265 423 595 816 160 602 718 264 964 985 412 245 701 526 353 544
2 966 950
11 968 740 634 806 27 309 371 813 929 561 653
6 18 611 718 367 700 784
15 8 31 839 432 539 188 605 837 241 521 205 870 524 503 113
11 273 45 111 332 676 232 118 234 958 780 508
18 676 448 184 514 220 274 735 79 635 354 521 474 555 637 269 183 911 883
5 996 768 504 834 540
14 134 157 965 558 665 647 377 963 314 370 618 859 720 367
12 518 349 49 698 942 115 31 777 737 494 218 347
27 72 373 459 338 357 625 218 623 184 325 307 963 735 471 629 801 507 561 22 366 808 924 556 470 170 618 772
16 869 568 955 853 28 290 121 821 714 803 533 459 231 297 518 800
10 981 156 696 907 685 348 713 997 83 635
17 102 874 610 940 646 161 39 505 61 947 63 609 309 330 757 590 46
9 916 688 424 582 754 975 319 761 795
36 865 882 166 131 150 587 610 418 118 11 767 416 977 823 820 830 100 184 71 756 528 422 594 815 159 601 554 635 717 349 263 963 411 244 565 700
16 915 216 302 932 181 637 468 61 150 466 168 806 578 472 644 404
34 517 533 232 498 619 977 785 378 467 551 213 173 783 930 470 485 816 438 59 344 123 895 631 961 721 182 526 968 2 84 716 630 330 534
29 842 858 823 557 824 279 302 110 810 703 792 522 459 512 476 515 108 139 795 448 220 114 286 992 507 789 851 293 327
5 535 519 694 886 500
7 536 367 67 960 365 779 926
9 708 731 539 132 239 221 305 967 537
30 141 426 442 601 528 694 394 376 287 106 460 32 804 870 576 91 373 435 877 830 993 539 267 239 443 687 841 976 801 289
16 690 462 528 749 93 368 535 651 375 197 897 918 345 178 634 523
10 916 688 424 582 754 975 257 853 319 594
18 820 413 818 379 383 225 232 849 473 248 208 520 152 970 600 575 63 689
22 898 183 358 109 199 451 44 133 449 151 789 561 627 848 192 634 587 750 296 996 17 444
8 541 349 942 347 31 908 912 754
6 419 227 820 927 909 639
19 364 136 202 423 705 301 767 209 325 871 571 775 19 308 851 133 488 960 68
1 665
21 133 149 308 500 848 593 401 101 994 399 83 750 803 960 739 511 405 577 283 798 80
19 881 653 389 547 719 425 940 284 840 559 726 760 842 388 88 109 536 369 825
17 578 171 278 260 990 344 263 983 6 927 609 576 723 966 980 231 137
35 761 778 46 62 27 483 506 314 907 14 663 312 80 716 680 873 345 652 424 490 196 711 589 55 330 497 450 531 613 159 859 880 307 461 596
5 559 274 734 485 575
7 775 583 176 283 265 995 932
18 591 306 323 607 766 28 859 559 541 625 197 969 35 741 256 134 600 156
9 968 740 476 806 566 27 905 371 646
16 568 267 533 284 552 727 206 534 654 125 478 919 256 9 656 543
6 416 188 924 254 960 475
5 832 640 233 322 638
12 18 790 526 856 616 77 359 421 696 863 979 703
18 187 210 18 611 718 700 430 423 671 784 912 911 43 47 168 798 367 506
18 878 650 544 716 937 281 556 723 839 385 85 533 822 365 711 647 474 582
19 556 328 394 100 154 615 959 401 517 149 241 63 791 279 763 211 44 500 43
18 916 688 424 754 975 257 853 319 761 877 423 151 123 144 327 571 860 749
19 747 770 578 278 260 171 990 344 576 263 137 983 607 141 728 966 472 6 723
26 380 397 681 767 646 102 933 633 526 615 699 282 618 335 964 271 43 109 330 612 208 674 230 949 116 150
8 893 665 731 491 952 296 738 772
33 865 166 882 131 252 587 610 418 118 767 184 11 100 103 820 830 846 449 563 712 756 528 422 594 815 97 693 159 715 434 601 717 349
23 792 809 77 252 3 514 537 345 45 27 694 938 747 111 683 455 349 521 227 742 86 642 528
31 93 378 553 394 304 646 346 995 412 239 331 74 48 34 328 677 644 920 940 984 756 822 582 43 387 829 782 863 945 669 491
6 367 198 898 880 547 600
13 991 822 522 415 171 504 234 588 250 820 507 227 224
16 717 525 118 207 937 291 210 523 953 178 857 419 280 913 418 930
14 896 489 596 894 308 301 324 284 578 228 245 298 41 581
11 465 273 866 271 832 973 622 675 955 678 302
7 130 147 431 396 415 590 517
19 136 836 485 902 821 538 564 502 789 800 167 729 818 548 524 134 410 430 30
12 892 723 423 405 135 489 151 316 408 128 752 873
6 275 868 975 624 273 677
6 54 77 885 585 567 478
15 839 611 677 437 898 180 242 798 517 684 800 346 46 67 494
18 427 258 958 607 851 24 686 646 940 590 13 943 403 670 289 127 911 283
13 508 208 857 190 274 193 910 896 874 172 539 936 840
11 623 454 154 47 803 136 220 139 452 485 599
6 350 943 348 50 762 699
18 571 343 79 409 630 508 974 416 532 256 78 778 982 226 515 58 340 695
11 345 362 646 611 732 203 630 805 556 734 284
7 118 818 800 884 546 530 467
28 201 916 933 217 303 661 469 169 62 151 881 235 467 154 897 122 807 579 645 351 866 210 766 652 605 768 400 492
18 560 332 226 398 104 158 619 901 497 963 405 358 521 67 795 283 767 971
36 406 105 492 390 371 658 358 7 251 60 24 656 217 221 343 340 46 424 803 996 768 834 55 399 841 875 957 503 719 203 651 484 940 765 120 592
23 671 846 38 386 403 108 131 939 532 639 621 937 288 705 277 49 115 821 336 214 680 236 122
16 491 263 999 329 550 894 450 169 336 289 370 452 998 698 146 300
11 450 258 958 940 670 663 287 24 851 152 911
16 980 788 488 470 200 381 786 216 193 347 137 441 554 351 817 938
17 414 129 430 146 395 851 874 682 382 31 20 792 528 858 564 79 361
19 998 591 698 996 680 764 683 410 347 400 426 364 386 651 330 662 29 753 867
18 500 200 93 182 849 266 912 185 928 902 888 866 153 164 498 905 531 352
12 523 331 924 13 743 329 31 736 680 890 97 894
16 473 304 4 653 70 897 989 692 986 706 670 449 716 335 302 173
21 745 460 477 920 671 182 205 13 713 695 425 418 779 42 351 123 859 17 189 410 288
19 796 813 81 256 448 7 785 97 735 183 62 654 63 900 72 538 131 185 787
5 867 698 291 398 696
18 917 689 755 461 515 976 258 320 762 878 424 124 145 328 572 861 686 174
10 67 898 598 247 300 664 264 562 929 491
11 599 299 948 1 281 192 965 630 263 451 365
5 524 332 32 925 681
5 252 83 783 765 495
10 608 631 439 139 788 32 437 998 851 867
10 956 728 794 15 359 915 801 917 641 463
18 676 448 514 735 613 79 354 521 474 637 269 361 183 911 883 87 331 164
27 705 990 6 971 92 450 258 958 851 256 670 596 368 104 434 655 999 274 441 394 557 189 103 803 824 251 405
17 761 936 777 742 743 687 465 128 476 863 415 865 218 493 580 334 752
12 90 921 514 621 270 603 919 333 349 326 323 687
15 839 611 347 505 677 898 776 242 517 684 800 432 346 74 46
25 390 406 105 371 372 827 658 358 251 340 70 656 996 768 834 540 594 55 399 841 957 503 203 224 651
11 353 161 754 159 843 927 573 720 861 566 190
24 303 2 389 268 287 555 148 237 553 114 321 983 208 967 240 887 943 424 310 893 665 731 952 234
16 205 977 713 871 43 749 264 142 608 50 166 712 412 860 693 149
17 770 578 278 171 260 990 576 344 983 607 728 231 910 263 333 137 471
8 623 395 461 221 682 26 468 502
31 865 882 166 150 131 587 610 418 118 100 830 767 823 447 820 312 11 416 173 756 528 264 422 594 300 815 693 159 601 554 635
16 723 898 438 649 455 991 584 691 989 403 329 101 167 927 388 266
12 725 748 556 149 554 238 322 241 984 256 905 587
15 289 97 690 797 446 779 863 509 782 525 502 750 126 95 499
14 259 958 243 418 224 897 345 169 947 975 225 347 62 610
21 18 983 717 2 104 439 462 270 863 952 36 970 955 301 658 415 608 380 116 446 152
11 952 724 618 790 11 355 911 797 913 545 459
28 70 86 785 172 51 338 931 336 20 104 750 38 23 743 367 991 766 232 676 448 184 342 514 735 17 613 79 635
18 936 237 202 953 221 396 588 147 203 925 323 794 325 875 40 678 271 927
8 102 874 610 940 161 505 61 780
10 158 930 666 996 756 217 95 561 117 836
12 158 930 996 702 756 217 561 3 956 37 119 751
19 187 210 18 611 700 430 16 784 577 718 367 446 581 420 423 703 406 384 671
18 911 683 419 577 749 970 252 848 314 756 872 418 146 118 139 566 399 855
15 578 171 576 137 141 278 607 728 471 990 983 821 603 987 352
16 834 606 342 672 893 175 237 793 512 679 713 795 341 41 489 322
8 596 368 434 140 194 655 999 274
6 820 520 169 502 222 186
11 753 525 591 297 351 812 156 598 551 632 714
7 356 128 864 194 954 415 697
8 809 832 640 233 322 340 406 68
10 470 242 308 14 529 811 407 873 148 315
14 587 418 11 118 767 100 830 820 846 823 416 977 981 184
8 327 99 165 386 668 264 730 286
7 989 820 413 520 818 379 383
37 980 964 139 945 679 232 932 581 998 825 660 620 377 914 101 644 637 634 917 263 526 564 987 570 342 78 408 629 973 529 415 531 163 77 777 225 379
18 695 980 155 347 996 248 841 930 948 14 676 586 358 424 645 989 431 384
16 383 367 348 542 349 734 293 82 469 99 21 71 358 940 471 186
14 102 874 940 161 505 947 900 981 63 695 787 609 309 330
27 406 390 371 565 105 658 358 340 7 70 86 996 768 834 55 399 674 841 875 957 589 503 203 651 484 805 940
19 131 903 639 969 190 68 534 976 92 724 816 638 338 786 75 900 255 388 727
16 556 328 394 615 959 515 401 354 435 517 149 63 791 279 763 784
27 406 371 390 105 122 827 658 358 7 60 340 343 46 689 24 70 86 803 932 996 768 662 834 55 399 674 841
6 194 894 543 876 596 787
7 899 671 737 958 240 836 302
32 568 552 727 533 267 989 820 520 413 818 232 225 502 473 169 152 222 586 714 248 186 505 689 851 158 930 996 217 561 836 3 37
32 615 916 2 632 881 337 168 761 166 580 727 731 850 506 278 344 104 565 847 909 465 184 351 304 467 99 13 713 161 450 275 763
19 882 475 880 441 564 287 445 582 911 231 294 32 310 775 648 907 567 662 270
13 603 375 269 441 662 6 562 448 564 196 288 110 838
12 70 785 245 996 437 774 86 172 51 802 643 724
9 914 745 445 338 743 94 157 150 427
17 924 755 455 348 753 314 318 437 784 160 649 648 104 521 502 167 440
31 646 345 630 805 611 67 90 898 491 580 310 326 664 598 303 583 286 896 551 927 792 230 236 8 744 902 74 780 295 639 195
14 378 150 886 216 437 719 781 223 176 257 339 63 885 101
19 676 448 342 514 274 735 79 521 474 637 269 361 183 911 399 883 331 164 485
18 427 258 958 851 256 607 817 24 686 821 287 660 646 670 940 663 911 943
9 538 310 204 376 136 597 941 383 336
9 756 528 422 594 815 159 715 601 635
10 418 11 416 118 830 977 846 823 806 71
32 997 282 298 263 14 742 550 250 143 899 548 232 316 962 955 235 888 660 726 947 229 291 847 566 733 767 849 573 395 123 611 95
1 500
5 498 270 336 96 557
5 978 750 644 816 576
16 303 75 969 141 847 362 644 240 706 262 981 148 101 264 896 988
27 766 465 482 852 750 187 210 18 718 611 356 128 194 415 293 759 315 34 201 154 317 863 563 11 300 189 125
15 258 958 940 670 663 686 287 911 851 408 151 152 13 283 703
5 125 897 963 723 184
10 640 340 989 42 406 6 68 304 28 293
12 141 972 672 321 374 338 565 3 246 117 738 841
28 556 540 715 907 255 977 808 401 490 220 806 213 837 367 574 461 958 701 702 508 563 146 918 654 984 744 205 487
10 34 842 435 524 608 270 542 840 495 527
8 270 293 101 694 783 513 529 489
15 796 496 478 389 794 355 145 208 359 825 690 551 946 224 543
16 93 865 759 931 152 434 30 496 938 891 972 54 600 328 300 321
19 827 658 358 340 7 70 86 311 552 424 413 251 46 551 990 343 103 60 24
19 316 147 740 145 706 710 829 847 913 176 41 40 894 559 496 565 549 513 927
37 966 931 950 665 52 387 410 218 918 900 984 646 606 903 363 550 512 871 973 112 556 328 222 394 615 959 234 401 354 435 517 63 791 763 784 211 44
26 14 31 299 474 315 736 567 160 565 267 979 995 126 972 249 905 677 743 964 842 308 750 784 866 590 412
8 884 692 285 374 392 104 120 41
12 869 641 377 707 413 928 272 714 830 376 76 280
6 996 768 834 55 337 399
14 158 930 666 824 996 217 95 561 117 836 3 119 665 881
12 507 338 38 687 20 740 750 931 104 704 766 23
15 404 176 242 463 807 249 202 283 365 911 127 611 815 59 892
7 596 368 104 262 434 194 655
6 809 832 640 233 322 638
9 885 693 393 375 105 459 98 121 81
16 994 17 825 525 174 418 591 507 253 227 191 510 489 99 823 119
7 197 790 897 195 756 546 609
6 633 405 471 692 570 36
24 568 267 284 533 654 820 520 169 413 818 379 222 232 248 225 849 208 158 930 996 217 561 117 3
6 328 136 729 836 485 902
19 918 690 756 462 516 977 321 763 716 879 511 603 425 125 329 573 862 751 687
12 898 598 580 664 247 583 326 929 300 310 264 286
5 412 184 920 250 10
6 303 75 141 847 362 240
10 978 750 816 522 37 319 381 823 939 663
8 356 128 194 415 697 293 759 34
27 552 267 568 654 284 820 413 818 502 232 248 379 473 714 713 586 845 575 308 158 930 666 996 217 499 95 561
14 252 275 83 783 765 676 432 849 485 768 471 415 449 81
14 805 577 643 864 208 650 766 312 40 528 12 216 460 614
9 596 368 104 434 655 937 999 441 475
21 166 865 131 150 252 132 882 723 325 804 76 607 254 854 517 141 969 200 181 856 895
17 201 973 39 799 260 138 604 46 162 708 408 612 856 145 970 797 905
13 556 328 394 100 615 959 401 435 517 63 279 763 967
15 827 658 358 340 251 656 70 7 60 24 322 510 86 63 424
9 130 902 638 968 728 189 471 67 533
23 568 552 727 533 919 989 820 520 502 413 586 158 930 996 702 217 561 3 37 119 843 665 881
32 382 398 557 97 484 842 650 243 332 648 209 416 55 78 213 988 760 496 654 826 47 329 391 833 949 495 195 643 932 757 245 584
16 261 961 610 943 854 663 259 820 673 666 824 914 290 27 8 946
6 705 728 536 129 534 218
5 31 803 539 697 869
7 303 75 811 969 141 847 901
34 697 412 872 623 429 134 157 965 665 314 647 377 370 558 367 731 963 618 303 75 141 362 706 148 264 896 988 810 538 510 958 247 136 72
40 694 979 154 905 683 416 439 247 947 840 596 13 649 929 659 932 635 278 245 652 392 579 116 276 585 357 423 129 183 644 522 988 263 430 546 270 92 792 813 240
12 204 227 35 628 735 33 717 447 384 463 594 598
17 697 872 412 623 64 401 351 429 713 678 799 154 270 688 801 679 403
