1000 1000
92387951 -38268342
96962025 2625381
68101265 31039140
0 97151898
26143938 -93117014
-84810126 11065278
0 90189873
40082738 -87677340
66075949 27805594
6356978 -98680389
66385050 -73600998
-68181818 -63636363
29782405 -91901062
86835443 12566968
-60506329 29068478
0 98734177
-27594936 39273198
-50886075 47300034
0 96518987
56375068 -79579671
15307341 -96955185
65063291 24919236
51342731 -82285605
23101610 -94233738
47167653 -84460993
90531851 -32569040
38412385 -88387834
71169393 -70021011
34683544 62580735
0 50000000
93091172 -25568040
0 63924050
0 60759493
0 74683544
0 88291139
-57974683 40967662
-4545454 -81818181
99238153 -3648543
3061496 -99391056
50379746 41863732
-50000000 -13636363
51198590 -82427829
84980166 -45505997
12641902 -97186882
16408163 -96134504
-92911392 5287642
35197637 -89736481
-93924050 3782306
37721518 43799927
-78227848 17430381
19620707 -95194619
78514913 -58011458
-77272727 -40909090
0 72468354
43898266 -85979753
65719564 -74045658
-44810126 40954798
0 71835443
61012658 29746419
-63037974 34018795
94270607 -22032334
92955982 -25959497
63037974 34192622
-52911392 27977154
-13636363 -4545454
79321906 -56564743
16846329 -96226176
0 77848101
93754709 -23606523
64556962 21923030
48860759 35362462
-4545454 -68181818
0 70569620
-68181818 -40909090
0 54746835
22025316 47902140
26582278 56011143
40253164 43870073
0 100000000
-87848101 6635001
-43291139 44846429
-65063291 26227012
53438857 -81186683
86369772 -42498392
-82784810 10181312
88035022 -38706586
48354430 29421158
0 94620253
69620253 18007274
88354430 6028850
0 95253164
90379746 7383985
8961498 -98105526
11982554 -97349458
14204999 -96793868
22810223 -94199139
71397658 -69675454
0 52848101
-62531645 28775299
0 95886075
4252058 -99154231
0 68670886
12756120 -97462656
-55443037 35244211
-32151898 59879185
-24556962 70263084
0 64873417
-90886075 5115792
93359072 -24784274
48552831 -83883551
70126582 25180752
25569620 47201611
0 88924050
36881226 -89039117
-9090909 -59090909
-36363636 -45454545
-74177215 20972825
-88354430 10159548
0 50949367
99669960 -1623358
59769946 -77630702
17438251 -95945791
-100000000 -63636363
18827566 -95453725
72975014 -67243167
-36708860 61134176
89309354 -35648356
89367088 6258472
0 59493670
0 89873417
95382649 -18474856
10933819 -97825135
67761400 -72681365
33918365 -90219468
62531645 20444484
22572616 -94495101
41463736 -87058791
28077050 -92783984
54224706 -80910000
-59090909 -4545454
63501279 -75527860
0 79430379
95502032 -18078292
82426850 -50711286
23544303 46488706
26075949 52567074
96538723 -14498131
91702167 -29469516
16208670 -96274020
25512230 -94925303
61377434 -76749638
20000000 60461015
-4545454 -18181818
-40759493 52252978
45316455 49023740
18842891 -95490733
60653744 -77200300
0 83860759
0 88607594
7623030 -98403583
0 75632911
0 56012658
33164556 41460113
99493670 480660
29113924 62430865
0 80063291
-56455696 39461593
42278481 31886510
20555872 -95080792
84810126 14932153
54182903 -80809065
39810922 -87778691
86329113 11741798
-51392405 34588493
-63636363 -4545454
85156642 -45131335
81092777 -53285063
-55949367 22047469
0 82594936
89927104 -34111279
12629494 -97156914
72303407 -68288429
10361187 -97741346
-53924050 24268231
0 65506329
91558743 -29858031
27973025 -92532830
91898734 6839282
41942648 -86972772
51894778 -82427926
-65569620 25221567
0 64556962
61441446 -76904192
-45454545 -54545454
4502177 -99104478
0 81645569
84303797 12692938
58987341 33320883
32151898 42953147
0 80696202
70710677 -70710677
54430379 25472582
75696202 21790623
98015643 -8891601
97191977 -12100692
41904245 -86880044
0 91455696
26694327 -93017211
36908960 -89106086
64786878 -74591139
-29620253 40068455
74079604 -65491678
-91392405 8578423
99326224 -3243872
77073382 -60526624
9567094 -98096995
90681002 -32182687
-38734177 59721128
3327708 -99338101
84624843 -46254197
-73670886 15641076
43980019 -86177145
0 73101265
9503791 -97944132
-63636363 -63636363
0 85759493
-42784810 44458725
-94430379 4838918
7261491 -98483130
33654493 -90340006
-69620253 21257606
34204253 -90268659
0 53797468
46410099 -84771121
32658227 51738090
0 58860759
78311258 -58372068
-37721518 45967768
-83291139 12563473
-70632911 23180993
-81818181 -86363636
15908590 -96301432
-34683544 47060560
66076074 -73807447
0 81012658
6932687 -98555125
0 86075949
27125367 -92759117
0 90822784
15177882 -96642630
43259029 -86254675
82278481 13388122
40759493 47630836
0 85443037
-25063291 67627569
71139240 16611891
53295086 -81297266
-75696202 22064010
5102463 -98985072
65303635 -74323571
67088607 31292996
44303797 41664427
72658227 20206397
-29113924 70678110
8466019 -98216522
21518987 76236114
56962025 31225499
-9090909 -50000000
29620253 36378938
75594838 -63020213
56455696 24651302
64222221 -75046144
0 98417721
84445997 -46627733
3644628 -99275060
-74683544 21666827
-24050632 47338585
-26086956 -95652173
-28101265 53861431
81669179 -52184431
0 65822784
60000000 23789058
31272030 -91286801
0 98101265
0 62658227
-72658227 24224932
38268343 -92387953
24941074 -93546380
72751881 -67592060
96869147 -13300446
0 64240506
72528012 -67940481
-100000000 -27272727
97297898 -11700323
0 84810126
-13636363 -40909090
-52405063 45422375
0 94303797
24929655 -93518805
-84303797 12984800
52405063 40244941
82238599 -51080172
-36202531 55967114
33045313 -90889541
-42278481 37457769
34817812 -89939959
65045534 -74425073
24556962 51755751
80253164 19215818
98968815 -4861426
20495359 -94934675
81285685 -52918591
54936708 41497631
-53417721 28393908
16779705 -96065310
-100000000 -81818181
54172911 -80784931
0 68987341
44678125 -85640282
0 99050632
48511300 -83783273
62003921 -76357347
38564813 -88341751
92405063 4851971
80899095 -53651126
17945619 -95705468
30632911 45192320
37103146 -89574913
75165644 -63728627
27482275 -92663838
88678645 -37180162
-63636363 -40909090
0 77531645
-60000000 32199762
96086371 -16091743
19134174 -96193979
99499803 -2433978
-89367088 9032827
0 72151898
57974683 36472654
85854625 -43628990
82784810 13641864
18926108 -95691655
95738284 -17284414
-39746835 35107702
63034370 -75707812
-32658227 57550096
48694059 -84224518
74516253 -64787834
90886075 8524193
0 69303797
52697089 -81767464
-94936708 4600511
22501084 -94322384
-68181818 -81818181
-37215189 33020699
43093878 -86390736
-45316455 43403026
20506329 49562854
31007571 -91525547
10850611 -97624220
96200721 -15693699
83904734 -47746063
0 62974683
-27272727 -36363636
0 57594936
0 55696202
95971181 -16489544
86539895 -42120804
93924050 3728064
33337658 -90484192
47357142 -84330218
31969156 -91466077
-86329113 7767573
14411986 -96698333
74949926 -64082153
0 52215189
48499881 -83755698
52636575 -81621347
-30632911 54022716
-63544303 27571220
0 78797468
0 95569620
42436875 -86662171
0 78481012
76708860 12387411
0 73417721
-68607594 18846772
95443037 2407491
-76202531 20191252
84802899 -45880284
75380615 -63374646
-63636363 -86363636
28607594 38211926
45008127 -85582286
-98987341 857869
81772151 14817898
98691801 -6072579
36973685 -89262358
49948738 -83086892
42070682 -87281888
17142522 -95931121
0 76265822
79919116 -55475262
-43478260 -65217391
68607594 27160930
75189873 14895182
82986924 -49602257
78227848 15540207
55711982 -79955128
48527615 -83822667
95949367 2368039
-79746835 17786202
37019920 -89373984
71645569 21668405
-22727272 -31818181
0 81329113
38734177 60656552
83539962 -48489703
0 97784810
43291139 52929881
-78734177 11410910
23432234 -94070387
52911392 40478621
50479618 -82738100
97974683 1150936
45215935 -85351360
61518987 37238805
10869807 -97670580
3189056 -99365682
22531645 38811499
0 96202531
0 75949367
0 65189873
59493670 32787778
-80759493 12409552
30032077 -92503844
95262430 -18871166
32240602 -90879138
0 93987341
50856887 -82779372
0 67721518
84266363 -47000890
-67088607 16701201
73164556 24497959
-26075949 64947713
99413441 -2839017
-49367088 33591610
-49873417 35505495
0 81962025
91844770 -29080698
0 75316455
76021037 -62309993
7653680 -98477598
98481012 970425
47341772 44675439
24921216 -93498425
71851997 -68982898
0 51898734
98310526 -7684674
0 68354430
58762169 -78228021
56981983 -79233297
98877330 -5265339
99753755 -1217780
43797468 50418789
78717806 -57650419
-90379746 4844450
84085942 -47373668
-86835443 11847331
-18181818 -50000000
8022446 -98315230
-56521739 -21739130
36708860 62036153
81265822 11751489
28101265 62863113
87872104 -39087339
87708383 -39467747
58481012 39989530
-81818181 -22727272
67594936 16468350
96455696 3372523
49535947 -83226678
89773884 -34496037
38749330 -88285967
0 70253164
79521742 -56202003
40158384 -87859990
83797468 13231171
82801013 -49972327
0 57278481
-56962025 42313946
65569620 17617008
-40909090 -40909090
95141374 -19267222
-47848101 38186057
88358445 -37944053
59288252 -77917067
28964640 -92149020
35027715 -89827510
49367088 42670505
24957389 -93585774
91123553 -31021749
67620956 -72775205
74733462 -64435222
77721518 17236473
13172592 -97018796
75808313 -62665328
60886014 -76991803
87045476 -40985895
69113924 15949179
-100000000 -59090909
-48860759 46478538
58185263 -78566850
0 55063291
0 66455696
-81265822 11253858
93417721 5780605
65282544 -74272625
-67594936 18581695
98213081 -8087191
35338007 -89661283
83722741 -48118075
28690278 -92341361
-21012658 40017643
80704641 -54016779
46090349 -84956122
46329113 49976024
0 56645569
97915651 -9293492
-62025316 24242510
29120169 -92041399
33730141 -90522656
67889632 -72595685
27594936 58612118
0 60126582
-83797468 11845927
9126175 -98032484
71625193 -69329416
0 77215189
76202531 13897092
-88860759 6016617
-86956521 -52173913
-64556962 34910633
56130038 -79954331
95019482 -19663022
80759493 17012364
79746835 13994439
54281446 -81046994
-96962025 1720327
-31139240 63856127
25976710 -93148066
5466922 -98912576
86877748 -41364554
64191573 -74972130
82614321 -50342004
47497352 -84233925
45619045 -85134070
90976853 -31409039
13377981 -97003151
99585309 -2028758
21451509 -94645626
-58481012 26243992
0 55379746
56846350 -79344458
0 84493670
55513231 -80174618
50785354 -82606655
-75189873 17094803
-23544303 55216568
25063291 59819085
42784810 40682219
-34177215 62102265
88197136 -38325491
93225536 -25176299
90231106 -33340798
0 62025316
-21518987 78092574
-48354430 28787837
85316455 8657730
63463214 -75435942
23822974 -93877340
0 67088607
18817572 -95429592
-86363636 -22727272
0 60443037
36875197 -89024560
15734087 -96318733
-79240506 13401950
50886075 43894472
0 87974683
83291139 13765905
85507219 -44380900
44810126 45401562
-38227848 57086201
74683544 25297634
92911392 3783805
98114787 -8489500
-27088607 55968167
0 89240506
-41265822 39754492
-59090909 -45454545
0 93354430
64503469 -74772731
63846666 -75192085
45650695 -85210500
-39240506 33699983
0 75000000
94936708 3476818
-93417721 3432248
40806872 -87405361
0 50316455
77215189 19522356
0 83227848
94523566 -21243619
0 93037974
4028268 -99198747
95855152 -16887102
98502865 -6879029
-47826086 -52173913
27088607 49146576
53417721 37142260
41265822 47714103
89152890 -36031806
-22025316 40382549
-71139240 15652157
9518555 -97979794
61787135 -76440025
51788085 -82170331
82049570 -51448659
25123833 -93987626
32950129 -90659730
-46835443 48240745
85681319 -44005128
31841122 -91156961
0 68037974
0 69936708
87341772 11456770
9913993 -97847493
0 54430379
0 80379746
0 92088607
-23037974 58455949
0 66772151
92406966 -27522444
24050632 59621028
-50000000 -72727272
73670886 18427925
0 54113924
26370394 -93075499
55949367 38144228
42725538 -86481861
-73164556 15674637
-27272727 -72727272
48491442 -83735318
-68181818 -45454545
23658451 -93958623
0 58544303
85822784 7406832
-70126582 22693977
30402540 -91580006
51756084 -82093059
87212404 -40606884
36202531 47702009
-20506329 70692752
21483509 -94722897
31139240 64535839
0 72784810
-20000000 74638784
0 79113924
0 82911392
-40253164 42622805
96314229 -15295414
83172052 -49231795
91414499 -30246243
0 87341772
0 86708860
-100000000 0
-95949367 3091787
-87341772 12532721
0 59177215
77695732 -59451306
80509415 -54382021
-89873417 7306450
60363544 -77309398
76233011 -61954209
0 59810126
67295717 -72992519
5887452 -98828926
0 99367088
43924541 -86043198
-35696202 43795504
31802718 -91064233
36944264 -89191324
21012658 40675266
15140899 -96553333
98784991 -5669057
0 79746835
0 61392405
99836693 -812027
22082429 -94488137
68007178 -72517145
0 71518987
24982605 -93646659
-95454545 -54545454
0 87658227
73197410 -66893803
53075203 -81468182
-92405063 5714657
-47341772 43718956
66582278 31053723
87848101 9762997
66655404 -73420355
0 -100000000
8504086 -98308441
6957893 -98616000
40408727 -87555260
0 92721518
39265982 -88129774
37215189 45070336
30615522 -91559440
94773193 -20453844
99918774 -406099
36888524 -89056740
81477820 -52551714
-31645569 46255996
97713122 -10096636
-18181818 -81818181
87378532 -40227521
0 91772151
-28607594 44865216
-97468354 1481080
-61012658 32473571
70940399 -70366086
54489513 -81549318
25026737 -93753209
0 71202531
73860166 -65842907
72078068 -68635901
49873417 47013753
-97974683 1871415
39643536 -88015634
93884930 -23213385
62536799 -75977144
-64050632 31733975
0 90506329
-43797468 42037868
0 78164556
85332327 -44756303
39240506 33030682
-40909090 -72727272
90079511 -33726199
92127513 -28302164
-99493670 339252
33670886 40836389
-18181818 -31818181
97507203 -10898918
44174213 -86645979
92267651 -27912451
-66075949 21343858
91986553 -28691580
0 82278481
77489039 -59810183
21590202 -94980493
-96455696 2368228
47848101 47425131
49709753 -83167820
59808307 -77723340
58807550 -78337604
-33164556 61467749
90381886 -32955078
-51898734 31507300
90829336 -31796019
97468354 2415103
79720813 -55838842
-25569620 61883422
83356399 -48860943
0 92405063
99059448 -4457322
63544303 34063577
57604288 -79069038
-18181818 -40909090
62551564 -76012805
0 89556962
94430379 5540973
76864420 -60884185
98597759 -6475904
51898734 43249413
56063414 -79793467
40902054 -87635172
-46329113 42236616
72151898 21490675
-54545454 -95454545
-54545454 -9090909
0 52531645
0 85126582
-61518987 26799338
0 67405063
-95454545 -31818181
46480700 -84941593
18869367 -95554661
86027136 -43252487
27195970 -92929590
53924050 39006368
-71645569 26919816
15123384 -96511039
28380058 -92325008
0 94936708
0 97468354
92819966 -26350667
97402974 -11299731
-76708860 15499729
-77272727 -59090909
-85822784 10449999
98407121 -7281953
0 83544303
-72151898 25898892
-80253164 13578093
0 53164556
-22727272 -27272727
3826857 -99238811
-100000000 -31818181
0 63607594
96649707 -14099135
45822784 50606182
-90909090 -22727272
-77721518 17898233
89873417 9978000
17751624 -95797354
35696202 45905907
-69113924 19291141
0 99683544
6378071 -98731335
32465268 -90878064
55443037 29520501
59782354 -77660669
78734177 16547687
35189873 43298417
67466467 -72878429
79240506 14068576
-26582278 54911188
21879949 -94489489
94397503 -21638110
34551936 -90082396
96426897 -14896891
73419069 -66543971
-35189873 59944822
88837534 -36797711
81859763 -51816746
93623659 -23999385
-50379746 37790837
61358238 -76703280
51392405 48602987
57468354 36774321
78106842 -58732247
41304103 -87216898
59131949 -78051239
74298300 -65139987
57567305 -78979742
0 76898734
31645569 64066361
29756129 -91837617
41772151 57375439
49082456 -85162196
0 57911392
60506329 31468203
77901667 -59091993
-68181818 -22727272
0 70886075
-33670886 58783715
-81772151 15385527
92683124 -26741550
30940423 -91363415
46835443 49995366
76444234 -61597979
50298025 -82968614
-91898734 4764737
0 51265822
39746835 37010899
0 87025316
88995616 -36414925
62025316 25824411
20879429 -94851810
94142879 -22426288
96977601 -12900756
-77215189 17241632
20076887 -95136531
0 86392405
-85316455 8167473
44492058 -85674155
97814810 -9695171
80313418 -54746850
-82278481 13783078
30126582 59494688
66893952 -73260965
-22531645 69882472
78919937 -57288952
3478965 -99308013
10149424 -97836181
11700198 -97477521
97610586 -10497886
52306396 -81834335
67105995 -73119285
94896755 -20058563
88518948 -37562277
59896572 -77936442
0 93670886
95620577 -17681478
0 62341772
0 58227848
93491780 -24391969
91392405 7940099
64050632 24470965
36897539 -89078510
-68101265 24300469
4783561 -99048506
-59493670 22098314
73639988 -66193672
86709221 -41742857
0 53481012
0 56329113
62600102 -76130005
0 84177215
92545457 -27132142
56614771 -79537266
-54936708 31912951
54984544 -80363443
45754719 -85461654
0 51582278
37297344 -90043751
0 69620253
58399172 -78488044
0 61075949
0 74050632
29837884 -92035010
38977264 -88217058
97085212 -12500837
-59090909 -31818181
76654704 -61241304
-41772151 52123373
98987341 660645
-58987341 30296356
77281589 -60168623
0 76582278
91269435 -30634149
0 61708860
19800556 -95171154
86198852 -42875620
64812083 -74652013
79121303 -56927059
55186688 -80291244
-98481012 1171040
0 96835443
34177215 37773676
100000000 0
94014320 -22819973
57549790 -78937447
48596963 -83990102
27941373 -92456401
54198230 -80846073
80116652 -55111264
62178407 -76198867
-54430379 27383571
-30126582 59726863
12667856 -97249553
46897378 -84648833
-66582278 30664446
-57468354 24716900
6103546 -98735214
12129383 -97282870
89619851 -34880470
89465008 -35264577
13809847 -96976262
-45822784 39468344
13764465 -96866678
0 66139240
96759848 -13699907
0 73734177
6632365 -98620595
38227848 51987527
0 91139240
87543858 -39847808
36923896 -89142148
74177215 24965072
0 63291139
94648796 -20848864
-90909090 -86363636
0 50632911
70632911 28955616
88860759 8775341
0 56962025
23037974 42376355
99149227 -4053027
57733748 -79381592
-44303797 40200157
11388539 -97494325
-95443037 2427443
-77272727 -36363636
42792684 -86643993
0 74367088
5 201 287 864 735 150
19 925 678 536 787 242 166 301 798 862 272 119 130 848 266 655 850 235 843 799
16 278 78 364 227 7 941 835 405 413 98 514 425 267 5 180 626
10 245 998 330 856 107 486 621 118 182 592
30 490 161 297 967 686 375 175 461 38 324 104 510 253 6 338 864 115 494 629 190 915 447 948 906 458 594 983 586 178 563
5 242 819 690 885 392
17 270 23 355 945 881 511 646 207 617 464 965 475 611 673 956 0 603
9 874 674 960 823 603 537 431 1 9
11 977 840 620 26 127 554 425 684 448 321 454
18 686 772 635 349 415 821 220 506 922 243 813 588 858 899 116 886 249 275
7 526 279 137 767 399 463 873
17 375 175 461 324 38 104 611 510 195 277 805 909 502 168 547 522 306
13 879 632 490 741 196 120 816 73 84 220 609 804 189
5 372 125 457 983 689
11 49 378 303 185 855 455 574 417 884 355 767
12 940 26 889 669 176 75 760 603 67 474 370 503
18 980 733 65 591 221 917 327 174 185 321 383 710 313 905 854 920 129 333
6 646 932 509 575 795 403
20 722 393 199 529 918 111 228 699 205 647 799 761 219 684 949 418 631 53 232 459
11 542 295 217 153 783 479 736 747 883 272 875
17 960 823 537 408 9 603 694 667 776 437 431 579 304 805 863 889 222
24 603 410 274 799 528 488 574 437 217 45 623 724 366 119 41 977 607 303 713 560 571 837 707 52
6 432 185 43 749 673 305
6 423 709 286 352 572 157
13 396 149 71 7 637 772 333 743 590 91 601 867 737
13 890 176 39 819 225 647 910 326 237 79 817 847 217
15 688 441 773 299 550 929 625 350 882 383 893 29 91 418 21
9 752 505 837 363 69 993 689 946 405
20 913 719 167 204 242 127 213 76 856 363 557 690 5 758 616 246 878 942 352 667
34 662 468 916 991 68 676 962 539 825 410 433 669 11 696 23 754 507 365 616 71 995 691 101 948 449 407 959 95 484 87 354 679 628 284
32 756 427 233 681 833 641 441 727 590 304 370 175 776 877 198 461 768 543 841 519 272 130 381 836 760 456 713 724 860 249 444 829
15 465 218 76 706 402 659 160 118 670 388 936 806 868 195 65
14 752 505 837 363 993 689 99 946 447 405 957 93 482 352
9 752 505 427 363 993 689 946 405 957
14 487 287 573 436 216 723 917 614 44 622 659 687 150 700
9 728 528 814 677 863 964 855 928 941
5 897 650 982 572 508
8 349 926 797 56 968 252 611 410
39 531 338 8 727 202 416 216 502 79 145 950 973 652 543 365 616 143 5 614 748 294 47 905 535 670 167 231 641 488 499 635 980 24 627 894 219 168 824 568
17 693 493 779 356 642 828 513 123 865 422 906 796 227 630 427 929 25
10 893 979 556 842 28 713 795 824 908 323
9 827 580 502 438 689 68 203 764 489
7 375 175 461 38 324 909 104
9 409 162 20 271 726 650 282 346 756
12 375 175 461 324 38 909 510 168 195 611 277 104
23 155 962 632 826 80 40 126 703 574 597 167 212 769 240 276 918 671 593 529 159 294 791 855
17 168 921 779 409 544 41 105 515 830 362 821 373 639 509 571 898 501
8 466 660 989 796 914 951 185 66
19 201 287 864 150 735 758 994 930 348 437 906 401 928 336 193 328 922 141 781
42 841 647 170 977 366 55 855 141 718 589 4 848 202 612 190 784 255 875 782 760 812 295 644 933 686 608 544 795 250 174 309 870 595 127 628 586 138 274 663 533 858 243
29 600 271 77 407 525 485 571 434 620 305 387 416 214 48 915 42 148 422 363 116 448 38 974 604 236 300 557 568 834
19 670 533 719 247 404 486 515 147 118 14 820 521 726 711 377 141 731 289 599
19 421 221 507 84 955 978 370 556 214 548 150 568 593 621 241 410 358 524 148
16 307 107 393 256 970 442 841 127 100 737 12 454 870 543 507 434
10 78 364 227 413 941 514 405 98 478 180
36 346 152 675 600 752 646 223 289 796 509 695 380 117 94 990 353 462 732 491 702 438 191 523 49 300 755 679 375 632 133 91 643 361 779 841 124
12 939 225 802 868 673 88 932 375 844 569 274 702
24 430 953 760 624 878 838 638 924 787 501 372 567 395 716 469 801 327 33 957 92 653 63 378 910
11 959 536 407 666 20 578 430 602 822 865 109
16 313 984 238 790 275 198 998 284 147 333 76 829 687 938 393 317
9 802 665 851 445 273 536 146 843 952
5 811 288 482 618 7
19 906 659 517 768 147 282 779 843 100 111 829 247 636 239 506 831 780 846 612
12 62 862 148 725 596 11 791 197 882 619 209 262
13 686 549 735 836 727 329 30 800 420 163 263 772 813
36 890 561 367 697 86 775 861 724 504 438 332 902 11 910 922 595 677 764 947 653 406 738 328 264 970 894 590 315 847 348 306 858 994 56 383 986
31 115 786 40 592 192 800 86 949 135 236 127 820 902 172 937 213 563 142 200 103 878 631 553 489 119 254 815 72 83 801 349
16 384 961 832 27 247 534 425 498 25 887 496 511 55 470 319 91
10 129 415 278 58 565 992 456 464 149 231
5 102 431 908 356 393
18 476 229 87 338 793 717 852 413 823 670 681 817 206 76 401 786 394 350
11 78 364 227 7 413 941 812 71 425 267 626
33 973 167 496 303 421 381 467 44 915 110 174 528 581 370 617 594 108 938 484 970 138 508 259 12 870 576 500 635 196 453 954 912 464
9 754 40 617 488 511 747 659 683 81
8 196 282 859 730 753 323 145 331
18 192 769 55 241 342 640 835 536 233 669 663 278 248 306 972 641 43 899
17 853 606 464 94 229 726 790 200 515 47 548 58 324 194 539 583 453
16 674 960 823 603 9 110 1 74 304 694 87 46 776 811 601 437
5 752 38 615 681 188
18 869 955 532 818 403 598 426 4 689 771 800 11 735 16 299 804 404 837
7 983 846 32 626 454 717 799
25 6 812 260 335 142 220 306 883 754 777 169 347 949 456 420 392 13 367 98 851 709 960 339 474 35
13 160 913 835 771 22 401 97 822 354 855 365 501 846
16 968 721 643 579 830 285 209 841 905 162 663 173 891 309 698 568
12 960 537 408 431 823 603 21 863 74 110 222 9
19 383 136 994 624 256 320 577 36 588 854 724 786 69 113 308 693 257 323 532
17 940 693 25 615 551 181 877 287 134 145 281 343 670 273 540 865 858
15 86 280 609 534 571 686 648 416 805 115 586 998 92 106 305
21 709 232 903 39 428 738 157 209 309 194 271 621 715 459 729 742 928 141 969 563 501
35 202 531 456 8 608 416 502 365 79 950 145 209 973 543 652 551 236 294 47 905 535 670 231 488 499 217 635 697 24 627 219 168 234 647 263
23 496 19 826 215 525 690 408 944 981 58 246 996 502 516 96 529 715 928 350 454 756 359 288
9 810 563 485 421 672 51 683 747 157
5 253 6 928 864 570
19 141 894 752 3 382 78 335 836 346 482 544 827 871 741 66 15 81 847 494
10 724 477 399 335 965 661 71 918 419 377
5 213 76 262 947 856
15 629 429 715 578 358 764 865 756 59 449 292 192 829 186 163
9 498 251 109 739 435 692 703 839 184
19 176 753 39 819 624 647 217 225 883 910 326 795 992 21 290 653 237 262 303
12 397 683 260 131 390 326 744 586 302 945 546 154
19 271 24 356 946 882 133 512 208 465 966 924 476 194 612 674 1 871 196 189
6 580 157 443 223 28 629
28 556 885 362 692 81 570 856 433 304 499 719 327 905 590 917 970 672 333 6 648 401 259 889 521 585 995 310 842
19 727 527 813 390 261 284 874 854 456 963 157 520 676 716 862 432 454 484 748
10 624 424 710 287 158 181 771 353 860 573
14 15 101 964 150 744 572 251 445 678 187 162 549 215 952
12 73 826 684 314 449 946 10 267 278 996 414 476
9 968 721 579 209 905 162 173 309 371
5 968 721 53 579 830
15 141 894 226 816 752 382 517 78 335 346 612 482 827 871 474
28 466 660 914 989 66 874 960 823 603 110 1 431 46 87 811 977 72 304 752 505 837 363 993 128 689 946 447 957
5 85 838 170 760 696
18 141 894 226 752 382 517 78 335 836 794 346 64 482 544 871 474 741 66
27 86 280 609 534 416 494 294 580 157 28 443 51 223 372 125 457 47 983 613 309 566 577 295 843 713 775 102
21 735 212 542 931 406 241 660 697 124 962 774 812 232 712 431 218 644 66 245 472 417
12 137 890 812 748 378 74 484 799 331 832 790 342
14 573 150 21 280 216 436 44 614 192 687 634 700 476 76
18 13 766 98 624 254 950 207 708 218 936 354 699 743 938 887 953 366 304
10 724 477 399 335 965 597 661 918 419 929
14 487 573 436 150 216 44 634 21 687 622 700 307 76 917
25 840 363 170 559 34 248 334 197 977 805 911 395 782 375 237 126 879 737 443 367 502 63 320 821 779
6 893 646 504 134 269 766
8 501 254 112 363 742 374 438 163
17 375 461 324 104 510 611 195 805 277 938 306 38 547 932 522 502 517
14 825 578 436 66 762 19 478 30 166 228 555 750 743 699
17 156 909 767 397 532 93 503 818 350 851 361 627 497 842 886 81 74
29 280 86 534 609 416 580 443 157 629 223 730 621 694 924 221 57 51 707 597 228 641 314 372 125 47 983 234 613 748
17 68 931 711 539 645 109 154 516 218 919 85 716 517 180 129 195 917
18 689 442 364 300 930 65 626 883 384 894 30 419 614 999 607 563 963 629
24 177 848 984 654 102 862 148 11 197 882 964 993 298 725 940 693 551 181 877 134 145 863 411 281
14 94 957 737 244 143 135 671 828 438 571 150 874 57 943
23 326 133 997 251 522 211 297 874 160 346 89 842 700 330 26 283 742 294 430 492 775 819 422
6 467 220 552 142 78 329
11 141 894 752 382 517 78 488 803 335 794 346
11 487 573 436 150 622 21 307 280 917 659 44
16 490 243 165 101 731 866 427 837 152 684 143 695 831 893 220 823
11 752 505 427 363 69 993 625 689 99 414 946
16 913 719 167 242 204 319 49 438 748 281 219 631 469 739 725 752
9 629 915 778 558 964 386 956 1 29
10 963 826 540 12 411 697 670 434 4 24
12 180 509 986 316 705 898 15 434 471 736 486 586
25 28 834 357 164 553 328 191 971 478 377 672 120 873 731 437 361 57 314 815 773 325 43 591 461 806
35 416 223 612 87 893 301 101 387 964 250 436 537 428 473 30 514 179 932 790 420 116 526 373 384 102 650 520 582 909 512 779 104 489 97 53
29 309 832 503 757 639 517 803 380 251 274 864 917 930 444 595 348 680 270 206 836 532 789 800 936 325 520 905 469 869
28 177 506 431 983 313 191 477 54 925 340 120 184 96 380 627 383 112 735 331 948 971 269 22 880 510 206 616 931
19 329 615 478 664 258 86 192 765 656 676 349 959 729 431 256 701 460 544 118
10 938 691 23 549 800 179 314 875 132 591
27 913 719 242 49 438 127 927 213 790 856 76 363 661 254 557 262 5 758 90 616 246 878 942 352 667 199 700
14 485 348 62 128 534 635 219 301 956 829 546 526 571 599
27 34 840 363 170 288 248 48 334 911 977 197 126 879 211 801 737 988 367 63 473 320 331 467 812 856 726 51
12 579 379 665 528 242 714 399 308 815 136 726 9
17 482 235 157 93 799 723 419 676 687 823 885 168 212 407 400 356 756
15 156 909 767 473 397 93 350 809 361 497 559 842 886 489 756
7 752 505 363 69 993 128 625
38 215 409 663 700 738 423 709 286 157 352 416 180 770 750 859 53 186 572 765 158 357 225 823 501 254 112 363 742 438 695 706 842 904 231 426 375 31 441
17 834 587 445 696 75 771 181 496 28 39 175 564 759 144 752 708 364
7 278 78 364 227 413 98 708
11 955 708 40 630 566 196 892 617 149 160 426
13 365 118 976 606 302 559 570 706 95 290 675 283 239
13 156 909 767 397 93 818 350 361 627 497 559 842 886
27 660 466 989 796 185 674 960 537 603 431 110 408 304 21 74 823 1 46 9 437 752 505 363 69 993 128 689
7 353 439 302 488 589 783 173
19 9 872 652 586 58 457 743 716 353 95 825 480 70 628 50 912 650 854 860
7 223 976 834 540 464 599 160
15 375 175 461 38 909 324 168 522 104 575 80 588 102 611 502
18 212 965 823 529 453 85 149 559 406 417 683 553 615 898 942 812 137 522
19 494 580 443 157 28 287 223 51 641 199 694 730 486 924 221 57 621 431 636
15 234 987 845 475 107 171 896 428 439 575 964 159 152 108 764
8 64 870 393 318 355 470 432 200
14 829 915 778 492 363 622 964 976 818 534 821 29 65 956
16 534 287 619 209 145 396 775 910 407 471 196 728 229 187 739 5
19 365 118 450 976 227 606 302 559 570 836 706 95 290 239 305 71 514 718 334
23 961 632 886 768 438 157 923 38 350 467 0 938 188 444 458 657 471 292 870 698 643 230 396
17 707 460 318 569 24 948 580 644 54 369 901 402 912 630 48 110 393
27 876 205 682 12 130 890 176 39 225 753 326 819 217 910 290 968 721 579 830 209 905 162 663 621 173 439 309
19 288 151 337 931 438 22 759 349 104 632 865 374 139 305 402 737 137 415 765
18 175 975 261 124 838 310 709 732 411 605 738 995 77 322 106 347 317 302
36 555 78 885 274 749 963 49 912 98 626 199 692 497 756 520 783 110 393 526 105 841 594 452 703 158 82 714 778 35 536 494 46 182 571 174 766
11 433 186 518 108 44 674 370 95 627 128 638
14 365 118 976 227 682 606 302 559 60 570 836 706 95 698
22 660 466 989 914 951 796 185 495 66 378 28 486 966 472 685 320 216 898 726 424 329 671
18 159 445 308 88 595 916 494 486 179 531 506 789 261 348 86 116 296 22
19 177 930 852 788 39 494 418 114 524 371 872 382 100 518 580 863 907 510 102
16 372 125 983 613 309 566 577 295 843 713 102 297 682 290 246 646
16 156 909 831 767 397 93 818 350 851 361 627 497 886 489 756 81
18 494 294 580 443 223 629 157 314 28 730 924 666 57 431 51 621 707 641
6 146 9 789 617 207 296
24 466 795 720 602 272 766 343 214 629 409 815 500 473 582 385 243 237 558 311 169 875 799 431 495
19 309 595 458 238 172 43 66 644 636 329 411 709 440 745 236 656 302 651 266
6 282 568 431 211 39 629
16 193 946 804 434 130 387 846 398 534 923 526 118 503 67 133 342
7 940 693 25 551 802 257 181
9 623 709 286 572 352 157 180 859 758
8 297 50 908 538 234 959 491 992
27 913 719 242 49 438 127 213 76 856 684 790 363 661 262 947 274 920 116 254 475 854 5 758 90 616 322 246
28 928 735 405 599 124 613 899 762 542 370 691 444 302 932 67 564 628 38 353 885 896 614 162 32 94 377 421 24
15 677 540 726 254 125 148 718 791 384 738 320 296 827 804 583
12 564 364 650 513 699 293 384 994 227 736 501 99
27 331 808 2 256 138 216 16 302 879 945 452 165 343 351 646 779 773 363 750 36 94 847 705 411 335 31 756
26 538 344 867 792 944 752 552 838 701 887 415 481 572 630 383 305 241 492 871 567 824 325 283 835 101 971
8 157 20 734 800 206 891 628 605
22 446 775 582 252 700 971 281 164 737 852 752 814 258 272 2 471 684 512 285 106 210 457
17 820 627 297 491 16 326 797 745 209 782 47 859 303 897 317 516 330
9 862 948 811 591 419 9 98 525 997
24 215 886 140 22 692 900 186 763 829 657 227 49 300 827 689 634 313 978 731 63 589 295 219 851
16 503 589 166 37 232 452 739 638 323 933 675 60 296 440 650 405
33 232 426 755 680 562 440 726 589 775 369 876 70 812 577 203 175 303 374 782 460 518 271 129 759 894 455 865 712 723 441 989 859 921
17 69 263 592 399 517 477 563 140 206 426 612 355 108 966 217 596 731
29 139 810 64 946 335 824 110 973 159 844 454 687 196 587 926 753 961 558 237 955 39 166 817 902 655 577 513 764 219
14 181 267 130 910 316 738 308 328 417 170 353 611 908 844
15 27 780 638 344 268 964 374 221 232 950 368 713 757 952 945
9 294 580 157 223 443 730 621 924 28
9 300 586 449 635 163 229 34 57 736
19 767 574 244 963 273 438 744 692 844 156 729 994 250 264 806 463 277 676 98
16 185 271 134 848 320 5 87 615 719 748 978 116 421 332 742 200
21 10 533 340 204 458 495 729 922 572 610 39 30 760 229 442 510 864 16 270 873 43
12 373 659 236 522 302 708 107 393 3 745 366 720
29 745 74 881 551 270 759 45 908 94 195 389 779 837 590 448 699 154 78 213 774 184 31 532 490 42 178 240 567 170
16 432 232 518 381 161 989 579 567 95 632 645 535 668 21 966 159
17 23 776 108 634 885 264 896 960 217 718 676 228 364 753 948 941 897
17 278 78 364 941 812 835 71 7 514 227 413 983 708 405 450 425 478
7 160 913 771 477 401 33 97
11 253 6 338 864 115 570 494 629 190 447 948
9 5 758 616 246 381 878 942 352 667
8 461 38 324 104 909 168 80 932
20 371 42 296 848 448 410 333 178 567 877 760 868 67 702 598 280 854 348 806 881
6 707 460 318 569 948 83
8 623 423 709 572 286 758 352 443
18 408 985 271 51 457 856 142 224 885 253 115 752 27 311 464 494 535 314
6 716 516 802 379 445 250
15 593 346 678 204 834 530 787 798 64 934 279 323 518 467 123
41 64 870 318 393 355 78 364 941 812 7 227 514 708 71 450 491 841 867 413 835 420 98 156 909 241 767 473 397 532 29 93 350 361 497 842 886 756 81 466 74 30
15 372 658 235 106 129 719 301 772 699 561 365 744 785 920 329
7 158 735 606 21 207 801 629
39 190 384 638 713 520 598 684 261 547 733 418 28 500 834 161 740 464 535 132 529 476 229 151 87 338 717 852 413 138 670 171 681 817 206 809 401 350 416 182
6 834 920 783 563 391 497
9 460 323 37 908 103 509 610 804 167
18 303 56 388 914 544 240 965 497 508 644 33 636 903 228 221 177 833 577
17 278 78 364 227 7 514 708 413 941 98 812 180 841 450 215 420 405
33 301 824 631 20 495 795 658 844 438 945 266 529 836 611 272 640 139 724 223 856 646 881 587 340 198 828 524 781 282 792 928 317 920
29 229 706 900 154 36 114 200 63 843 671 992 745 667 603 854 309 233 929 654 186 197 333 722 325 917 302 866 522 266
8 833 410 476 281 540 983 874 947
5 942 28 891 671 499
5 868 674 122 159 197
7 598 684 261 132 327 391 745
16 270 23 355 945 881 511 207 932 464 475 611 0 195 580 144 544
5 156 909 241 831 767
17 349 212 926 992 797 820 410 398 252 990 852 461 499 463 550 476 56
17 37 790 122 648 354 278 413 974 231 732 690 242 378 767 370 637 962
13 372 125 983 613 748 245 309 566 25 577 713 102 972
42 466 989 796 660 185 960 823 9 110 694 603 776 1 74 304 46 431 811 537 87 805 408 21 437 752 505 837 363 69 993 689 99 414 946 405 957 223 93 155 482 677 62
18 102 855 713 964 419 343 478 975 39 296 797 307 573 443 788 832 27 412
10 494 294 580 443 223 629 51 314 641 396
31 329 658 135 465 583 343 629 492 272 206 100 690 670 743 715 756 270 421 174 96 32 283 738 662 797 358 615 116 74 626 344
18 992 745 603 233 929 339 654 186 197 333 395 678 722 917 302 866 266 932
7 940 693 551 802 181 316 877
6 375 175 461 324 38 909
12 171 924 846 782 412 108 518 365 376 642 512 857
41 205 12 401 876 594 90 176 39 753 624 647 217 225 262 819 910 992 883 520 326 653 21 795 968 721 579 209 905 162 621 173 309 371 654 698 893 886 842 498 242 908
19 407 930 737 601 126 815 901 764 544 372 478 962 942 15 693 446 778 368 304
10 126 879 211 801 737 988 367 63 320 821
5 5 758 90 680 616
7 49 855 303 378 455 340 185
28 983 177 431 506 468 391 477 340 54 925 184 96 948 383 120 112 518 526 211 380 331 269 22 880 586 510 206 931
12 14 100 677 548 807 719 3 362 771 6 254 165
6 574 860 723 437 308 567
31 616 945 752 141 334 830 630 916 779 493 559 387 66 965 260 393 2 43 419 708 461 383 319 949 84 645 55 902 913 49 394
34 442 249 113 919 638 327 413 990 276 56 563 757 861 462 147 205 958 816 446 142 399 410 546 608 891 935 130 123 79 735 479 145 558 496
8 97 183 46 232 826 917 654 760
4 590 113 920 309
1 234
8 71 824 156 682 312 8 418 733
11 967 490 161 415 567 529 452 297 686 996 467
19 615 944 869 421 21 906 751 140 983 450 333 441 921 640 275 171 427 853 681
19 798 551 473 409 660 39 174 671 735 992 493 3 269 139 201 528 723 672 72
16 64 393 200 318 870 589 355 470 782 899 432 620 890 370 89 724
17 575 328 186 892 816 512 769 780 916 305 175 500 449 515 281 724 928
5 646 932 795 981 509
12 9 95 672 958 738 144 245 543 566 829 802 156
10 55 141 718 4 190 291 589 875 957 848
19 710 510 796 659 373 439 845 267 837 882 910 244 437 857 299 503 908 731 415
16 364 117 975 226 605 301 558 17 569 287 835 705 767 50 94 697
8 960 823 537 9 110 603 694 431
23 257 780 587 976 286 665 465 751 328 394 199 222 458 614 812 901 654 370 543 296 628 218 154
9 785 71 648 714 221 519 934 112 415
31 286 92 540 615 692 300 586 449 229 57 635 163 320 378 131 989 619 251 315 40 572 583 719 108 978 303 688 252 318 731 669
9 822 399 270 293 883 725 84 463 493
5 0 753 85 675 611
9 63 349 212 926 398 992 499 693 83
12 127 880 738 368 503 64 321 332 50 468 530 813
19 968 721 643 579 830 209 905 162 173 309 371 654 698 568 893 278 886 842 242
8 278 364 941 7 514 708 227 812
6 473 226 84 335 790 714
16 423 709 572 286 157 180 352 758 416 328 859 615 770 443 612 823
10 785 585 871 448 734 319 920 342 605 21
11 312 398 261 447 975 548 132 439 742 512 39
16 702 455 313 564 19 943 639 49 364 896 397 355 907 625 173 43
17 176 39 225 910 326 217 520 290 262 753 992 819 27 817 647 193 237
15 210 687 881 17 406 95 181 758 824 652 973 726 648 584 290
10 809 895 758 538 472 944 629 45 343 936
19 203 956 878 814 444 140 397 408 544 606 933 128 121 77 733 143 909 556 494
9 724 477 809 335 965 100 597 661 386
5 253 6 864 115 570
14 263 63 349 212 992 926 797 820 398 83 56 165 410 968
42 933 740 604 129 439 618 904 767 481 953 352 54 638 945 611 523 375 965 248 810 720 807 545 547 696 449 307 937 72 633 890 349 901 167 37 382 426 29 296 621 6 614
6 420 997 63 570 868 127
5 728 57 864 982 253
16 443 196 54 684 380 790 105 637 138 96 648 784 846 173 43 368
7 372 125 457 47 983 234 613
15 423 709 286 352 572 758 859 443 157 53 750 525 416 328 612
15 95 848 770 706 336 32 289 300 436 825 20 969 625 35 801
8 862 148 11 791 298 725 492 596
5 706 459 317 947 579
19 709 286 572 157 180 352 750 770 612 795 350 758 380 443 416 971 863 823 560
7 785 538 870 396 26 658 722
13 253 6 338 928 864 115 494 126 190 915 447 906 458
15 487 287 573 436 622 307 723 389 216 150 418 502 353 44 917
30 408 214 737 544 662 622 708 571 757 858 52 351 749 185 822 349 559 794 835 725 356 954 764 211 500 253 111 817 741 373
13 287 373 236 422 107 950 189 717 16 821 523 80 218
22 553 76 883 747 272 961 47 910 624 690 518 839 592 450 701 80 215 712 776 33 492 44
6 49 378 185 574 855 767
6 590 676 539 253 319 147
8 252 5 337 927 863 114 569 493
15 423 709 286 157 416 328 612 572 758 971 352 380 967 863 350
7 204 957 879 815 66 521 445
33 409 215 738 663 700 623 423 709 572 758 352 443 286 53 525 795 180 750 554 770 859 157 836 186 501 254 586 176 112 742 438 695 196
17 771 857 434 305 500 328 720 898 7 918 760 971 201 119 115 528 351
26 894 565 701 819 371 779 579 865 728 914 508 599 681 209 710 921 336 926 657 410 742 332 268 519 898 33
15 520 273 605 131 382 837 761 457 867 182 714 725 991 861 206
15 968 721 53 643 579 209 905 315 162 173 309 698 301 893 278
31 280 609 534 86 571 294 580 443 629 157 314 223 28 730 372 125 47 983 234 689 613 245 309 566 577 713 102 297 682 246 646
19 14 767 625 331 255 951 676 208 219 937 485 355 744 347 939 888 954 367 305
16 724 477 399 335 965 661 918 377 929 65 454 57 649 34 642 598
8 156 909 831 767 18 397 93 818
9 375 175 461 324 38 909 932 510 522
16 77 830 688 939 394 318 14 739 271 730 282 418 480 763 807 677
7 674 960 537 603 110 304 46
2 984 791
28 925 448 255 119 373 133 419 996 282 468 867 62 569 126 763 505 460 896 270 38 153 322 211 964 822 73 528 452
5 756 509 841 367 618
13 141 894 226 752 382 517 14 78 488 335 346 64 612
18 487 287 573 150 21 44 436 622 723 917 307 659 424 280 700 50 634 687
5 571 148 19 434 620
11 618 481 261 768 962 704 745 89 679 469 67
18 306 635 112 560 597 712 442 831 674 24 862 132 331 141 612 118 145 372
27 879 685 208 133 285 179 42 756 627 886 798 82 228 971 724 582 212 844 908 165 624 176 894 312 374 657 701
14 937 737 23 600 471 666 886 730 173 367 494 72 500 79
11 95 958 672 738 245 439 572 151 181 222 112
17 839 416 482 310 287 989 546 702 880 888 953 900 458 573 183 966 342
15 781 581 867 444 730 916 601 211 344 923 17 510 315 647 953
6 672 958 821 7 601 692
18 531 54 725 979 16 939 25 888 74 759 668 817 570 902 492 428 58 193
26 893 416 223 612 922 301 101 387 964 30 250 858 448 835 290 649 537 436 501 731 58 179 932 264 854 790
11 963 716 574 204 339 836 900 157 616 168 434
13 487 573 436 622 723 614 216 44 150 659 687 634 214
12 993 570 636 441 856 700 143 612 896 464 255 899
42 791 314 985 239 276 999 285 862 148 733 928 992 904 346 435 191 756 334 188 926 956 220 439 788 77 830 688 939 394 318 14 424 739 271 730 282 418 480 763 807 677 2
19 606 359 691 281 217 468 923 847 479 543 800 301 811 947 9 292 336 939 531
11 372 125 457 47 983 613 309 719 34 566 25
13 127 213 790 661 76 684 856 262 363 557 254 327 947
15 793 879 456 327 586 742 350 940 522 782 520 29 920 141 993
13 435 721 298 584 169 428 782 340 364 770 624 455 835
12 911 711 997 860 574 46 731 640 468 38 83 813
11 422 175 507 97 33 284 739 663 359 84 616
18 5 758 616 246 942 352 199 658 210 346 408 691 735 930 923 879 535 279
35 870 393 64 318 355 278 364 941 7 227 413 812 835 71 514 983 425 267 270 708 98 156 909 767 473 397 532 93 350 361 497 559 886 81 74
12 593 346 678 268 204 455 834 969 466 530 787 288
15 719 242 913 49 167 127 927 213 790 76 5 758 90 616 322
29 896 702 225 150 187 110 196 773 59 644 245 839 930 346 237 310 540 12 837 282 867 667 131 988 741 73 663 599 305
16 939 739 25 602 888 74 473 496 86 759 66 139 668 732 369 175
19 781 975 304 229 266 275 852 918 425 723 138 316 361 619 67 820 152 742 678
5 112 912 198 61 247
13 999 752 84 610 240 375 936 193 652 204 340 729 599
6 752 505 837 363 614 69
17 263 349 212 926 797 820 390 56 398 463 83 476 852 284 862 693 499
7 582 335 193 444 899 823 958
7 709 572 286 157 180 352 770
12 154 240 103 883 817 390 289 688 711 974 947 281
21 991 514 185 321 439 485 62 348 933 956 534 277 30 888 518 214 624 471 930 482 748
14 781 534 392 643 22 157 654 718 975 986 252 122 184 467
32 682 876 205 130 12 90 890 176 753 39 819 225 910 647 992 968 721 579 285 209 905 315 630 162 173 309 654 698 893 278 886 842
30 615 422 811 92 286 500 300 586 163 34 293 647 229 205 57 736 449 627 492 930 378 131 989 695 619 315 572 31 583 301
16 428 181 39 290 669 804 365 622 123 81 633 351 899 769 158 761
15 752 505 363 614 993 689 946 957 675 223 93 155 482 85 352
8 874 960 537 603 823 9 408 431
39 790 597 267 986 461 675 475 761 338 209 232 404 468 822 380 875 911 624 810 667 802 553 306 164 870 794 929 426 490 900 747 206 758 24 894 283 478 427 827
23 776 253 583 447 972 747 610 796 390 897 788 539 292 214 150 780 476 733 744 880 225 269 872
19 714 800 663 377 248 271 443 507 861 950 841 703 886 651 914 144 927 277 849
14 324 124 410 987 273 53 858 459 144 754 560 887 261 859
18 463 657 911 948 986 63 25 793 182 375 492 963 483 213 469 682 895 317
16 629 915 492 558 65 259 363 778 392 956 766 971 932 364 1 764
7 5 758 616 867 322 246 878
13 501 254 176 112 742 438 848 695 154 706 424 972 842
15 890 176 39 225 910 520 653 326 27 992 217 193 290 303 232
19 367 174 563 873 38 252 338 915 786 45 981 399 241 201 130 883 741 992 371
14 652 405 737 327 263 514 893 589 999 314 846 857 575 123
24 602 273 527 409 798 487 287 573 436 150 216 723 622 365 118 976 606 741 302 712 559 60 18 570
2 545 216
19 509 262 184 120 371 826 750 382 446 703 714 980 850 239 434 383 39 449 658
11 62 148 725 11 791 619 596 197 855 189 262
8 250 3 861 491 626 123 187 912
32 490 161 297 415 686 175 461 38 324 909 168 80 364 723 132 253 6 864 494 126 190 600 447 458 176 594 656 983 586 853 178 171
6 52 805 137 663 369 293
14 623 423 709 286 572 157 180 416 758 352 859 443 770 525
31 678 7 484 932 84 692 978 841 555 426 621 449 27 39 92 712 105 794 322 995 770 523 381 11 146 707 964 465 423 975 241
10 304 881 752 11 775 365 345 167 947 418
13 913 666 524 775 230 154 850 260 575 107 608 118 836
18 573 150 436 21 216 44 634 614 622 476 280 214 687 307 389 917 76 723
8 698 451 373 309 15 939 635 45
16 375 175 461 324 510 38 611 195 909 104 168 805 522 547 80 502
24 895 701 224 31 149 109 195 772 838 643 666 256 345 98 309 236 836 902 987 740 72 662 598 304
12 866 619 541 477 728 183 107 242 803 60 71 789
14 365 118 976 682 606 741 302 559 570 706 95 290 675 239
5 156 909 767 397 532
12 709 572 352 180 758 750 286 823 157 770 416 328
5 145 898 756 462 386
16 501 254 112 742 438 695 706 972 842 904 187 231 426 375 441 207
28 848 654 177 984 373 62 862 148 725 11 197 791 882 619 298 964 492 940 693 551 802 181 316 813 877 134 145 863
13 664 464 750 613 327 198 457 393 369 799 900 791 864
5 607 360 218 848 983
8 623 423 709 572 352 286 157 416
15 959 712 570 821 200 896 153 654 164 300 645 689 884 269 833
18 278 78 364 941 812 835 71 983 425 227 267 270 478 491 413 626 381 622
15 232 318 181 961 468 662 795 404 374 445 359 789 379 767 432
18 939 692 24 614 550 256 180 876 133 634 144 410 280 669 864 249 813 213
20 64 870 318 355 393 364 227 413 941 812 98 180 7 156 909 767 397 93 503 818
15 648 401 259 510 965 889 24 521 585 995 310 842 343 301 853
19 573 436 150 21 216 622 307 917 659 424 590 685 389 50 774 280 285 980 418
7 209 880 686 16 405 715 134
14 443 529 392 106 578 679 263 172 977 873 615 656 236 570
19 532 285 207 143 773 469 726 737 455 3 873 218 262 457 406 62 472 885 501
6 724 477 809 335 586 41
9 141 894 226 752 458 382 14 78 803
20 161 490 967 297 686 996 415 452 567 529 467 879 717 987 186 821 973 0 399 925
7 707 460 318 948 644 54 901
27 719 913 242 167 319 927 213 790 856 684 254 299 64 661 274 363 5 758 616 322 246 942 199 658 210 346 408
9 843 929 792 572 400 506 377 636 970
19 250 3 861 491 123 187 444 903 455 591 653 936 980 175 560 168 124 524 190
15 940 693 25 551 257 181 316 813 877 134 635 593 145 411 281
11 90 890 176 39 819 225 753 326 520 217 624
15 748 501 833 423 359 65 989 685 942 953 89 151 434 478 81
19 752 505 363 993 128 625 689 414 946 447 405 957 223 93 438 482 677 62 670
12 372 125 983 234 613 245 309 566 577 713 775 102
6 874 674 960 537 408 431
9 892 692 978 555 841 621 128 322 27
17 365 451 314 94 500 922 601 185 795 492 512 267 928 565 507 231 900
23 417 611 865 940 17 911 488 774 554 61 960 703 456 314 944 576 640 365 897 908 44 106 433
14 214 14 300 877 943 163 450 748 7 771 919 341 206 386
5 346 99 431 957 208
18 855 378 185 49 574 263 63 349 212 926 797 992 141 894 816 752 3 382
7 556 642 219 285 792 505 683
25 254 448 702 739 777 662 748 611 325 797 391 219 482 92 809 225 540 293 625 215 151 781 477 202 734
19 505 791 654 368 239 498 840 410 852 905 697 53 941 462 726 525 945 135 992
6 881 634 492 122 257 818
11 461 324 38 510 909 104 195 805 277 306 390
6 943 29 892 78 763 672
8 584 337 195 446 825 521 778 237
17 213 790 76 856 661 262 947 920 363 557 690 684 254 64 269 299 832
18 943 420 614 750 868 20 905 139 332 449 982 170 440 920 639 426 453 852
7 171 748 34 220 814 321 905
12 621 374 296 232 938 862 997 494 558 968 283 815
11 127 213 76 262 363 557 947 254 299 340 64
7 801 554 412 42 177 738 463
9 253 6 864 570 494 190 600 915 447
33 242 49 913 167 719 927 213 76 856 684 790 661 262 254 299 64 920 363 947 557 340 274 832 5 758 90 616 246 942 352 667 199 700
8 501 254 112 363 818 742 438 848
13 253 6 338 928 864 494 629 126 190 447 458 594 656
6 968 721 643 579 285 209
9 423 709 286 352 859 572 157 758 416
32 966 160 414 489 296 460 323 37 103 908 167 610 79 509 931 194 501 804 252 5 927 863 493 189 446 947 457 593 938 982 177 170
1 184
26 979 308 115 785 504 193 279 142 856 727 328 429 750 623 71 824 682 312 447 8 733 265 766 724 276 994
9 24 777 109 699 635 265 961 218 719
18 5 758 680 616 322 246 381 878 942 199 210 346 408 691 735 605 930 923
16 294 580 443 157 28 223 287 730 51 641 694 483 707 621 199 842
10 329 615 478 192 63 86 322 656 258 729
8 843 129 706 772 992 600 279 190
21 351 157 605 680 757 565 651 228 99 294 122 358 443 196 528 118 54 684 380 105 637
10 305 168 948 455 776 649 882 782 346 354
13 643 396 728 254 884 19 580 990 305 837 848 114 984
34 205 682 12 401 711 90 176 753 819 624 326 39 647 225 910 883 795 968 721 579 209 344 841 905 630 162 173 309 371 654 698 893 278 842
9 490 243 101 731 427 684 695 831 176
23 682 205 876 130 167 282 244 12 401 594 711 182 702 432 901 688 536 715 942 114 640 545 474
12 932 18 881 67 752 362 168 59 661 132 495 104
13 518 271 129 835 759 391 455 712 171 723 859 248 851
11 960 537 603 110 1 46 823 74 87 431 601
34 580 909 834 386 871 594 880 457 743 929 30 328 224 351 523 966 941 614 994 672 425 283 534 913 609 334 866 325 877 13 402 272 597 590
9 247 533 396 582 267 877 683 349 574
6 339 862 669 533 58 368
6 598 684 547 733 261 418
11 716 469 801 391 327 578 957 92 653 910 369
8 5 758 616 867 246 381 942 667
9 253 6 864 494 629 126 190 600 447
10 127 927 213 76 790 856 661 684 262 254
17 630 716 293 579 164 359 765 423 450 335 866 777 830 757 60 843 733
6 992 745 603 233 368 865
14 501 254 112 363 742 374 438 848 163 695 196 706 424 842
1 682
8 997 750 608 314 238 934 191 692
11 127 927 213 790 856 76 684 274 116 327 262
29 133 462 269 658 851 147 433 10 881 76 583 777 140 296 225 978 836 542 466 162 572 419 920 430 696 566 955 558 825
17 193 946 804 434 66 130 387 398 534 879 923 526 793 118 67 723 467
12 393 870 200 64 318 470 355 589 782 899 432 370
33 299 493 747 784 822 707 793 656 436 370 264 854 834 241 879 585 338 670 260 196 447 826 961 458 522 779 790 926 315 510 503 459 115
6 190 276 853 724 983 747
15 74 827 685 936 315 11 268 279 415 477 760 804 407 999 992
18 494 294 580 443 157 629 314 396 223 57 924 51 730 431 666 28 287 199
13 440 17 83 590 888 784 526 291 457 911 147 303 59
18 634 434 720 297 168 427 781 834 191 583 361 223 339 363 655 623 233 847
39 936 742 190 227 265 236 813 99 879 285 970 707 277 350 52 322 87 386 877 253 363 28 781 703 639 269 404 965 375 690 222 723 681 233 951 369 758 628 953
34 16 823 493 212 687 901 701 987 564 850 435 630 458 28 694 606 48 893 73 779 532 454 390 20 716 126 973 984 702 120 182 509 379 704
12 674 537 317 723 251 145 735 824 122 381 715 760
16 765 518 850 440 376 6 702 959 970 106 168 451 495 690 639 39
18 156 909 831 767 473 397 93 350 361 627 497 559 886 81 74 30 686 96
39 848 177 984 654 102 862 148 11 197 725 882 964 596 855 619 625 492 209 189 262 51 204 940 693 25 615 551 181 877 134 635 593 145 281 670 273 865 250 814
5 343 96 428 954 660
18 141 894 752 382 78 488 335 836 346 64 482 871 741 66 451 59 15 671
18 278 78 364 941 812 7 227 71 835 983 413 425 514 98 405 180 267 450
9 359 112 970 600 296 21 553 564 830
27 273 79 527 564 602 487 573 436 150 216 44 21 723 280 634 476 622 917 307 389 365 118 976 227 682 606 238
24 196 3 673 392 702 173 585 867 679 121 273 158 423 235 693 706 892 527 933 105 536 631 878 465
11 269 22 880 510 142 206 931 463 964 922 474
7 365 118 450 40 976 606 238
16 501 254 112 742 877 438 695 196 154 706 424 842 231 426 419 375
7 156 909 767 397 532 93 503
15 375 461 38 909 932 324 510 104 611 805 547 168 312 910 478
7 128 214 77 857 791 263 364
18 758 558 844 421 292 487 994 551 188 930 463 750 905 321 958 971 747 106
30 338 9 263 145 815 223 23 309 172 886 757 358 780 952 350 16 370 395 436 326 101 854 186 776 712 963 342 38 295 754
13 596 349 207 458 913 837 972 533 790 801 519 67 937
8 968 721 53 579 285 209 344 841
9 501 254 112 742 877 438 695 196 154
2 719 242
6 499 299 585 448 228 162
11 698 784 361 232 647 255 833 825 934 898 845
14 851 937 514 385 644 556 998 580 408 51 64 578 978 800
9 675 475 761 624 338 404 232 810 911
5 804 557 889 479 415
34 378 185 49 574 303 263 63 349 212 992 499 693 398 435 83 476 926 200 141 894 752 458 382 517 78 488 803 335 836 346 482 544 827 871
10 751 504 836 362 992 688 945 404 956 674
15 487 573 436 216 150 723 44 917 634 476 214 835 76 21 622
29 767 574 963 244 438 652 452 738 601 315 381 186 888 530 283 141 771 467 877 724 735 871 216 260 130 455 840 448 404
16 627 380 238 489 868 564 821 832 968 30 357 227 552 937 545 501
9 156 909 241 767 473 397 532 93 503
13 253 6 928 864 115 494 126 190 600 915 447 458 176
18 79 273 602 527 409 487 573 436 622 307 917 216 365 118 450 40 976 227
19 336 913 784 979 43 397 486 199 680 807 422 463 239 450 839 187 377 353 385
14 424 510 87 153 660 958 373 559 854 987 244 981 551 326
14 57 810 732 668 374 298 930 994 719 251 752 710 262 980
7 365 118 450 976 227 606 238
18 215 738 409 545 934 663 127 815 244 965 700 715 221 777 235 248 434 475
34 879 685 133 170 208 893 179 42 228 822 329 523 220 756 656 971 724 582 212 347 908 633 165 176 312 701 896 889 845 501 245 911 324 262
16 275 75 361 938 224 410 4 809 511 832 402 475 2 447 32 95
6 561 232 486 368 38 638
11 791 544 402 32 728 985 486 996 132 194 477
32 682 205 12 876 130 176 753 819 326 217 624 290 262 883 303 647 795 82 811 193 968 721 579 209 905 162 173 309 698 568 893 278
6 51 804 136 662 292 427
12 623 709 572 758 443 286 859 352 750 180 525 770
5 999 752 610 861 240
6 501 254 112 363 818 742
23 409 738 545 934 127 623 709 572 352 758 286 443 53 859 501 254 176 112 818 742 438 848 163
11 332 85 943 194 573 269 526 537 673 735 18
15 890 176 753 819 647 39 217 237 326 225 79 910 438 817 624
6 954 754 40 903 617 89
12 900 653 511 762 141 276 773 837 247 562 94 595
13 5 758 616 246 381 942 352 199 658 210 346 691 735
12 752 505 363 993 128 689 99 414 946 957 93 155
18 968 721 643 579 285 209 344 905 162 173 439 309 654 698 568 893 842 498
26 64 870 318 393 355 278 364 227 941 413 514 7 835 425 708 98 405 156 909 241 831 767 397 532 29 93
5 951 704 562 813 192
18 501 254 112 742 438 848 163 695 706 842 904 187 231 101 426 375 775 441
8 940 693 551 257 181 877 134 593
12 127 213 76 262 947 363 29 557 790 856 690 661
15 783 69 932 712 540 118 803 110 413 546 885 125 914 920 219
11 748 34 897 611 83 184 768 850 378 677 511
19 261 14 346 936 872 502 637 134 198 455 956 914 466 184 732 602 664 991 594
13 752 505 837 427 363 993 625 689 946 957 93 155 482
30 660 989 796 185 378 874 960 823 603 110 304 46 537 437 752 505 427 363 993 689 99 946 957 93 482 352 677 626 692 458
16 955 755 41 618 684 191 82 489 748 102 944 512 385 155 127 168
5 498 251 583 109 360
17 141 894 752 382 517 14 78 488 335 346 482 544 827 871 66 15 415
18 156 909 767 18 473 397 93 350 361 627 497 886 489 81 74 30 686 430
28 393 64 318 200 870 278 364 941 812 7 71 835 405 514 227 708 983 156 909 767 397 93 350 851 809 361 497 842
3 274 80 603
8 532 618 481 667 261 352 89 434
21 412 219 83 889 337 489 451 374 608 801 639 918 909 108 743 321 389 847 895 922 149
16 196 59 245 346 930 839 12 773 237 673 644 252 976 45 47 645
5 496 296 582 159 225
15 760 513 371 1 633 697 954 455 965 231 101 446 490 685 678
10 372 125 983 234 613 245 309 566 577 295
7 487 573 436 216 150 723 917
33 548 354 877 802 684 848 711 897 491 425 998 319 909 889 934 699 296 865 960 640 393 725 315 251 881 513 577 834 335 845 981 370 240
17 570 323 655 245 181 811 946 507 917 232 764 265 775 41 911 973 256
19 968 721 53 579 209 905 162 173 309 698 301 893 842 242 908 117 321 989 499
15 998 575 641 148 861 469 59 39 47 446 84 112 639 849 705
19 828 914 777 557 64 955 491 362 621 258 533 817 963 385 28 41 391 0 970
15 312 641 566 118 448 603 837 718 30 680 147 138 868 618 337
10 839 592 450 80 215 712 776 33 534 44
11 487 287 573 436 216 150 44 21 280 614 192
19 166 919 777 407 103 360 861 819 371 89 507 896 91 40 696 106 519 187 605
8 912 712 998 575 861 47 148 342
8 173 259 836 122 707 902 409 603
6 595 395 681 258 544 730
19 900 653 511 141 837 562 94 595 553 105 823 241 630 825 774 840 253 869 921
14 27 698 834 223 533 4 952 416 504 66 104 989 254 510
36 944 615 421 751 140 915 492 558 386 363 622 778 956 534 65 818 556 1 177 42 932 821 707 460 318 569 24 948 83 580 644 369 901 402 912 630
13 207 7 293 870 741 0 764 156 342 334 354 912 443
19 101 854 776 712 342 974 38 295 754 306 24 572 442 831 26 975 41 807 454
8 846 932 795 509 981 666 575 380
15 909 709 995 572 443 638 466 56 36 109 145 81 702 614 858
15 314 67 989 925 555 251 661 976 508 967 519 785 655 44 914
5 674 960 823 603 110
11 105 912 301 776 30 611 494 144 82 182 588
14 186 472 49 115 335 622 816 943 521 206 920 179 513 288
24 534 205 341 730 923 419 505 368 148 554 655 849 297 50 908 538 234 959 491 950 502 768 638 700
9 917 670 592 528 779 234 158 854 579
11 253 6 928 864 494 190 600 915 447 948 458
17 573 436 216 723 917 614 50 44 424 629 634 659 150 353 22 221 700
17 674 960 537 823 603 408 431 110 304 9 46 21 667 811 694 409 579
31 738 544 992 29 67 38 901 87 615 188 772 79 681 486 745 152 165 541 679 709 830 583 441 71 767 24 35 171 516 560 163
21 430 236 759 566 955 730 593 307 178 779 437 522 275 607 133 763 459 716 217 175 727
16 971 771 57 920 106 791 700 528 207 98 118 143 960 873 902 908
12 126 879 801 737 988 443 367 999 63 320 331 597
13 602 273 79 409 798 527 679 991 641 108 829 99 298
6 74 551 881 270 580 51
5 155 18 204 889 798
16 629 429 715 578 764 865 756 292 163 422 449 59 334 531 358 621
18 836 589 447 77 709 773 30 41 307 177 239 522 566 169 761 710 776 542
35 848 177 102 984 373 62 148 11 197 298 189 725 492 262 791 234 275 165 882 619 940 693 615 551 181 877 134 145 411 281 343 626 670 273 865
16 23 776 108 634 264 960 685 217 718 676 228 364 753 948 333 897
16 156 909 767 18 473 397 29 93 503 350 851 361 497 842 886 756
6 752 505 363 993 689 99
14 253 6 864 494 126 190 447 948 906 458 176 594 656 983
17 752 505 363 993 128 625 689 946 957 223 93 482 677 670 626 692 458
10 940 693 551 802 257 181 877 602 134 593
6 927 213 790 661 856 76
21 110 304 633 440 829 139 610 558 710 22 595 860 116 672 130 143 329 542 964 68 370
23 702 896 150 187 225 110 910 196 773 839 59 245 346 237 310 837 323 988 741 73 599 229 861
36 57 863 311 348 386 271 357 220 0 828 507 406 701 934 805 64 398 443 976 418 208 806 471 260 149 902 760 390 86 496 343 354 490 835 879 482
11 776 62 639 510 769 705 533 681 103 925 212
16 472 272 558 421 201 607 292 708 374 902 35 409 644 29 619 461
11 118 871 203 729 980 435 359 494 991 55 780
9 253 6 864 494 190 915 447 906 458
27 602 79 273 409 798 487 573 436 622 307 150 917 50 629 353 216 659 422 424 44 614 365 118 976 606 741 302
29 757 86 11 563 163 971 57 920 106 791 873 700 528 634 401 849 602 934 524 460 90 225 722 786 196 43 502 54 772
14 507 260 118 748 380 444 169 701 202 712 430 978 848 910
5 176 39 753 624 225
16 410 163 495 21 651 347 604 105 615 751 140 335 720 328 284 684
10 364 941 812 227 71 413 425 478 983 270
17 305 591 168 39 454 640 298 234 741 62 325 935 632 210 494 497 68
9 989 742 600 230 926 183 684 194 460
33 79 273 602 527 679 573 436 216 44 723 622 307 150 389 634 418 614 21 629 280 687 365 118 976 227 606 741 238 302 712 559 570 288
11 480 233 91 342 797 721 417 142 674 685 403
34 79 273 527 564 602 487 287 573 436 150 216 723 21 614 687 622 917 365 118 976 682 606 741 238 302 712 27 559 570 288 706 95 698 290
14 422 999 65 870 893 483 129 325 463 63 684 680 285 93
9 895 695 981 558 844 429 452 688 624
18 787 540 872 398 28 660 724 449 981 992 128 517 387 712 661 317 61 727
5 940 693 551 181 316
16 501 254 586 176 112 742 374 438 163 695 196 706 424 972 842 187
13 176 753 39 624 819 225 647 237 290 326 520 303 883
17 654 407 265 895 591 1 848 859 125 995 384 254 579 572 528 928 594
3 848 177 654
7 332 618 195 66 325 261 89
5 544 297 155 861 785
18 501 254 176 112 363 742 877 438 695 196 154 706 972 842 904 231 834 426
17 86 280 534 571 609 416 686 805 115 648 998 586 836 106 305 518 92
12 729 815 392 458 965 678 286 263 864 159 856 929
26 682 488 11 818 936 696 982 559 845 31 625 453 132 430 43 716 689 96 798 601 109 774 527 385 91 15
26 173 980 650 369 679 858 144 721 787 294 592 185 851 763 47 406 258 936 689 547 177 873 130 631 589 141
21 398 205 875 69 594 904 323 787 625 360 437 475 895 94 729 375 307 881 908 833 135
17 110 910 196 773 59 839 245 930 346 12 667 237 310 323 282 257 837
31 214 408 662 737 814 622 708 571 757 351 285 179 500 253 111 741 876 437 694 705 423 971 841 186 230 425 418 374 440 853 791
7 319 72 994 930 560 695 256
32 161 967 415 490 297 175 461 324 104 38 611 805 502 938 575 253 6 864 115 494 190 447 458 594 983 853 178 171 127 193 402 606
11 900 986 849 35 720 802 831 463 42 766 835
15 956 709 567 197 893 618 150 651 161 879 427 297 686 289 881
18 372 125 457 47 983 613 309 566 577 295 713 102 297 246 312 725 393 811
14 912 998 575 446 861 641 469 705 47 59 901 617 639 732
19 257 57 343 206 920 392 77 159 687 986 791 814 820 399 50 123 792 429 404
18 314 600 463 649 750 334 243 71 177 944 416 661 445 656 77 48 307 641
6 631 384 242 872 568 293
6 253 6 338 928 864 570
18 141 894 226 816 752 3 382 78 335 836 346 64 612 482 827 871 66 59
8 580 443 629 223 314 396 157 924
19 362 115 973 603 299 556 57 15 567 833 703 92 695 962 287 672 236 892 636
18 156 909 767 397 532 29 93 503 350 361 627 497 886 756 81 30 96 305
33 177 984 654 373 683 148 11 197 791 298 725 596 189 619 234 492 625 209 855 275 882 651 51 940 693 551 257 181 877 134 635 593 145
33 160 637 967 831 356 45 845 131 708 579 838 994 192 34 245 772 258 180 750 393 389 634 243 923 676 598 534 164 860 117 618 576 128
16 485 238 160 96 726 422 679 180 690 826 215 818 85 410 795 359
15 364 941 812 71 7 983 267 227 5 35 835 425 626 478 518
19 465 751 328 614 394 800 222 901 485 567 95 837 228 807 792 200 602 768 531
15 839 416 482 989 310 183 925 880 900 287 316 702 953 895 288
8 292 45 903 609 533 668 229 954
19 253 6 864 494 629 126 190 915 447 948 906 458 176 594 656 983 178 563 171
19 494 580 443 223 51 641 629 621 730 314 924 666 694 57 396 483 636 431 360
28 723 394 200 648 530 608 408 694 557 271 743 142 165 755 428 597 735 337 401 780 821 313 486 239 97 348 803 727
11 694 980 843 29 714 796 557 457 324 36 825
7 581 334 192 822 957 518 243
9 253 6 338 928 864 570 494 629 190
7 375 175 461 38 104 909 168
8 143 896 754 5 460 384 519 80
13 253 6 864 494 190 915 447 906 458 594 656 983 853
24 989 660 466 914 796 874 960 823 603 9 694 537 752 505 837 363 69 993 689 946 957 675 223 93
9 431 184 106 42 293 748 672 368 778
23 161 967 415 452 490 375 175 461 38 324 253 6 338 928 864 494 629 190 915 447 458 594 939
6 522 608 471 251 185 79
10 374 174 460 323 509 610 103 931 521 363
16 771 857 434 500 7 898 720 328 971 305 943 906 498 708 201 334
30 64 871 260 570 735 949 749 35 612 898 483 742 654 938 506 76 121 827 580 438 68 764 174 21 522 32 750 298 168 230
19 701 454 312 18 942 77 638 895 906 42 387 431 626 575 231 975 641 54 670
15 724 477 335 965 100 597 661 71 386 918 419 929 647 195 65
10 890 176 753 624 883 39 819 647 225 237
8 360 113 971 222 601 297 554 55
29 242 49 913 719 438 927 213 76 856 363 262 790 947 254 557 690 29 327 5 758 616 246 942 352 667 199 210 346 408
14 425 178 510 36 666 801 362 772 87 619 78 630 766 111
7 876 682 130 167 205 282 12
7 269 22 880 510 142 206 616
14 253 6 864 570 494 190 600 447 458 594 983 178 127 527
15 78 364 227 413 98 941 708 450 215 381 180 514 812 209 813
19 452 252 538 401 115 587 688 986 181 272 354 882 624 383 15 467 966 318 245
5 528 281 613 139 390
24 49 378 855 185 303 263 349 926 797 56 992 212 499 390 693 398 83 826 141 894 816 752 382 14
7 748 611 797 898 789 482 834
18 636 389 721 311 247 877 573 830 331 289 841 559 107 977 366 561 946 510
5 156 909 831 767 18
10 349 212 398 992 820 390 926 463 499 476
18 849 135 712 998 778 285 583 184 842 479 606 196 869 176 221 612 754 986
13 213 966 298 824 454 589 86 150 875 407 418 684 554
14 90 176 753 39 819 647 217 225 262 303 326 910 679 193
13 947 524 395 654 590 97 291 8 810 996 988 566 853
11 398 151 9 639 335 592 603 739 801 84 128
15 674 960 823 9 110 1 694 46 537 776 603 304 437 811 409
7 181 934 266 792 43 498 422
24 215 738 545 934 244 623 423 709 572 352 180 501 254 112 742 438 848 163 695 706 842 231 426 419
9 455 255 541 118 989 248 12 184 160
12 149 435 298 78 484 585 779 12 169 251 906 521
12 302 879 750 9 363 205 921 165 943 945 564 416
18 430 183 515 105 41 671 806 367 777 92 624 635 771 160 355 348 304 960
9 364 941 227 413 514 405 7 708 98
15 489 242 574 164 100 730 426 836 683 184 694 960 830 219 89
8 674 960 823 9 110 537 603 694
15 139 2 782 289 483 225 990 610 156 588 787 385 655 716 251
5 461 790 715 597 986
11 680 351 487 605 157 642 876 186 69 719 757
11 758 844 421 487 994 188 707 885 321 958 292
17 267 67 353 930 996 801 60 503 216 402 394 824 972 256 994 615 611
16 79 365 228 414 942 8 813 836 99 426 709 479 6 842 181 36
6 191 991 277 140 920 326
12 768 521 443 379 630 9 705 962 463 973 109 454
5 90 890 176 753 819
38 997 668 804 474 922 882 968 831 611 439 29 82 871 95 545 609 471 416 985 903 17 760 513 371 622 77 1 697 107 954 965 101 163 490 360 685 634 290
9 483 283 569 146 432 212 17 276 630
36 46 569 376 240 494 540 403 117 183 988 247 690 589 274 11 159 581 356 601 332 85 7 943 649 573 269 526 27 985 537 255 803 673 735 62 932
11 746 499 831 421 357 987 122 683 940 951 669
9 365 118 450 40 976 682 606 302 27
40 161 967 415 490 567 375 461 324 104 38 510 932 611 909 502 168 805 80 938 575 364 253 6 864 570 494 629 190 915 447 458 176 594 983 853 178 563 171 127 527
37 924 253 60 178 449 138 224 87 801 672 273 931 374 867 265 695 958 310 16 769 627 878 257 953 363 210 711 221 357 746 349 616 941 326 890 290 956
29 789 118 43 595 195 3 803 89 952 138 732 666 239 881 634 492 122 257 754 818 75 534 86 352 222 611 214 806 799
11 243 106 820 886 714 691 292 304 146 505 393
12 6 806 92 669 955 735 540 242 563 799 141 826
38 869 63 317 354 392 277 77 363 226 6 834 513 707 840 419 404 812 940 811 70 155 908 766 472 396 92 502 349 850 360 78 626 496 885 80 465 29 429
19 837 923 786 972 500 73 267 400 774 657 9 50 739 372 940 571 439 340 169
7 37 790 712 648 278 974 384
24 161 490 297 415 686 375 175 461 38 324 104 253 6 864 115 494 629 126 190 447 948 906 458 724
8 924 210 73 259 360 853 787 554
16 352 438 301 81 909 479 588 782 487 15 886 145 172 552 254 79
38 720 49 526 856 245 934 734 20 883 69 754 836 865 76 497 871 597 469 800 663 869 364 812 565 487 423 674 53 188 749 6 17 283 153 215 498 542 412
5 323 76 934 640 564
34 738 545 934 244 215 423 709 572 286 352 180 859 750 823 157 501 254 112 363 742 877 374 438 695 706 972 842 231 101 426 811 419 375 775
12 503 697 951 988 26 103 833 222 65 415 523 722
11 204 10 533 340 729 458 39 495 922 510 16
35 932 603 739 857 128 817 903 480 766 546 952 637 351 53 374 610 247 719 695 448 306 12 936 632 42 889 390 900 166 36 425 620 5 569 225
14 121 984 764 592 170 698 271 569 855 162 182 828 24 762
26 910 104 358 395 433 318 404 981 267 453 554 47 875 748 490 138 196 949 807 437 133 543 390 401 119 667
25 637 966 891 773 162 937 800 580 87 978 23 408 51 578 281 64 954 729 482 404 340 970 666 76 923
6 50 136 999 185 779 607
8 444 730 307 373 880 74 207 581
18 869 955 818 4 105 532 403 299 996 689 426 662 574 861 858 598 217 41
8 868 621 479 730 109 805 62 563
7 5 758 90 680 616 867 246
14 501 254 112 818 742 438 163 695 706 972 842 231 834 101
16 660 989 914 466 66 796 28 185 495 951 378 486 216 685 320 966
14 575 328 186 816 512 769 780 498 916 305 500 885 449 105
15 278 364 941 812 7 835 227 514 413 405 425 71 267 5 626
5 812 675 389 260 455
16 86 839 697 327 462 959 23 748 280 739 291 427 816 11 960 616
18 364 941 812 227 71 7 835 514 708 405 450 413 841 98 420 813 983 180
7 618 904 481 547 767 352 54
6 934 687 19 609 545 251
15 349 212 992 398 83 165 826 405 129 194 693 435 926 797 820
19 385 138 60 996 626 322 732 47 579 80 590 308 856 726 71 115 310 259 659
12 156 909 767 18 397 93 350 851 361 79 627 497
17 968 721 579 830 285 209 905 162 621 173 891 309 371 698 301 568 893
8 372 125 457 983 613 309 719 566
26 719 913 242 49 167 213 76 262 856 947 684 363 274 790 29 5 758 616 867 322 246 942 667 199 210 476
15 428 181 513 103 39 745 669 365 90 622 123 81 633 351 769
12 90 890 176 39 225 753 910 624 992 21 647 105
7 717 294 360 165 580 867 188
14 574 374 660 237 108 131 701 523 746 367 303 279 709 394
3 27 504 834
17 425 231 754 561 950 639 725 302 368 173 196 517 270 128 758 893 454
13 460 746 323 389 194 609 896 787 453 807 365 860 387
12 407 984 270 855 50 557 114 26 310 313 468 669
15 254 54 340 203 983 917 490 389 811 381 426 401 454 981 243
5 239 816 687 710 300
17 202 8 531 338 456 216 502 79 365 145 294 47 905 156 535 231 956
9 233 39 562 369 487 639 601 758 524
5 352 105 963 214 593
27 215 409 738 545 934 623 423 709 286 157 572 758 859 352 750 443 795 416 328 501 254 112 742 374 438 163 695
27 796 467 603 992 721 681 767 344 630 215 816 410 917 808 881 894 559 312 170 421 876 800 496 753 764 482 30
10 775 638 824 925 816 509 889 861 626 224
35 873 544 798 350 950 758 558 844 421 487 994 292 885 930 695 315 707 971 293 551 893 861 956 636 389 311 247 877 12 509 573 830 289 841 107
34 595 266 402 520 72 480 280 566 429 209 716 143 607 37 627 652 910 358 111 443 33 969 675 599 231 295 705 552 11 563 699 761 88 958
30 23 829 352 159 548 237 323 186 900 966 771 794 473 384 364 115 868 726 432 356 52 462 309 320 38 456 518 845 448 40
10 911 664 996 586 522 228 152 848 573 105
14 127 927 213 790 856 363 661 557 254 920 299 274 340 64
9 438 724 301 587 773 172 874 367 458
11 686 972 835 615 21 443 13 86 549 58 706
5 378 178 464 327 41
16 460 260 546 409 123 994 189 17 587 607 253 165 696 452 890 595
12 896 649 981 507 137 833 558 90 591 101 237 582
6 968 721 579 209 905 315
18 253 6 928 864 115 494 629 190 447 906 458 176 724 594 939 983 178 171
11 294 580 157 223 51 730 28 287 924 666 443
6 360 937 808 831 67 401
13 919 205 782 653 912 824 848 108 266 319 846 676 246
8 423 176 508 98 34 285 664 799
17 423 709 286 157 180 572 416 352 750 758 823 328 612 443 53 350 795
9 761 514 846 372 2 698 108 955 456
5 5 758 616 246 381
23 409 738 663 215 700 709 572 758 443 525 554 638 489 558 286 186 501 254 586 176 112 742 877
21 662 185 992 856 381 70 156 733 799 627 217 197 604 948 701 33 623 559 189 885 610
11 753 560 424 678 230 949 715 259 730 142 236
5 617 903 766 952 546
9 877 963 826 606 540 12 434 24 697
10 296 49 907 537 672 233 490 949 501 767
13 573 150 216 436 723 44 21 634 917 476 280 50 622
18 232 985 907 843 549 473 169 579 426 437 573 962 565 832 157 542 150 106
19 156 909 241 831 767 473 397 532 93 350 809 361 627 497 559 886 81 466 30
17 870 64 393 318 355 200 470 432 589 782 899 620 890 370 89 876 724
5 773 526 858 384 635
31 378 49 303 855 340 63 349 212 926 398 797 820 83 165 826 200 390 463 366 435 992 990 693 141 894 226 816 752 382 78 803
8 205 5 291 868 154 340 739 25
6 917 3 866 646 52 737
16 492 821 298 746 628 17 783 327 210 48 898 860 318 798 304 517
19 959 245 108 294 979 395 286 589 61 822 888 90 359 372 886 262 893 722 301
25 608 937 744 133 862 822 908 771 957 485 642 700 453 311 941 76 637 894 395 353 905 623 41 103 386
17 745 498 420 356 62 986 618 682 939 398 950 86 475 78 345 670 55
9 372 125 457 47 983 613 309 566 67
10 5 758 680 616 867 322 246 381 878 942
36 490 161 967 415 567 175 461 324 510 38 611 805 938 312 547 588 478 910 310 195 109 104 517 253 6 864 570 494 126 190 447 948 458 176 724 594
16 648 401 323 259 510 965 889 585 310 842 343 301 853 571 989 51
28 682 205 12 876 130 890 176 753 624 39 225 910 992 968 721 579 209 344 905 315 630 162 621 173 439 309 698 568
35 871 678 542 67 348 756 842 705 891 576 186 992 883 319 419 485 898 928 622 693 634 387 719 245 951 875 507 571 981 828 287 839 105 975 320
6 164 250 113 893 299 984
18 706 792 369 240 499 853 906 435 695 263 655 433 919 54 50 946 463 286
5 745 31 608 479 502
6 965 542 608 828 14 436
14 859 945 522 808 994 95 986 289 679 422 393 416 6 848
28 604 275 529 81 411 489 289 575 152 218 438 46 616 367 120 978 608 304 561 20 572 708 97 967 292 241 307 73
10 656 409 741 331 267 518 897 593 850 351
10 5 758 616 246 942 352 667 199 658 210
9 487 287 573 150 216 21 280 192 436
11 629 382 240 946 870 566 823 834 970 359 229
19 674 960 823 537 9 110 408 667 304 694 21 74 601 603 87 863 222 437 811
5 91 954 668 140 825
17 561 847 710 490 997 191 896 318 908 424 295 888 750 488 961 581 324
17 286 39 897 603 527 662 159 223 480 491 627 16 619 886 211 160 560
12 278 78 364 941 812 7 227 71 514 983 425 267
13 716 469 801 327 578 957 92 589 653 910 921 57 119
22 205 682 876 12 401 130 167 711 282 182 594 432 244 702 688 901 536 715 942 114 887 640
23 491 297 745 820 627 705 791 654 368 434 583 336 194 824 520 777 278 788 506 924 986 269 313
19 828 635 499 753 24 799 662 848 442 949 591 344 676 266 202 832 464 528 938
8 848 711 491 425 897 319 998 296
15 220 973 895 831 537 461 157 882 414 425 561 950 145 94 750
10 156 909 767 18 397 532 93 503 350 851
14 127 927 213 76 856 363 790 557 661 920 262 684 299 832
18 578 331 663 189 895 819 954 515 772 783 501 49 919 264 308 503 888 452
33 64 870 393 200 589 278 364 227 941 7 413 514 812 835 405 450 215 98 708 841 420 813 71 156 909 767 397 29 93 350 851 361 79
15 691 444 302 553 8 932 628 885 386 896 614 162 32 421 24
25 989 796 466 185 495 874 960 823 603 9 431 110 304 437 811 1 694 752 505 837 427 363 993 689 414
14 489 66 937 352 132 639 833 966 545 938 137 340 269 735
17 318 604 181 247 75 52 645 690 731 311 455 718 107 665 245 539 507
19 179 979 265 128 842 713 736 306 972 314 326 999 168 351 379 116 527 936 714
8 3 89 952 666 537 732 796 708
39 620 291 97 545 427 305 591 454 234 62 652 705 632 168 494 232 677 262 442 853 40 39 298 383 136 468 994 624 256 320 577 36 588 854 724 786 113 716 983
28 221 550 27 357 475 521 384 570 98 164 671 562 255 969 607 228 635 162 24 456 648 313 66 924 554 250 660 507
9 551 304 636 226 162 868 792 488 213
5 253 6 928 864 115
10 378 855 49 185 303 340 574 455 767 417
36 884 78 407 332 369 378 955 241 21 528 722 464 419 427 229 112 395 849 439 281 170 923 781 32 411 107 832 364 865 375 511 573 900 503 95 88
24 249 726 920 56 174 134 934 220 797 668 927 691 261 306 83 269 954 12 765 623 874 329 253 885
6 852 605 527 463 93 228
16 709 286 352 180 157 859 416 770 612 572 350 328 212 823 758 644
8 11 764 622 328 252 387 884 948
19 175 461 38 909 104 324 932 611 805 502 938 517 910 168 80 522 109 312 575
5 470 223 81 332 787
8 349 926 797 820 992 390 435 499
28 258 452 706 781 588 666 466 752 329 200 615 223 544 297 629 219 155 861 785 481 738 197 749 885 274 469 462 418
28 241 47 495 532 570 255 541 404 590 184 691 885 18 597 275 357 12 118 333 86 944 574 709 270 680 995 527 986
8 429 182 40 291 746 670 302 366
19 967 161 415 490 567 461 38 909 168 932 104 324 611 253 6 338 928 864 115
6 924 677 599 535 165 300
13 423 709 286 157 572 416 328 180 770 615 971 823 352
7 487 240 98 728 863 360 424
16 253 6 928 864 494 629 190 447 458 176 724 594 983 853 178 171
18 494 580 443 157 223 51 641 621 666 730 28 629 694 431 287 597 483 707
19 968 54 917 631 103 204 788 398 502 525 95 870 899 168 181 115 71 695 983
11 96 849 707 413 337 472 969 33 443 290 791
15 719 242 913 49 167 319 204 438 281 748 631 739 219 725 938
5 995 748 606 236 868
15 501 254 586 112 818 742 438 163 695 706 424 972 842 904 187
16 90 890 176 753 39 819 647 225 624 217 237 79 817 847 111 438
19 802 602 888 465 751 336 937 622 531 232 365 704 739 595 733 817 38 944 316
12 690 443 301 931 627 884 895 613 161 31 93 376
13 90 176 39 753 819 326 217 624 262 647 237 303 79
12 359 159 445 22 88 308 916 595 486 893 152 789
8 465 218 76 706 841 338 402 812
8 161 490 297 415 686 996 967 879
15 679 432 290 996 920 55 552 616 26 341 873 374 332 884 150
14 365 118 450 976 682 606 741 302 559 60 18 570 706 51
20 205 12 682 876 401 90 176 39 225 753 819 910 647 624 968 721 579 285 209 841
12 640 393 725 251 881 513 577 302 834 293 845 111
5 602 409 798 108 579
26 355 878 549 803 685 849 426 712 297 492 556 320 999 468 193 935 910 755 641 394 316 252 882 578 303 835
23 144 338 667 592 474 552 352 638 215 86 345 257 109 699 679 752 501 430 183 105 41 671 806
19 773 859 436 502 330 9 307 566 722 920 973 203 908 593 336 478 675 762 900
16 495 781 644 424 830 358 229 931 252 125 515 258 837 867 597 488
7 281 144 924 752 342 322 431
30 785 592 981 456 174 670 756 333 619 399 227 817 797 204 463 805 842 375 659 490 883 548 301 633 223 159 789 924 421 485
5 954 707 39 629 565
8 263 63 349 212 398 499 992 820
1 363
12 997 750 608 238 373 934 191 202 338 727 597 922
12 372 125 983 234 689 613 748 245 309 566 577 295
11 365 118 450 976 606 302 712 27 559 18 570
25 273 79 527 564 602 487 573 150 436 21 280 216 192 634 723 614 365 118 976 606 302 559 18 570 836
7 547 347 633 210 276 783 104
17 268 21 879 509 644 205 462 963 921 473 609 998 601 193 142 542 208
16 177 654 984 848 373 102 566 254 683 139 216 674 873 404 154 508
9 697 497 783 646 360 832 933 824 897
8 798 551 409 660 115 39 174 671
10 501 254 176 112 742 877 438 695 154 706
11 365 118 450 976 606 238 302 559 60 18 570
14 487 287 573 150 21 436 280 622 307 192 216 917 659 50
9 441 194 116 52 682 378 635 94 646
11 365 118 976 227 682 606 302 27 559 18 570
24 602 409 798 108 579 991 273 527 641 679 829 85 79 99 564 298 933 511 112 339 871 284 942 360
20 863 669 117 154 192 77 877 163 740 806 611 26 212 955 708 566 817 272 196 331
26 280 803 474 610 728 774 637 823 508 417 245 351 835 815 566 319 651 241 177 428 807 942 439 503 228 760
19 564 650 227 98 121 691 736 711 553 293 357 269 291 513 501 153 667 762 556
17 722 522 808 671 385 857 542 451 256 624 285 659 515 958 869 257 279
19 254 831 117 702 961 303 897 725 315 988 70 598 873 160 340 404 157 105 895
6 767 520 852 378 629 8
12 501 254 176 112 818 742 877 438 695 706 842 187
7 682 876 205 12 401 711 594
24 202 531 338 727 456 8 920 570 493 37 608 508 14 758 28 41 227 862 440 966 268 800 871 620
14 829 915 778 964 558 649 492 386 956 1 731 766 976 364
3 504 833 310
12 410 163 21 272 651 347 604 105 63 615 751 96
11 968 721 579 209 905 162 663 173 309 698 301
15 874 674 960 537 408 431 1 667 603 21 823 863 46 811 409
5 164 917 249 775 26
18 63 349 926 992 212 797 398 83 56 499 968 693 410 826 255 252 390 200
19 117 311 565 602 640 447 717 679 836 29 867 137 336 146 971 549 617 75 123
3 259 65 513
16 743 496 828 354 984 119 680 937 948 666 214 84 146 429 473 343
19 674 960 823 9 603 110 537 1 74 408 46 601 431 811 21 304 409 694 863
5 93 379 956 242 428
15 887 640 498 128 824 234 549 81 92 228 290 573 617 220 812
8 494 294 580 443 629 730 314 396
5 550 303 635 161 867
24 855 378 185 49 574 263 349 926 797 56 820 968 390 435 410 476 141 894 752 3 382 517 78 803
1 988
40 905 234 159 41 430 205 782 653 68 912 676 246 848 355 291 824 111 56 549 332 266 467 997 750 608 238 373 870 934 191 692 202 338 727 922 307 871 937 350 966
7 828 405 471 276 535 447 731
15 264 350 927 213 798 399 57 84 411 969 464 821 391 166 195
13 703 789 652 366 838 432 260 830 903 523 133 939 237
6 671 424 282 533 988 912
9 623 709 286 157 572 758 180 770 823
6 953 753 39 616 682 487
17 830 637 307 501 26 219 755 907 336 869 792 327 57 807 526 313 739
12 607 360 282 218 924 848 544 269 801 302 260 812
9 365 118 976 227 606 741 302 559 60
21 719 913 167 204 242 127 213 790 856 363 684 76 5 758 616 867 246 381 942 352 199
18 11 97 960 674 545 740 804 568 247 158 211 441 0 716 183 359 138 948
27 589 395 843 880 918 603 889 466 337 596 950 508 360 3 792 530 560 392 151 795 681 434 356 292 922 618 28
12 415 215 501 78 144 651 949 208 845 562 972 364
9 243 329 192 906 777 378 972 800 390
3 908 385 715
11 517 270 128 758 454 711 722 988 858 203 247
16 874 960 823 603 9 537 408 110 431 21 1 667 694 46 776 437
14 893 693 979 556 842 28 129 20 713 323 456 795 65 824
14 462 39 910 325 933 105 511 523 169 576 103 612 81 806
15 187 940 272 798 428 60 124 381 392 528 917 787 112 61 717
24 393 200 870 589 899 64 370 318 470 782 432 890 876 355 89 620 903 130 302 662 724 733 75 828
18 269 22 880 510 206 463 922 474 610 999 194 579 143 209 622 290 573 236
14 934 687 609 545 175 871 596 128 629 139 857 405 275 620
28 205 12 876 682 401 90 890 176 39 225 326 520 653 262 968 721 53 643 579 830 285 209 344 841 905 315 630 162
17 185 514 439 991 321 591 710 553 20 903 11 491 997 476 741 210 24
