54005531591726153
53840025650740922
53784548444158833
53965534948392825
52310978083346044
54015775343604808
53878160541021326
53793056185243309
53978269716445514
53969402703417552
53965534948392825
53776770495489199
53859093126007706
54011681370414937
50267813614927260
53980117308108098
53801890700207354
53801063380637593
47187504595631536
53878160541021326
53978081073392712
52184139340548646
53988608195859577
53801063255534682
53897228016288110
53808184178980390
53878160541021326
53942461700926073
52380297278991324
51926721751467559
51930185949148613
53878160541021326
53878160541021326
53919388526370713
53781198171724472
53823203468301181
54011681370414937
54016515172468784
52278237445848507
53784548282456307
54000058687441251
53965534948392825
53800546639552669
53965534948392825
53784336905311160
52290175115201910
53878160541021326
51815603803895999
53971411961386145
52291069243395715
52222874885155616
53981029312978779
53776672590666893
53790162848965922
53803626177742640
52163939066210061
53783598503933362
52056290893812327
53981820188000002
52216510746472484
54003304538298504
52869322831995172
53820958175474138
53784799366107600
53983801917385425
52509678952127200
52030683537156902
53985997997560871
53791604353080884
52621388975383602
53840025650740922
53791353190485819
52232007110007246
53806862928438004
53998410916221094
53970215689815225
53878160541021326
53798639496777248
53824367327184331
53979929071571303
54011865077787980
52260602735065918
53897228016288110
53878160541021326
53980264595038695
53820958175474138
53859093126007706
49240145676192083
47166843457201784
52070517564834296
46750027101093268
53965534948392825
54011681370414937
53801890700207354
53942461700926073
54013186163368571
53776717696505580
53897228016288110
53967108516103603
53788980950515807
53859093126007706
53992471315124430
52373778803094473
53773715506510576
53787983261498185
53976282883846005
53897228016288110
53897228016288110
54011681370414937
53878160541021326
52222759996629993
54011681370414937
53859093126007706
51991989733907580
47146182277862941
53919388526370713
53982810973824065
53801890700207354
53919388526370713
53981646457278952
52582170773958185
53988608195859577
53965534948392825
53975413342887253
53840025650740922
53859093126007706
52282079526638218
53980185374090389
53820958175474138
52017277606703192
53985321085806989
52163129608797611
54011681370414937
53919388526370713
53992862336614588
53878160541021326
53942461700926073
48489157571251371
53818541419675323
53991916415250806
50947835185300958
52553720374321899
52284142597107483
51978322800136809
52068455829986671
53777300067282140
53942461700926073
52380118571560801
53975726856235952
51982632329515621
53786133740696596
53840025650740922
53878160541021326
53988608195859577
52007148774895244
53840025650740922
53821538900532123
53919388526370713
53840025650740922
53878160541021326
52392294418667847
54015981614936277
53974389044220855
53965534948392825
53788775788710866
53859093126007706
53976046271874844
53840025650740922
51216430371251371
53992792981384544
53919388526370713
53801890700207354
46670975771251371
53897228016288110
52007319964132998
53977987641733025
53786898816115237
52482470365532645
53919388526370713
53878160541021326
46868604098128841
53780089071471901
53859093126007706
53840025650740922
53859093126007706
53772339520889140
54011891623744520
52263335852142691
53772817500618718
53824367431277885
53820958175474138
53988608195859577
53984169705819781
53942461700926073
52611473536426387
52353866246915609
53973411486890636
53797587450645984
52058150972257448
51987199128179129
53985998031775540
46774281527036495
48158579006375338
53988053775818100
52099069950414697
53971857187407560
52001216741703723
52303538383513176
52077005698493019
53981336162470051
53859093126007706
53793572732602700
53787469326053548
47435438461334015
53983743200302782
47187504586540627
53789318761391241
52348780050807768
53782513865266055
53840025650740922
53772724756533918
53965534948392825
53942461700926073
53965534948392825
53990502926176944
47125521171251371
53988608195859577
53797957355222878
53981374192203484
53818024656430485
53840025650740922
52020287866331628
53801248458402128
53988587359274602
52125531110812366
53997763760403826
53983144506176775
53840025650740922
53777335363404491
52523892061469086
52178259970968453
54013185996074258
54021067811044118
52621388975383602
54012282401713808
53840025650740922
54011681370414937
53976796769113041
53859093126007706
53878160541021326
52476934544454976
53859093126007706
53814114390613657
52031792492437086
53820958175474138
53965534948392825
53808314595977907
53897228016288110
52647297436723385
52654957515011952
53942461700926073
54011681370414937
52187504668358809
52347216271808186
54016698148325426
53806241864429370
52541575811745873
52436579597120103
53989348421302202
53323868291086081
53943703007615007
53965534948392825
50307339371251371
47352793830342280
53840025650740922
48902380630755503
53801890700207354
53808831255129191
53976877328954145
53991911155206490
53778326073177714
53878160541021326
53985998150699535
52859816911683215
53793572732602700
51886552498411464
54018364625598078
54011681370414937
53792476297301951
53897228016288110
53840025650740922
53991937682883605
53988608195859577
53776279775698415
53797309928666888
53999798121475376
53897228016288110
53974042494212105
52674377484110391
53983799763655875
53801890700207354
53965534948392825
54011681370414937
53780902112484382
52632484890927866
54013185996074258
52497421990259635
53859093126007706
53988608195859577
53779622035079983
53820958175474138
53795237303117372
53988608195859577
53972033410832293
53965534948392825
53919388526370713
53783594348597578
52304186000998913
53978697092674239
52568490561390937
52704033579102610
53997763760403826
53988608195859577
53790798326378874
53988608195859577
52117434970822429
53980345297323421
52118721048964558
53897228016288110
53859093126007706
52032194023150064
53801890700207354
53840025650740922
53965534948392825
53798604615430001
53878160541021326
53824367327184331
53902380694391867
52081510693080322
54011681370414937
53919388526370713
53788709667800715
54000239271549668
54011891549709680
48117256702243107
52166371017884263
53780519029271191
53998297374771447
53968625835182419
53782814465789328
53815952092176261
52404665085806899
52855903199375115
53919388526370713
53981118153484293
53983570597586001
52041217985076472
53859093126007706
53942461700926073
53975503435927407
53975798675991565
53787773085649289
53789145772163656
53942461700926073
53840025650740922
52233958476584485
53942461700926073
52142988530348090
52387781947638261
53773682504847011
52401731281108088
53824498132608079
53878160541021326
54011681370414937
53990088055270496
53988608195859577
53991559881365046
53976613107958801
52235499643201297
53897228016288110
51948002499897700
52352418359256650
53878160541021326
53878160541021326
53988053667848525
52267685268759539
52537506393309486
53966365788909876
53783821740992329
47580066521251371
53789411336963073
53988608195859577
53897228016288110
53813886925193948
52985065768666426
53919388526370713
51995488679944770
53654446810507569
53820958175474138
53981580266004828
53965534948392825
51942922917453026
53988608195859577
53778339247625308
51995027274970982
53985370620483165
53919388526370713
53967271849188380
53965534948392825
53777513580411091
52325178441876212
53919388526370713
53840025650740922
53988608195859577
53978223511710933
53988608195859577
53820958175474138
52355539467057536
53785261650706471
53988608195859577
53797957292022119
53840025650740922
53790189426858968
54011357713591139
53840025650740922
52357500268442430
53919388526370713
53984264068394106
52101266723173757
53976421567330546
53801890700207354
54011681370414937
53965534948392825
47125521171251371
53942461700926073
51997161656582357
53989625764110828
53820958175474138
53897228016288110
53786318596018330
53878160541021326
53859093126007706
53878160541021326
53823203329273308
53793809221304835
53998451001833375
52164587705556986
53782219976412732
54011681370414937
52440493110028644
53996099186865538
52333919887537495
53792193191685197
53965534948392825
53986998367670257
54012652471942494
53942461700926073
53968537886079372
47972628605962115
53991824080368457
53942461700926073
54015981614936277
53965534948392825
53942461700926073
52030469608925577
53965534948392825
53897228016288110
53988608195859577
53788763934372826
52149971625532131
53943703007615007
52565253743773054
53942461700926073
53859093126007706
53778630357652671
53790705897841157
53795237436990635
52239359868189981
53982365222097435
53897228016288110
52882257004845588
53897228016288110
46750027101093268
53999220467998560
53878160541021326
53985279071073406
52041221362806753
53817960149589453
52848661675383602
54002942307396362
53942461700926073
53965534948392825
53942461700926073
53789172104290570
53977405704147086
53988608195859577
53897228016288110
53778413791086081
53942461700926073
53794720684204853
52528758323703885
53840025650740922
49536588406824493
52232791690875010
54017830977491004
53859093126007706
53774144806389846
53984676919449566
53787765210657050
52239262893844299
52298662266332612
53976037121630313
53840025650740922
53820958175474138
51946418469318735
54011681370414937
53840025650740922
53771816440516719
53919388526370713
52363886409417119
46414058703464809
53919388526370713
53988608195859577
53840025650740922
53965534948392825
53977141514809072
53993879716441442
53811713161345977
52044097265033482
53897228016288110
53988608195859577
53942461700926073
53613124520011701
53806372694324502
53994526946871349
53982139734056525
53790836791024274
54011681370414937
51947972311130327
53919388526370713
53976877446011548
52286084632217451
53840025650740922
53965534948392825
53919388526370713
52341130446963950
53966462816135776
53974529166493021
53919388526370713
53988608195859577
48117256702243107
51996965551102925
53778814848635754
52365370231402287
53897228016288110
52179163913210027
53988608195859577
53981765439907079
53988608195859577
53988608195859577
52812661452556746
53897228016288110
53778063315303246
53808314639147178
53942461700926073
53878160541021326
53897228016288110
53840025650740922
52349912180011127
53988608195859577
53820958175474138
53942461700926073
53980791045174217
53801749485091252
53789916720179817
53878160541021326
53878160541021326
52676671685915245
53802003338191580
54011681370414937
53840025650740922
53840025650740922
52196159884973712
53282546005135668
54011331386361903
46815603844805090
53982483892673704
53823850711202318
53859093126007706
53919388526370713
53997763737655438
52173213731689508
53897228016288110
53785249698181288
53973174839487372
53969497701283674
48985025261747239
53919388526370713
53791087671192912
53785249698181288
53804430665712027
53991937682883605
53808314639147178
53785249698181288
48943703071251371
52548748823990993
53794139294098977
53801890700207354
53989348296199291
53779363184571764
53878160541021326
53814657552552210
51433821546547814
53776477930737781
52759798235375161
53965534948392825
53919388526370713
53986460632828326
53775156796052248
52263309066577556
52568376725006229
53805603303809952
53919388526370713
49698284317065241
53137917863400131
54013186163368571
53778494422104242
53820958175474138
52114453990120055
53840025650740922
53878160541021326
53965534948392825
53878160541021326
53820958175474138
53942461700926073
53801063255534682
46815603844805090
52187010764042929
52248892134686224
53785064999460728
53801359436649960
53965534948392825
53919388526370713
52603262361349229
52199059714183571
53897228016288110
54000239271549668
53840025650740922
53995215820266695
53774033965172089
53919388526370713
52182829959238598
53919388526370713
52048816140030864
53984611015097305
53794073336172291
53820958175474138
53988608195859577
53897228016288110
53976552359509424
53820958175474138
53282546005135668
53808184030829534
53988608195859577
53859093126007706
48117256665879471
53977352975912304
52082714982499142
52798052365871917
46815603844805090
53778655046471578
52085842205676759
53965534948392825
51918455996765300
54016320724076122
53859093126007706
53785249698181288
53977954007272943
53779475384666686
53771612034884447
53965534948392825
54011681370414937
53859093126007706
53994017052239716
53840025650740922
53820958175474138
52951585120079155
52366557146461593
53840025650740922
53982698925630535
53776663185734447
53978897438215786
53965534948392825
53859093126007706
53993695201240592
52085094851608306
53802519787211497
53965534948392825
53965534948392825
53815435308899935
53965534948392825
53878160541021326
52209568876442647
53965534948392825
52114773085042678
53997763760403826
53810256895631429
53973565942510251
52702783320385377
53801890700207354
53897228016288110
53786650238715718
53942461700926073
52336818440569653
53897228016288110
52187504668358809
53965534948392825
53840025650740922
53795207504845748
53778884202689550
54011681370414937
52283302665620538
54018364827976442
53840025650740922
54011681370414937
53983655488051151
53770346021548865
53897228016288110
53979915884691339
53979045831909680
53878160541021326
53783735285344897
53988608195859577
52747505361787745
53806346317677851
53784734792659984
53992563818845648
53840025650740922
53988045797979589
53878160541021326
53794590009176147
53992471445102525
52497421990259635
49714454046745442
53990273112368933
53780135869686921
53782039640588009
53818024803693310
53897228016288110
53823850711202318
52139419927383717
53797587389087746
52167717965003332
53919388526370713
53965534948392825
52104358998085062
52075423412896197
51947769603369043
53980859084020194
53781774035041923
52029299529669363
53996495413672041
53965534948392825
52005198653576076
53794325837286848
53971593002816266
52322924878465755
53988608195859577
52691977207698289
49655165451883782
51127497450500383
52095019316957165
53973216658751882
52305549202382349
52233790538824150
54015241799441556
53824367327184331
53970585711888210
53942461700926073
53988608195859577
53878160541021326
48902380630755503
53840025650740922
53974116393449474
53998297326726992
53840025650740922
53968614902919382
53795237322842144
54011681370414937
53981466739380693
53840025650740922
53897228016288110
53859093126007706
53942461700926073
52221232089718650
53897228016288110
53796090877595569
53988587438184626
53782672332091288
53571802206788561
52624346981135540
53789292404692879
53986159898949946
53783901157736047
54018364711404784
52089590767882753
50451967481168726
53988608195859577
52374252820321519
52185215050406511
54018364827976442
51990217070997720
51984697554409963
52493253735039167
53942461700926073
53815065405965562
53788763954404314
53788763987222822
53814140650749740
53774954037667182
53897228016288110
53965534948392825
53859093126007706
53788763945426926
54018364668917081
53798639337598655
53988608195859577
53780467450338317
53942461700926073
53988608195859577
52392817102705130
52621493486401562
51127497450500383
53818541419675323
53989348410347782
53919388526370713
53974587278662846
53840025650740922
53840025650740922
48282545891499305
54011681370414937
52151533797477995
53799899256876283
54012652471942494
48365190522491041
53786738447189378
52179607756565333
53859093126007706
53942461700926073
53965534948392825
51975477323957430
53897228016288110
51994421837482444
52529715337142036
54012652471942494
53982837813751255
53823719945255321
53992471440227341
53987776137596711
51937006881503422
53942461700926073
53919388526370713
53796636194852449
53878160541021326
53780949742993195
54003475998822439
53772179101358792
53840025650740922
53789845876076362
53897228016288110
46774281527036495
52198916740277487
52252979964079438
53984703397245858
53840025650740922
53942461700926073
53779594276590500
53840025650740922
52539404790625387
53878160541021326
53031050769658797
53992471374309682
53799630078589021
53789542089735197
53993853190600695
51979128391307765
52239152839232527
53965534948392825
54011681370414937
49773742580539908
52240833519890066
52101789950486226
53988608195859577
53975805924200067
53965534948392825
53781465084246608
54011681370414937
54008007444330534
51964212091999745
52129021182884649
53965534948392825
52289693217737154
53988608195859577
53789762516549591
53965534948392825
53859093126007706
53970393535196232
53987574382379982
53942461700926073
49240145676192083
53988608195859577
53897228016288110
53784733253567398
53778486071375388
53897228016288110
53979277449718841
53785869460923613
53965534948392825
51562280022832399
53919388526370713
53897228016288110
52625410810825438
53919388526370713
53468496351003437
52241448324074648
52107034675051427
53965780342613505
53776087146078005
54011891618610530
52800021917802124
54011681370414937
53810256895631429
53778413791086081
53859093126007706
53919388526370713
53919388526370713
52308785728834653
53814140843330810
53820958175474138
48902380630755503
53807019974840280
53988608195859577
53919388526370713
53919388526370713
53786926214009637
53919388526370713
53919388526370713
46691636759681123
52186733241814512
52247845744073636
53983961674916478
53778207140697032
53968840491475311
53988608195859577
53897228016288110
52621388957201784
46670975771251371
53986362756957482
53282546005135668
53897228016288110
53878160541021326
53788726330579914
54011681370414937
53777551291492675
47270149231168727
53528683183504335
53878160541021326
53770885560971907
53808831255129191
53859093126007706
53819293055221528
54011681370414937
52631533585963804
53778413791086081
52057082401764458
54011732792249936
53987997444563497
53975503435927407
53988608195859577
53995821611178247
53818024656430485
48117256665879471
53919388526370713
53942461700926073
52337803946642189
53973018870283397
52182248158730785
53786133681918957
53985200178336407
53571802206788561
53878160541021326
53971460910196307
53798535321412824
53974240396027891
53840025650740922
46414058703464809
53771630073081144
53897228016288110
52414414038586801
48158579006375338
