1000 1000
36881226 -89039117
0 68987341
0 69620253
87341772 10352380
46480700 -84941593
95019482 -19663022
0 80696202
-50000000 -40909090
98310526 -7684674
45316455 44374065
-40759493 38298521
91702167 -29469516
22025316 60144908
53924050 24408021
89152890 -36031806
58399172 -78488044
-59090909 -63636363
81092777 -53285063
81285685 -52918591
30032077 -92503844
0 93987341
84624843 -46254197
91558743 -29858031
36944264 -89191324
52697089 -81767464
-69113924 27366061
88995616 -36414925
-60000000 27656831
-92405063 4705326
28690278 -92341361
71851997 -68982898
67105995 -73119285
-56455696 36852944
75808313 -62665328
-36708860 43886425
83539962 -48489703
28964640 -92149020
25063291 49233741
0 86708860
0 92088607
65719564 -74045658
0 84810126
97191977 -12100692
87212404 -40606884
24982605 -93646659
85822784 8584543
82784810 10406479
83722741 -48118075
29756129 -91837617
47848101 39625207
0 53164556
88678645 -37180162
79746835 13781550
28077050 -92783984
40408727 -87555260
89465008 -35264577
62551564 -76012805
-89873417 8413334
56846350 -79344458
34204253 -90268659
26582278 62242849
38227848 36492190
21451509 -94645626
-69620253 22849530
33670886 36077514
-100000000 -39130434
-93924050 3379695
0 52215189
-79240506 17435898
98015643 -8891601
53295086 -81297266
72151898 16017525
31645569 66101092
31969156 -91466077
0 77848101
96977601 -12900756
0 79113924
9503791 -97944132
93924050 4741320
0 60759493
-55443037 26541806
98114787 -8489500
0 67721518
38564813 -88341751
98691801 -6072579
3478965 -99308013
61012658 27792289
82238599 -51080172
18842891 -95490733
36202531 53280937
84980166 -45505997
21012658 43402135
37019920 -89373984
-94430379 4464078
0 64240506
78106842 -58732247
96086371 -16091743
48596963 -83990102
-59493670 36330155
-33670886 62715882
99059448 -4457322
15140899 -96553333
41772151 49496037
-53417721 34591474
95855152 -16887102
-96455696 3322808
-100000000 0
49873417 29228622
-76202531 14290914
-81818181 -4545454
20495359 -94934675
38412385 -88387834
87543858 -39847808
-63544303 33954118
65045534 -74425073
22810223 -94199139
0 65506329
-4545454 -9090909
93225536 -25176299
86835443 8681182
67594936 24373262
0 62658227
62600102 -76130005
78919937 -57288952
47341772 33529468
-43291139 53648652
40082738 -87677340
75594838 -63020213
-93417721 4530879
48694059 -84224518
64503469 -74772731
54489513 -81549318
-84810126 8758615
59808307 -77723340
-66075949 22110739
41265822 34533958
98502865 -6879029
52636575 -81621347
51788085 -82170331
10361187 -97741346
68101265 31469849
0 58860759
65569620 22352890
3189056 -99365682
95262430 -18871166
-83291139 9008084
72303407 -68288429
74298300 -65139987
53075203 -81468182
42792684 -86643993
99669960 -1623358
63463214 -75435942
0 60126582
42436875 -86662171
-59090909 -9090909
56981983 -79233297
-45316455 31297361
50479618 -82738100
86539895 -42120804
54172911 -80784931
60886014 -76991803
0 75000000
-62025316 31398297
0 99050632
70710677 -70710677
74733462 -64435222
94430379 4073828
66076074 -73807447
-66582278 24728283
-57468354 35163161
0 56962025
30940423 -91363415
30615522 -91559440
6356978 -98680389
-27088607 71491108
44810126 41189265
40806872 -87405361
61358238 -76703280
-21518987 54175240
87708383 -39467747
86027136 -43252487
61441446 -76904192
0 88924050
94773193 -20453844
18926108 -95691655
70126582 15901786
0 61075949
43291139 28444980
-95454545 -81818181
-50000000 -77272727
28101265 66294571
-88354430 11573807
73197410 -66893803
91269435 -30634149
71139240 20610664
79521742 -56202003
0 -100000000
72975014 -67243167
0 54430379
0 86392405
99585309 -2028758
56063414 -79793467
93491780 -24391969
-80253164 14006937
15908590 -96301432
30126582 51611785
36908960 -89106086
-49367088 36060229
51392405 32087064
-36363636 -77272727
-25063291 64135427
-82784810 10132713
18869367 -95554661
8022446 -98315230
63501279 -75527860
91986553 -28691580
-46329113 30532372
6957893 -98616000
20555872 -95080792
0 73417721
60000000 39611795
95971181 -16489544
37297344 -90043751
81859763 -51816746
-87848101 10887267
-37215189 43659069
99238153 -3648543
96962025 1734438
39265982 -88129774
5102463 -98985072
80899095 -53651126
99918774 -406099
87045476 -40985895
38734177 60414390
0 93670886
-59090909 -40909090
-40253164 58622642
79121303 -56927059
52306396 -81834335
0 63924050
-22727272 -77272727
49367088 28397437
-74683544 17862185
-50886075 39143816
89773884 -34496037
46897378 -84648833
9567094 -98096995
-98481012 1296633
47357142 -84330218
-35696202 53806479
0 64556962
3061496 -99391056
-31818181 -72727272
92406966 -27522444
19134174 -96193979
86198852 -42875620
8466019 -98216522
38749330 -88285967
43980019 -86177145
0 97151898
21518987 39590156
-80759493 15094804
37721518 59105830
0 88291139
-13636363 -40909090
64556962 27520364
0 81012658
67088607 29837660
7261491 -98483130
23432234 -94070387
72078068 -68635901
12667856 -97249553
90829336 -31796019
55186688 -80291244
65063291 18083970
0 89556962
-27594936 39450346
16779705 -96065310
0 59177215
-84303797 11581906
0 50000000
77281589 -60168623
73860166 -65842907
0 98734177
-70632911 29185594
99326224 -3243872
59493670 33442287
26370394 -93075499
-54545454 -31818181
68007178 -72517145
90531851 -32569040
-53924050 30437572
0 55696202
0 76265822
64812083 -74652013
-34683544 52444826
95620577 -17681478
20000000 61867312
0 69303797
0 97784810
74079604 -65491678
-63636363 -45454545
62178407 -76198867
0 51582278
-50379746 36426052
-20000000 42822704
33164556 60766084
65303635 -74323571
99836693 -812027
-32151898 38995302
6103546 -98735214
61377434 -76749638
57468354 31722051
66893952 -73260965
92405063 7203686
-63636363 -9090909
0 81645569
0 70569620
84303797 15411414
-90379746 5067887
46329113 41944546
94142879 -22426288
82049570 -51448659
-26582278 60079022
35696202 44311089
0 71202531
0 87658227
81265822 10788553
37103146 -89574913
67889632 -72595685
97814810 -9695171
50298025 -82968614
-41265822 39322462
0 57594936
87872104 -39087339
12756120 -97462656
91844770 -29080698
-39240506 31708755
-30632911 47681008
57604288 -79069038
0 57911392
93359072 -24784274
-29620253 41981004
13172592 -97018796
-89367088 8199573
0 96518987
47167653 -84460993
-44303797 35633387
57733748 -79381592
54224706 -80910000
0 83544303
94397503 -21638110
-65569620 19155766
95502032 -18078292
88358445 -37944053
-99493670 314470
36923896 -89142148
63544303 31346692
33654493 -90340006
-28607594 53838158
-94936708 3865846
54430379 22879319
23101610 -94233738
-65063291 29451555
0 54113924
96200721 -15693699
0 72784810
29782405 -91901062
89309354 -35648356
67620956 -72775205
54281446 -81046994
96426897 -14896891
92683124 -26741550
0 67405063
0 78481012
71169393 -70021011
0 62341772
58481012 26442441
-71139240 19475308
-81818181 -9090909
90231106 -33340798
44492058 -85674155
92911392 5364691
24941074 -93546380
-77272727 -31818181
-4545454 -72727272
34177215 56446677
83172052 -49231795
90381886 -32955078
40253164 42453337
41942648 -86972772
0 61708860
0 78797468
16208670 -96274020
32465268 -90878064
12641902 -97186882
0 91139240
36708860 41499544
27594936 42782005
99499803 -2433978
-45454545 -72727272
78734177 15991608
-90886075 8038709
46835443 28663507
25976710 -93148066
81669179 -52184431
0 100000000
50886075 45428632
15177882 -96642630
-73164556 23235444
0 58227848
0 90506329
92267651 -27912451
73670886 21590346
96455696 3128986
0 59810126
64786878 -74591139
30632911 53726555
11388539 -97494325
-90909090 -54545454
48491442 -83735318
0 89873417
51756084 -82093059
-47341772 33810846
0 95886075
57549790 -78937447
-18181818 -27272727
0 57278481
0 75316455
25569620 56853156
90976853 -31409039
84266363 -47000890
99493670 299249
0 87974683
-95949367 2965570
74177215 21519916
54936708 39758316
27941373 -92456401
-72658227 19688949
23544303 59117958
0 79430379
-31139240 65633749
25026737 -93753209
42278481 39258308
79321906 -56564743
78311258 -58372068
27973025 -92532830
22572616 -94495101
0 65189873
-96962025 1946764
-48860759 50136806
24556962 56517690
14204999 -96793868
0 66139240
29120169 -92041399
0 74367088
93884930 -23213385
-42784810 31634035
62025316 28752749
23658451 -93958623
59288252 -77917067
85507219 -44380900
98481012 974297
-45454545 -59090909
46410099 -84771121
17438251 -95945791
89873417 7090948
93754709 -23606523
-77272727 -68181818
15734087 -96318733
87848101 8062719
-54430379 29138718
-39746835 51051978
-82278481 14260951
80313418 -54746850
59896572 -77936442
40759493 42734935
98213081 -8087191
0 94303797
91898734 7592978
-62531645 33960992
75380615 -63374646
0 79746835
83291139 16482069
-81265822 16692806
97085212 -12500837
74516253 -64787834
45215935 -85351360
-32658227 41734610
-75696202 22753156
27195970 -92929590
73164556 22413828
-34177215 48688501
6378071 -98731335
61787135 -76440025
0 97468354
0 50949367
13377981 -97003151
0 66772151
88860759 10823183
62536799 -75977144
-9090909 -95454545
0 82594936
83904734 -47746063
48499881 -83755698
56614771 -79537266
0 76898734
0 98101265
-50000000 -13636363
0 99367088
29113924 65141360
0 53481012
97713122 -10096636
48527615 -83822667
33730141 -90522656
84445997 -46627733
45822784 43309650
-68607594 25614508
82801013 -49972327
-4545454 -13636363
-31645569 59451002
-45822784 29487468
0 68670886
20879429 -94851810
0 70886075
-100000000 -36363636
0 58544303
35027715 -89827510
0 84177215
-25569620 46846528
40902054 -87635172
-81772151 11200314
0 80063291
0 93037974
0 84493670
-56962025 22479307
-71645569 21749592
28607594 56392733
20076887 -95136531
35197637 -89736481
-92911392 6133799
-56521739 -47826086
-52405063 36325587
-27272727 -36363636
88837534 -36797711
92387951 -38268342
-67088607 25569937
81477820 -52551714
35189873 40363837
77215189 16401072
55949367 31786793
8961498 -98105526
-86329113 12847603
94648796 -20848864
17751624 -95797354
-64050632 25138797
70940399 -70366086
58807550 -78337604
-74177215 24381803
15307341 -96955185
0 55379746
94523566 -21243619
35338007 -89661283
27482275 -92663838
71397658 -69675454
0 93354430
0 77215189
94270607 -22032334
76654704 -61241304
43924541 -86043198
82986924 -49602257
56455696 40041102
38977264 -88217058
36888524 -89056740
75165644 -63728627
54182903 -80809065
76708860 22928046
53438857 -81186683
44678125 -85640282
-40909090 -72727272
-39130434 -56521739
31841122 -91156961
65282544 -74272625
0 96202531
0 73101265
44174213 -86645979
3327708 -99338101
-26075949 65918612
74683544 13285799
88354430 8252715
63034370 -75707812
27088607 70050524
0 74683544
97402974 -11299731
26694327 -93017211
66075949 24463652
37215189 53859682
-70126582 19545706
54984544 -80363443
20506329 75074891
66655404 -73420355
-4347826 -30434782
90379746 5792975
83356399 -48860943
-41772151 43145808
80704641 -54016779
29837884 -92035010
-97468354 1320897
-30126582 50559160
-57974683 33035927
78717806 -57650419
0 67088607
0 62025316
-98987341 894689
72658227 18969105
48511300 -83783273
90886075 8412228
42070682 -87281888
70632911 21820166
4783561 -99048506
-91898734 4370656
95443037 3131883
57567305 -78979742
16846329 -96226176
0 72151898
4502177 -99104478
82426850 -50711286
25512230 -94925303
-46835443 33962126
-36202531 43175886
0 56329113
71645569 26165922
-28101265 70387997
86709221 -41742857
88197136 -38325491
39240506 37869268
13809847 -96976262
26143938 -93117014
92955982 -25959497
64191573 -74972130
0 63607594
84085942 -47373668
89927104 -34111279
97974683 1222856
55513231 -80174618
75189873 15869615
-38227848 48522627
3644628 -99275060
68607594 29942436
0 81962025
0 94936708
55443037 34652507
80253164 17473437
0 55063291
-47848101 43611202
15123384 -96511039
-64556962 21010479
-51898734 36922732
0 61392405
0 73734177
0 52531645
-95443037 3754938
73639988 -66193672
0 95569620
-13636363 -72727272
80509415 -54382021
62003921 -76357347
97915651 -9293492
-67594936 20291968
25123833 -93987626
-29113924 52830676
-43797468 55959975
96314229 -15295414
32240602 -90879138
92819966 -26350667
0 85126582
51898734 42976652
88035022 -38706586
77489039 -59810183
6632365 -98620595
97297898 -11700323
97507203 -10898918
4252058 -99154231
-38734177 55432029
0 82911392
-23037974 42156467
59769946 -77630702
47497352 -84233925
10869807 -97670580
-68181818 -4545454
96538723 -14498131
0 85443037
91392405 6374894
97468354 1844689
0 89240506
0 88607594
57974683 34004029
61518987 25340583
74949926 -64082153
-9090909 -27272727
59131949 -78051239
34551936 -90082396
0 71835443
17142522 -95931121
45619045 -85134070
0 99683544
24929655 -93518805
39746835 59212372
79720813 -55838842
0 68354430
17945619 -95705468
46090349 -84956122
36875197 -89024560
34683544 58108788
64050632 25784284
45650695 -85210500
-95454545 -95454545
49709753 -83167820
91123553 -31021749
99413441 -2839017
10850611 -97624220
54198230 -80846073
0 81329113
0 69936708
67761400 -72681365
-85822784 13260193
-40909090 -36363636
0 77531645
-48354430 27943090
-73670886 23939609
-76708860 16342953
89619851 -34880470
73419069 -66543971
23822974 -93877340
83797468 9982570
0 53797468
7653680 -98477598
-61518987 23986412
-78734177 20754437
9913993 -97847493
91414499 -30246243
-83797468 11705826
-37721518 56189196
22501084 -94322384
0 92405063
98407121 -7281953
80116652 -55111264
79240506 14363218
-58987341 26960091
58762169 -78228021
0 71518987
78514913 -58011458
-35189873 63628923
0 82278481
49082456 -85162196
10933819 -97825135
45754719 -85461654
62531645 34665727
31139240 41083532
0 76582278
39643536 -88015634
92127513 -28302164
-86363636 -90909090
-22025316 62706636
0 50632911
96869147 -13300446
56375068 -79579671
-79746835 14232120
77901667 -59091993
95949367 2115286
92545457 -27132142
50856887 -82779372
49948738 -83086892
-90909090 -81818181
85332327 -44756303
71625193 -69329416
76864420 -60884185
28380058 -92325008
90079511 -33726199
43093878 -86390736
67295717 -72992519
72528012 -67940481
6932687 -98555125
41904245 -86880044
85316455 9223079
0 91772151
7623030 -98403583
0 95253164
98987341 821558
18827566 -95453725
32151898 50647325
58987341 39714750
0 87025316
-58481012 28626657
75696202 22460357
66582278 27795316
0 86075949
60363544 -77309398
0 51898734
48860759 41906468
98597759 -6475904
-63636363 -72727272
0 74050632
66385050 -73600998
13764465 -96866678
36897539 -89078510
38268343 -92387953
40158384 -87859990
-90909090 -36363636
-45454545 -36363636
51894778 -82427926
0 68037974
33337658 -90484192
53417721 35531288
64222221 -75046144
0 96835443
43259029 -86254675
43898266 -85979753
0 87341772
76021037 -62309993
67466467 -72878429
-60506329 27622228
0 50316455
88518948 -37562277
94896755 -20058563
-54936708 31675559
36973685 -89262358
-13636363 -86363636
50379746 27355596
98877330 -5265339
56962025 27074901
76444234 -61597979
90681002 -32182687
49535947 -83226678
4028268 -99198747
77721518 20301711
72751881 -67592060
51198590 -82427829
0 60443037
-86956521 -4347826
87378532 -40227521
85854625 -43628990
8504086 -98308441
97610586 -10497886
55711982 -79955128
80759493 10502067
-87341772 12437480
78227848 16975275
52405063 44834321
51342731 -82285605
59782354 -77660669
77695732 -59451306
21483509 -94722897
12129383 -97282870
86877748 -41364554
26075949 53240923
0 62974683
19620707 -95194619
16408163 -96134504
24921216 -93498425
3826857 -99238811
0 90822784
-78227848 18669689
0 83227848
-88860759 10374747
18817572 -95429592
22531645 55358511
48552831 -83883551
41463736 -87058791
0 59493670
0 98417721
27125367 -92759117
24957389 -93585774
0 94620253
31007571 -91525547
-85316455 12661937
0 80379746
-33164556 51148967
100000000 0
42725538 -86481861
32950129 -90659730
30402540 -91580006
-68181818 -59090909
82278481 10028850
-42278481 50551402
58185263 -78566850
-86835443 7230967
31272030 -91286801
-27272727 -13636363
-97974683 1657126
-31818181 -18181818
89367088 5832662
23037974 51511882
-77215189 16220304
0 85759493
93623659 -23999385
95738284 -17284414
9126175 -98032484
24050632 70678897
-91392405 6443192
-52911392 33058143
-23544303 40309199
-95454545 -45454545
0 56012658
82614321 -50342004
22082429 -94488137
50785354 -82606655
-77721518 20224445
0 63291139
-21012658 62743864
45008127 -85582286
0 75949367
79919116 -55475262
-49873417 39958148
95382649 -18474856
96649707 -14099135
84810126 12161333
76233011 -61954209
93417721 4286717
81772151 16758834
-44810126 41583797
85681319 -44005128
96759848 -13699907
84802899 -45880284
-22531645 70338361
56130038 -79954331
33918365 -90219468
-36363636 -13636363
69113924 26752757
0 90189873
21590202 -94980493
12629494 -97156914
99149227 -4053027
-72151898 24345964
-9090909 -31818181
85156642 -45131335
10149424 -97836181
0 52848101
0 78164556
95141374 -19267222
98784991 -5669057
69620253 27391037
-51392405 41890777
0 75632911
-24556962 68161684
-22727272 -27272727
-63037974 22283350
0 72468354
98968815 -4861426
11982554 -97349458
39810922 -87778691
5466922 -98912576
42784810 45353601
-77272727 -90909090
93091172 -25568040
21879949 -94489489
52911392 36396145
43797468 29285570
11700198 -97477521
14411986 -96698333
-95454545 -36363636
86369772 -42498392
48354430 28845171
34817812 -89939959
86329113 10718877
44303797 46537505
0 65822784
0 91455696
29620253 41495695
60506329 37095501
0 56645569
0 51265822
63846666 -75192085
0 64873417
19800556 -95171154
-75189873 13115730
99753755 -1217780
-24050632 54393296
-55949367 34333317
0 70253164
-68101265 28005865
0 83860759
-20506329 77231037
77073382 -60526624
63037974 32307981
33045313 -90889541
32658227 39867531
41304103 -87216898
5887452 -98828926
94014320 -22819973
94936708 4147172
31802718 -91064233
-77272727 -9090909
-61012658 23873244
60653744 -77200300
0 92721518
0 54746835
0 66455696
9518555 -97979794
76202531 22602136
1 717
17 631 930 734 13 388 687 472 508 95 832 732 524 720 484 40 215 570
9 396 657 478 605 982 436 980 661 607
6 840 221 482 430 303 807
15 803 445 266 861 393 224 770 893 768 987 967 449 395 198 169
4 403 863 54 526
8 456 755 559 663 213 333 920 743
13 494 755 576 703 203 171 968 277 22 80 2 534 391
28 685 34 731 494 157 775 723 191 554 100 297 98 42 317 22 779 375 674 478 132 252 612 839 662 476 196 268 74
16 383 682 486 140 224 260 866 847 670 584 484 426 276 472 746 236
15 545 844 648 927 302 422 9 646 438 634 573 398 760 954 499
15 753 52 856 135 510 809 630 990 217 854 574 646 842 781 606
14 545 844 571 494 648 302 386 422 9 646 366 438 244 634
13 70 369 96 19 173 827 911 947 307 534 171 963 769
6 708 350 298 171 766 563
13 881 142 90 963 558 467 590 895 355 664 921 5 953
10 536 178 999 594 126 391 41 700 957 302
35 114 463 586 171 923 562 204 152 620 529 25 652 957 417 746 527 726 471 67 208 490 928 768 804 103 907 561 860 645 681 41 287 268 91 5
6 745 126 387 335 803 712
18 867 688 815 192 646 283 409 536 315 871 817 431 80 190 986 730 620 591
34 464 936 510 701 521 554 375 2 767 502 307 417 879 333 678 76 970 801 365 504 96 154 453 257 911 210 31 391 637 618 441 355 255 197
18 631 12 273 221 94 721 598 689 815 52 26 596 84 942 559 795 486 540
5 234 55 682 447 756
9 206 848 796 669 296 264 173 61 601
10 163 544 805 626 753 253 558 130 221 584
18 45 517 102 394 91 493 135 956 583 551 735 34 838 117 492 612 218 199
6 428 376 249 753 970 207
17 908 169 990 617 117 585 382 691 32 494 293 436 711 838 547 948 173
35 417 877 68 114 305 516 897 158 979 106 606 371 483 574 911 937 481 969 162 680 687 444 337 758 57 861 140 965 515 599 635 222 859 801 651
7 187 486 290 569 394 944 243
5 129 77 545 950 908
12 49 348 75 998 152 256 806 926 286 513 336 150
6 830 129 779 933 587 671
14 729 28 832 936 486 570 606 193 16 830 622 428 818 757
17 70 369 173 452 277 827 126 911 947 534 357 271 171 963 159 433 98
13 70 369 173 452 277 827 947 553 534 357 171 891 963
8 89 350 171 798 298 103 213 675
12 308 950 771 898 275 729 273 472 761 236 217 954
6 607 988 249 197 574 791
6 697 996 646 800 454 538
8 868 129 950 77 454 577 545 882
14 652 294 242 619 836 963 115 710 742 507 157 561 580 669
11 158 979 606 911 371 680 574 106 937 425 444
9 219 861 682 809 309 277 186 614 74
19 405 704 354 508 787 612 162 282 869 606 506 298 413 104 494 768 258 814 989
6 412 63 535 120 109 872
17 859 319 510 556 982 696 567 747 213 262 754 602 595 983 295 676 810
18 694 336 284 752 115 659 157 340 784 147 286 89 865 627 858 661 549 460
11 938 237 41 320 145 695 815 402 225 139 39
7 830 129 933 212 37 587 671
23 388 39 85 276 848 129 950 77 454 545 577 729 28 832 111 486 606 193 830 622 818 92 757
8 497 796 600 879 704 254 374 980
16 137 436 163 86 240 519 894 14 601 238 30 145 226 165 990 392
14 545 844 648 927 302 422 782 9 646 588 438 553 634 573
18 470 418 795 249 12 139 992 474 886 737 34 756 649 683 420 589 717 333
35 323 783 974 446 160 422 803 64 12 885 512 480 389 843 817 387 875 664 963 690 613 767 421 505 541 901 147 128 765 707 557 753 692 517 879
13 576 218 39 166 543 760 997 740 634 541 29 666 485
19 184 565 826 774 242 647 39 348 689 637 950 605 204 73 274 149 112 776 117
18 741 787 90 550 213 798 978 493 826 927 214 444 907 41 425 985 234 526
30 454 914 105 151 577 553 195 143 16 611 408 520 737 864 570 643 974 795 94 744 898 552 851 636 672 278 259 896 616 688
7 828 300 885 874 177 65 531
18 60 359 163 817 901 937 543 524 161 953 149 913 275 469 999 237 732 78
9 481 780 584 863 238 537 322 358 964
6 137 436 240 894 14 374
17 537 358 985 290 953 750 66 661 59 915 485 784 348 400 316 716 823
13 139 781 602 229 994 644 905 28 159 197 560 417 581
33 138 487 610 195 947 586 228 49 676 644 7 551 39 441 176 750 514 952 407 553 770 828 127 931 585 669 705 65 311 292 929 649 721
10 107 406 133 210 864 163 984 344 571 394
5 113 494 755 703 171
5 773 34 855 982 359
29 342 814 388 691 579 790 171 432 253 848 211 755 880 185 954 243 718 611 156 699 382 32 331 135 789 873 909 515 496
13 204 503 307 961 260 81 441 668 405 305 97 293 232
31 380 852 729 426 437 470 418 795 291 249 793 281 756 886 992 420 12 139 649 737 717 106 70 369 19 173 452 277 827 126 911
28 666 138 712 903 15 114 495 756 704 577 356 655 459 113 233 820 457 177 249 364 445 384 209 765 295 533 374 868
33 497 148 620 957 334 596 238 186 59 654 686 17 561 991 767 242 760 188 838 137 864 787 941 595 715 302 125 39 939 731 846 927 201
18 219 600 861 809 277 186 74 640 724 682 985 403 309 239 530 678 614 463
19 618 439 34 831 397 140 481 429 904 342 566 941 638 622 885 619 66 326 742
34 303 763 954 426 0 44 865 992 369 492 823 257 566 907 586 460 797 644 943 747 401 700 485 521 881 108 745 537 733 672 497 53 583 331
12 324 623 273 427 706 81 165 201 561 807 788 525
28 14 474 665 137 722 113 755 703 576 171 80 968 618 22 203 41 2 391 297 396 355 654 458 112 232 819 456 176
8 757 705 578 82 173 536 299 426
7 766 408 356 733 950 824 77
9 199 580 841 789 257 662 166 289 54
42 899 248 371 956 945 347 728 989 937 810 314 405 437 531 202 658 852 256 275 511 312 168 9 589 888 692 346 466 53 876 790 690 482 678 442 804 998 173 528 276 766 249
12 942 241 45 699 819 425 406 43 835 31 970 795
16 545 844 648 302 601 422 28 9 746 646 438 634 908 573 398 760
22 204 855 327 664 901 684 945 766 361 893 270 487 393 698 808 268 474 545 844 571 494 648
26 547 7 198 670 255 288 109 704 736 67 611 41 236 817 412 237 292 728 535 888 187 991 645 729 765 125
17 198 497 224 301 955 75 662 485 299 91 287 51 453 607 137 885 375
32 71 117 420 543 128 519 900 161 109 982 486 609 703 577 940 484 374 972 914 111 885 181 452 761 60 864 968 518 817 602 638 998
15 229 50 177 677 982 758 178 554 442 92 353 8 476 552 607
12 531 792 613 208 571 314 115 5 59 655 78 39
34 705 356 402 165 593 446 394 267 894 771 862 225 659 968 199 257 732 46 345 149 428 253 803 102 923 510 333 147 867 89 939 135 899 301
16 810 452 400 777 273 900 231 205 981 401 665 974 892 830 263 775
28 765 416 888 225 462 245 506 454 922 327 285 954 829 831 510 259 28 719 773 106 405 132 55 209 488 313 863 162
18 385 766 27 975 848 475 780 890 443 294 313 274 751 806 47 556 28 370
34 140 600 791 263 848 620 881 829 297 206 94 423 403 692 167 702 329 634 481 780 584 238 358 718 945 582 374 570 844 334 890 435 420 168
19 731 992 940 813 440 317 205 514 259 803 942 771 278 716 12 700 283 993 855
18 242 541 191 345 449 999 83 119 479 706 343 135 250 941 331 95 651 826
16 753 52 702 856 135 510 630 217 854 574 646 842 781 606 162 707
7 511 153 101 478 569 974 695
10 345 726 987 935 312 766 310 991 551 529
20 698 158 349 821 406 535 593 395 586 101 52 434 441 515 649 822 33 17 842 212
18 605 904 708 987 362 482 88 69 892 706 498 694 458 14 544 782 265 623
21 791 837 140 28 263 239 620 881 829 206 423 550 297 256 885 481 780 584 863 238 322
7 593 892 619 542 696 975 800
38 99 571 448 908 156 547 189 10 637 942 605 718 52 402 456 968 137 512 313 475 138 789 88 892 546 845 630 666 253 890 610 682 878 642 198 728 966 461
36 564 24 215 261 452 44 305 253 126 721 518 827 84 630 628 572 116 905 204 854 8 662 782 369 6 948 798 994 268 933 758 314 844 82 565 923
8 193 574 835 783 160 656 251 48
9 821 120 847 770 924 203 28 578 877
30 388 848 39 85 511 487 868 129 77 545 950 577 342 908 452 992 253 454 507 940 946 376 79 853 729 28 755 678 832 111
10 845 106 54 431 885 522 429 628 319 110
12 392 691 495 599 149 269 629 875 856 593 493 435
14 830 129 856 779 933 587 886 671 707 67 313 294 931 651
16 588 969 230 178 51 678 555 983 646 759 772 553 443 9 899 752
10 821 82 903 30 407 861 624 604 751 349
18 507 149 970 565 597 97 902 928 472 362 474 691 678 98 527 818 153 966
37 232 883 692 929 120 973 921 794 421 186 726 836 298 502 495 515 296 752 240 977 220 784 389 642 573 872 599 676 330 629 414 450 37 860 774 674 616
20 970 430 621 667 93 711 659 127 532 159 464 311 610 414 68 188 775 598 412 354
13 136 778 599 194 226 531 641 902 156 45 991 414 595
25 651 0 460 123 697 741 689 66 562 520 189 157 283 64 552 410 263 745 8 341 640 444 723 548 98
12 493 792 519 442 596 250 549 370 957 694 594 536
15 830 129 856 779 933 37 587 886 671 707 294 31 931 723 838
34 260 609 306 497 732 350 171 298 766 563 129 872 161 636 74 213 617 950 249 53 157 707 6 827 187 433 414 51 993 843 39 313 803 165
18 824 123 773 927 206 31 581 701 307 288 925 717 913 677 233 778 763 511
34 567 39 916 613 376 657 605 478 73 870 520 179 105 436 781 924 904 35 982 293 980 410 257 556 360 14 134 494 740 721 358 78 300 150
5 672 53 314 262 639
13 147 446 250 529 904 24 384 630 611 348 248 40 846
13 708 350 298 675 766 563 892 171 673 161 129 213 636
27 907 558 604 795 30 6 648 596 64 469 973 427 248 547 197 351 5 125 731 712 535 449 349 291 141 337 276
41 739 390 199 862 447 219 480 301 928 896 428 259 805 803 484 693 22 291 430 771 766 149 204 80 379 29 183 462 837 957 317 544 181 973 88 169 933 489 19 840 257
9 793 92 819 896 550 849 670 276 257
15 355 654 458 737 112 411 232 819 556 456 398 248 54 444 718
19 470 418 795 12 793 139 845 786 281 291 420 886 683 34 761 878 918 992 474
24 725 74 771 534 197 173 554 815 763 140 357 138 594 415 714 518 172 256 292 879 516 308 504 778
6 814 113 917 571 691 51
5 895 276 537 485 862
14 147 446 173 250 529 354 904 203 988 24 611 348 248 968
19 230 178 51 555 646 772 678 983 443 9 93 553 354 608 752 41 180 497 899
10 633 932 736 15 390 510 97 834 734 454
8 588 230 51 178 646 443 555 93
18 486 747 695 72 163 568 960 269 289 70 416 14 994 610 751 558 195 383
28 583 55 932 640 629 412 673 621 998 215 494 121 342 677 886 273 572 376 655 30 114 150 737 374 166 972 362 301
15 850 111 59 932 527 324 890 436 653 633 378 559 974 235 358
16 736 35 839 943 493 613 200 837 629 435 825 589 145 675 496 913
5 761 60 787 710 864
9 789 88 815 892 996 546 666 253 990
24 14 474 665 711 902 755 576 703 80 171 534 968 78 277 297 22 424 2 355 654 381 304 458 737
12 993 374 635 456 51 583 960 83 848 157 902 177
10 311 572 393 988 351 520 94 383 522 296
7 506 805 609 888 263 562 347
29 388 848 39 511 96 487 868 129 950 577 882 342 658 651 545 77 940 415 853 78 79 569 149 729 28 832 111 936 486
22 221 693 278 267 570 311 132 259 636 90 727 853 634 524 315 261 35 911 210 14 668 967
8 537 188 234 660 425 245 891 997
9 198 840 788 256 661 53 703 107 619
20 814 286 871 163 623 0 58 860 51 566 517 906 899 980 287 498 599 114 307 482
6 349 648 298 452 106 405
17 868 129 77 454 545 342 671 992 253 452 798 396 940 133 415 308 651
18 981 623 571 444 948 402 39 836 486 946 627 187 890 165 71 747 914 376
30 457 806 266 929 503 905 547 495 872 368 995 760 326 69 89 358 814 300 794 147 446 250 904 24 630 611 248 40 236 510
7 235 534 338 992 112 718 699
19 355 654 381 458 112 411 232 819 642 456 248 363 444 208 570 610 764 309 294
11 657 605 73 870 478 105 520 982 436 410 186
12 343 164 759 291 122 865 610 791 96 668 666 347
6 543 185 133 6 633 938
12 590 889 616 693 347 467 827 54 691 411 483 598
10 950 249 976 899 53 707 827 187 433 414
7 355 654 458 112 232 838 819
15 113 755 576 703 171 203 968 534 618 78 759 879 277 22 566
9 22 321 971 125 779 899 486 309 223
25 665 711 137 722 902 755 576 703 171 534 80 203 277 297 78 355 654 381 304 458 112 196 232 819 642
7 701 173 747 938 50 510 887
9 35 334 138 792 876 912 499 322 136
19 140 186 489 377 612 197 843 326 949 384 892 232 225 306 613 440 808 824 3
18 977 276 926 80 359 734 33 818 854 214 460 441 178 78 20 870 66 340
31 380 729 852 189 426 470 291 418 918 886 223 683 249 992 795 999 737 333 793 70 369 173 277 827 947 307 553 534 357 271 171
8 134 515 776 597 192 555 224 298
6 781 42 863 490 990 255
8 417 798 59 7 384 601 838 581
16 594 542 415 919 42 136 347 807 10 123 543 457 116 263 34 373
23 467 939 816 524 513 557 505 973 882 378 770 420 5 310 86 99 506 157 456 183 106 260 539
11 702 1 651 805 909 459 579 939 185 166 989
14 355 654 458 112 232 819 456 248 363 54 444 208 764 309
3 412 872 63
25 760 220 411 457 883 859 501 449 826 322 43 949 254 280 23 30 364 768 917 824 101 400 204 483 308
29 502 153 199 390 962 243 64 691 191 659 843 142 946 225 600 720 80 307 944 886 736 851 932 206 696 98 252 782 603
6 161 510 207 398 970 633
18 440 739 466 389 543 822 197 317 904 727 641 541 483 333 529 293 695 849
5 753 52 779 856 960
5 789 88 892 546 845
18 487 129 950 77 454 577 342 651 992 253 376 308 765 149 130 929 813 472
14 110 409 213 867 951 987 574 397 311 211 3 809 199 473
19 209 470 418 795 886 291 683 992 12 793 139 845 249 918 333 737 223 756 786
17 811 453 401 869 274 666 232 776 316 264 403 739 457 577 901 975 632
20 415 875 66 112 303 538 252 123 310 818 151 539 769 232 158 851 750 366 929 559
16 523 822 549 626 905 730 280 364 400 987 724 624 416 612 886 551
12 70 369 19 173 827 947 534 171 113 963 769 159
10 70 369 173 452 827 126 911 947 534 357
35 14 474 665 711 902 494 755 703 576 171 534 277 80 78 968 203 566 41 355 654 458 562 112 411 232 819 456 248 444 208 764 939 309 294 42
17 282 581 308 385 489 39 123 159 765 746 569 383 175 371 310 135 537
30 855 327 901 204 92 684 945 766 361 393 158 698 808 212 474 192 724 69 231 268 545 844 494 648 927 302 601 386 422 782
8 261 560 287 210 364 643 18 102
15 729 28 755 832 111 936 486 606 966 193 16 830 622 737 428
5 950 249 976 899 53
19 448 99 145 908 571 928 189 137 514 968 731 789 88 892 546 666 26 253 76
14 333 632 359 436 715 90 389 210 797 534 434 154 376 226
19 708 89 350 171 298 766 675 892 673 798 563 213 19 354 129 161 914 641 474
6 829 128 932 586 670 706
7 895 537 485 953 316 358 860
25 205 665 856 902 93 304 685 946 894 271 767 725 269 362 394 950 896 468 488 237 546 845 649 753 303
5 272 571 375 29 328
20 39 85 511 96 276 487 868 129 950 577 882 729 28 832 486 606 193 830 550 772
14 168 467 271 550 925 45 632 269 211 61 867 257 21 423
5 945 893 270 724 766
12 977 358 619 567 944 161 942 623 35 832 183 482
8 907 168 116 584 381 989 690 435
11 8 307 957 111 765 885 245 472 295 109 829
12 830 129 856 933 587 707 67 313 294 931 651 723
5 950 249 976 899 53
18 928 189 137 605 10 637 514 402 942 52 711 456 436 825 313 989 830 968
34 407 58 104 867 530 887 148 96 969 473 564 927 361 690 670 596 415 11 901 748 47 851 505 804 625 212 849 569 641 447 837 776 601 963
17 242 541 345 999 119 479 706 529 343 135 331 95 651 196 181 2 419
33 71 543 128 420 117 900 161 982 577 374 24 428 609 109 940 683 447 285 914 486 885 761 60 864 143 518 817 638 225 862 582 654 769
17 996 295 99 203 753 52 873 460 197 97 817 39 889 85 359 24 849
5 545 844 571 494 648
29 99 145 336 448 908 547 189 137 605 514 402 52 711 456 968 789 88 815 892 546 666 272 253 990 890 682 797 488 878
6 228 609 870 691 818 286
17 850 671 266 63 798 175 392 173 298 661 854 414 969 383 68 519 225
29 48 508 699 745 936 147 528 789 737 610 205 2 568 652 389 688 415 492 146 266 853 490 282 478 242 604 798 328 149
9 844 143 947 601 721 81 308 131 45
21 665 14 137 474 711 113 755 703 171 576 968 203 534 618 355 654 304 458 112 196 232
13 727 26 830 484 604 210 191 14 828 620 816 90 580
18 545 844 571 494 648 302 601 422 28 9 646 438 553 244 634 398 800 954
16 153 974 569 932 675 601 964 476 101 366 906 103 478 16 277 400
32 711 183 757 60 520 801 749 622 126 249 554 330 217 925 179 437 442 213 401 700 427 350 504 158 278 865 502 444 294 490 254 656
13 10 309 959 113 392 217 767 66 851 887 474 111 53
35 140 186 489 377 612 969 230 178 646 555 443 51 9 678 93 553 983 772 497 234 752 794 354 830 129 856 933 587 707 294 31 931 651 873 723
5 637 936 740 19 394
12 129 77 454 908 452 545 950 651 396 671 940 577
11 8 659 705 896 131 716 362 845 411 744 132
40 64 110 536 413 873 512 893 154 102 975 602 907 683 367 103 17 278 401 790 479 676 754 53 703 857 511 631 218 41 955 855 647 762 453 843 607 969 163 693 514
24 325 371 797 562 674 382 28 77 410 511 134 798 110 491 9 569 417 625 993 910 188 818 72 150
14 35 334 138 417 242 792 912 499 136 928 734 124 63 888
9 545 844 648 927 752 302 601 386 422
19 137 436 240 344 894 14 601 238 30 145 836 226 500 990 546 721 91 76 824
22 567 39 916 624 376 753 613 804 811 270 659 319 652 40 733 352 867 235 251 430 152 60
32 753 225 810 799 990 582 843 664 291 791 168 622 365 596 110 654 385 793 56 166 847 706 967 443 742 546 650 200 284 320 680 926
7 987 248 196 69 664 27 696
18 921 220 24 678 977 762 798 385 22 814 929 10 774 136 330 875 860 681
15 257 556 283 360 639 14 134 740 721 544 458 358 150 265 346
5 70 369 19 173 277
15 189 137 605 514 731 858 10 402 968 52 637 456 942 475 313
8 7 828 455 220 423 529 818 955
11 505 453 921 326 284 828 316 830 953 455 47
17 425 686 507 634 134 899 439 549 953 933 322 327 972 370 410 754 138
17 948 209 30 157 534 657 422 751 72 532 20 476 495 213 962 773 456
18 343 291 164 759 556 865 154 206 293 67 610 791 96 795 590 872 122 629
30 780 826 17 129 589 228 609 870 818 286 195 691 412 539 649 245 193 874 681 186 278 403 392 137 470 769 419 573 227 311
6 445 744 471 394 548 652
37 448 99 571 145 336 189 137 10 605 402 711 637 514 942 731 512 858 718 313 0 789 88 892 546 630 666 253 76 990 890 832 682 878 817 642 198 743
7 116 497 758 579 174 706 537
9 511 772 720 97 188 593 551 314 985
12 845 305 496 968 553 682 740 542 199 733 248 581
12 787 86 813 890 544 843 628 664 270 251 888 608
7 588 230 178 51 646 555 772
19 345 726 987 935 312 529 808 435 740 403 766 516 310 656 200 509 991 254 111
9 267 648 909 857 325 730 357 662 234
1 566
15 413 794 55 3 471 380 268 577 834 597 918 179 433 866 691
17 76 375 102 25 179 458 283 833 953 313 559 540 177 897 119 969 775
17 950 249 976 53 332 707 6 827 187 433 414 237 151 51 843 39 978
14 828 209 470 291 918 418 223 999 594 717 683 106 111 333
16 157 456 260 539 914 213 998 34 621 258 50 246 10 566 111 96
12 15 396 657 605 73 870 478 105 520 179 410 781
9 406 667 615 488 83 115 880 530 189
17 776 75 879 158 533 832 653 240 63 977 877 669 865 629 991 31 185
30 63 412 872 109 300 153 974 601 101 366 16 277 675 964 753 52 856 510 809 594 630 217 40 854 646 842 116 781 606 968
16 650 949 753 407 527 114 937 751 471 693 543 349 739 503 865 905
7 855 901 327 204 664 41 92
9 35 334 61 138 417 792 912 499 236
15 355 654 458 737 562 112 411 232 819 456 248 444 718 208 610
19 545 844 648 927 752 302 422 28 9 646 438 244 634 398 954 484 232 722 205
11 519 161 109 982 577 940 374 683 972 428 609
7 151 450 254 908 992 28 634
14 447 493 796 256 919 504 633 691 684 150 199 539 532 613
10 950 592 413 540 917 40 371 8 134 114
17 86 34 907 502 299 865 411 534 409 949 628 210 353 464 755 461 897
11 223 865 813 190 281 686 407 534 644 313 188
15 671 970 774 428 727 548 135 772 492 564 370 760 34 524 886
33 204 855 901 327 664 684 945 766 393 698 808 158 212 192 231 467 361 756 724 474 124 268 895 545 844 571 494 648 927 752 302 386 422
17 550 849 576 653 757 307 391 427 787 14 651 443 558 639 578 403 805
12 684 945 766 393 893 361 158 467 756 895 236 724
6 539 181 129 506 960 703
10 798 619 246 551 661 65 84 214 522 11
23 571 222 268 459 694 312 133 260 760 65 728 175 841 637 91 912 211 861 15 669 789 376 199
16 397 696 500 154 274 861 498 290 486 425 250 806 336 84 574 57
19 761 60 864 143 518 638 225 48 862 582 804 654 850 124 789 614 976 170 345
6 753 52 779 702 856 135
28 448 99 908 571 285 189 10 137 637 514 731 942 402 512 789 88 892 996 546 666 272 253 76 890 610 832 682 797
12 38 337 64 141 420 245 795 94 915 275 502 325
14 113 755 703 80 297 424 576 759 130 705 203 171 968 46
13 905 254 714 377 91 951 142 962 149 657 608 997 990
17 349 648 452 106 226 832 813 550 450 242 357 48 438 202 758 288 36
12 657 478 105 605 870 410 186 73 436 520 980 982
13 200 461 409 877 674 983 282 240 786 272 728 909 747
9 763 711 88 305 179 432 767 86 542
13 508 150 98 475 971 929 566 692 473 154 672 100 714
7 913 861 238 455 734 236 724
18 784 45 866 993 493 798 461 370 587 908 714 574 258 420 49 368 609 361
18 313 574 395 522 990 353 787 22 437 96 899 698 327 116 385 897 103 578
20 365 825 16 62 253 845 106 54 431 885 648 628 927 706 5 809 463 762 547 583
8 121 420 224 328 878 177 998 604
15 895 537 485 358 953 750 59 348 823 716 261 804 316 487 400
30 203 663 854 900 91 944 892 360 765 157 392 807 269 544 843 570 647 301 421 781 27 8 645 437 633 572 397 953 128 483
12 789 88 892 546 845 666 253 890 682 878 817 642
34 204 664 855 327 912 303 945 893 270 766 487 393 361 698 474 614 808 724 894 323 385 581 981 545 844 494 648 302 422 9 832 746 646 588
11 919 218 22 301 676 760 796 156 383 206 20
12 140 186 377 489 612 949 326 197 843 384 892 232
10 35 334 138 417 242 792 876 912 518 499
10 113 755 576 703 203 80 534 78 566 705
17 844 105 53 926 553 318 521 627 858 430 372 968 916 229 647 774 634
10 367 9 830 425 222 957 457 788 531 332
9 620 568 441 945 36 833 68 373 399
19 156 455 259 913 33 620 357 257 199 49 245 9 565 740 110 95 916 843 333
14 161 982 577 940 484 165 109 609 486 914 683 111 374 703
12 70 369 173 452 277 827 126 911 947 307 534 357
15 494 755 703 171 576 80 968 297 424 203 508 277 534 618 284
5 841 140 944 223 598
36 39 511 96 388 85 487 129 77 950 454 545 908 651 940 415 308 149 396 729 28 755 832 486 570 606 212 193 16 930 830 772 622 818 92 582 944
14 592 973 234 55 182 650 447 97 358 13 501 481 559 612
10 489 788 592 871 246 366 953 590 382 497
5 350 171 298 766 675
15 718 99 360 308 776 181 685 902 573 139 882 171 683 29 735
33 624 275 321 747 332 104 365 313 186 813 118 781 894 578 144 489 887 965 264 914 68 722 842 448 429 252 166 66 786 8 858 54 993
11 619 91 968 665 856 676 322 371 428 805 704
10 479 130 176 367 602 939 316 187 833 374
8 787 86 736 890 544 664 251 74
17 355 654 458 112 411 196 232 819 456 248 444 383 208 570 764 939 309
10 63 412 535 872 249 109 300 120 766 815
7 663 962 612 766 45 870 420
19 868 129 950 77 545 577 908 882 452 658 253 376 765 507 454 940 79 415 929
10 425 686 634 507 102 134 899 465 439 11
12 224 866 687 814 282 79 645 191 729 408 535 241
7 775 74 878 157 532 616 652
7 137 436 86 240 344 894 978
22 39 388 85 276 848 129 77 950 545 908 342 992 454 253 729 28 832 486 606 193 16 830
16 591 972 233 181 558 649 446 54 12 775 755 556 500 519 902 681
14 844 105 926 553 521 53 318 430 884 647 627 858 372 352
5 987 286 90 194 744
19 129 77 950 454 671 452 133 79 577 882 342 658 78 693 569 165 253 651 59
9 128 427 231 885 184 5 592 229 949
17 489 140 949 186 612 377 326 197 843 892 225 613 925 306 440 824 633
19 35 334 61 984 138 242 792 876 912 499 136 856 928 124 398 63 888 250 444
19 753 52 856 135 960 510 594 630 990 236 217 954 854 646 842 606 968 162 337
11 511 892 153 101 569 974 601 366 675 420 400
33 99 571 145 156 448 547 189 10 605 402 711 0 475 52 313 436 368 825 637 567 830 789 88 815 738 892 996 546 666 253 890 682 797
17 45 344 71 994 148 802 886 922 282 509 246 146 938 53 134 408 73
11 828 209 470 418 291 918 886 249 992 795 12
10 932 231 35 314 139 689 988 809 396 133
19 494 755 576 171 968 618 703 534 80 277 203 297 879 22 508 78 566 424 133
8 326 625 429 83 203 563 790 527
27 665 711 137 902 14 755 576 703 203 171 534 277 968 22 618 80 78 2 355 654 458 112 411 232 592 838 819
19 190 489 216 139 293 947 31 67 654 291 11 83 279 218 43 445 599 129 877
5 15 657 605 73 870
22 698 744 170 755 935 146 527 788 736 204 113 330 609 111 792 388 687 491 145 229 265 871
8 277 737 928 974 400 165 985 114
10 942 402 593 65 779 650 837 639 830 345
11 357 656 383 306 460 739 564 114 234 821 558
18 355 654 381 304 458 562 112 411 232 838 819 642 556 456 248 444 718 383
23 380 426 729 189 852 470 291 418 918 795 70 369 96 173 827 126 947 307 553 534 171 963 78
14 31 330 134 788 872 908 514 495 132 924 730 120 394 884
21 855 204 664 901 92 327 912 558 607 41 940 99 947 21 155 328 539 348 718 640 523
18 35 334 138 242 792 91 912 272 518 499 136 928 124 888 250 290 444 989
14 753 52 779 702 856 510 630 236 217 40 954 854 646 761
13 950 249 53 157 707 827 414 237 51 843 649 39 313
14 70 369 96 173 827 947 534 171 891 963 159 98 923 325
34 204 664 855 327 41 945 766 893 270 724 467 361 393 268 158 487 949 698 545 844 571 648 927 302 601 386 422 28 9 832 746 646 438 553
14 371 752 13 834 429 226 535 961 280 792 299 876 336 461
9 743 385 333 206 833 710 927 801 138
15 969 350 611 559 936 432 27 153 934 615 390 561 280 335 986
5 11 310 114 768 67
38 39 85 388 276 511 487 868 129 77 950 545 454 908 452 651 940 396 577 342 671 79 133 376 729 28 832 936 486 785 606 193 830 772 622 818 92 582 944
14 301 600 404 508 58 357 178 784 765 402 194 0 390 664
10 70 369 173 452 827 947 307 553 534 271
30 14 665 137 711 474 113 494 755 576 203 171 968 277 618 566 703 879 22 2 80 934 41 355 654 458 112 411 232 819 642
19 88 387 191 845 965 571 552 189 981 177 941 497 42 27 848 775 265 760 748
36 71 543 128 420 880 161 109 577 940 683 374 428 982 484 165 447 486 340 961 408 725 845 797 761 60 864 518 638 225 862 654 850 124 614 976 170
7 95 737 685 62 279 153 950
11 771 70 797 874 978 528 648 8 254 235 972
7 494 755 576 171 703 203 534
7 921 220 870 24 128 678 762
36 39 85 511 96 276 487 129 77 454 671 798 950 133 577 452 545 882 940 908 504 445 693 79 248 729 28 832 111 486 785 606 193 930 830 622 737
17 836 308 893 185 645 284 665 926 747 374 679 342 526 825 629 283 582
11 666 308 256 724 633 521 129 171 850 977 87
5 395 694 421 498 602
17 448 99 145 336 908 928 189 10 637 402 711 789 88 738 892 171 996
7 591 852 673 268 300 800 177
19 832 131 781 935 589 709 296 33 933 725 921 860 685 241 771 592 9 504 850
11 481 780 584 238 358 945 582 374 570 334 736
7 303 684 945 766 393 158 361
12 523 822 626 730 280 400 760 6 987 810 624 344
16 830 129 856 933 587 671 707 294 931 723 919 683 45 85 239 784
8 412 872 63 109 300 535 249 120
18 41 683 631 8 462 225 6 494 687 247 205 504 352 58 99 974 131 436
14 197 496 300 579 404 954 74 661 484 398 298 90 896 286
9 70 369 96 19 173 452 277 827 911
16 729 28 832 936 486 606 193 930 830 772 622 818 92 582 984 138
18 511 153 101 478 974 569 932 366 601 675 695 16 277 822 531 970 528 964
5 681 980 707 784 888
16 547 189 10 605 402 52 313 968 456 567 475 6 825 711 512 637
11 347 646 296 450 729 554 104 224 830 811 634
14 355 654 381 304 458 737 562 112 232 819 456 176 248 363
12 89 350 171 298 766 675 563 129 798 673 213 892
12 97 478 739 687 560 155 187 492 602 518 64 281
8 179 478 205 128 282 936 56 416
13 137 436 240 894 14 601 338 238 30 145 226 990 352
19 303 684 945 893 766 361 724 158 808 268 69 467 393 949 212 756 323 581 698
13 169 468 272 926 225 46 652 633 370 270 990 62 868
13 950 249 53 707 827 433 414 51 771 843 649 39 978
5 70 369 173 452 827
18 729 28 755 832 486 785 606 966 193 830 622 818 582 944 138 683 668 416
8 15 657 605 478 105 982 410 73
15 419 800 61 882 477 274 9 583 924 872 328 308 185 697 386
25 994 645 454 117 831 93 735 556 183 683 488 948 60 277 151 58 598 739 685 26 335 634 438 92 391
7 356 828 413 705 402 593 108
14 597 896 700 354 474 834 61 884 798 698 490 686 450 852
10 684 945 766 893 361 724 270 393 487 467
19 919 218 868 22 301 676 796 156 402 383 20 740 962 812 927 618 8 282 947
6 70 369 173 452 827 911
5 487 129 950 77 545
18 204 503 230 153 307 586 411 961 81 441 668 305 97 293 57 613 788 158
17 511 892 153 101 478 932 974 569 366 695 822 528 675 469 420 400 272
18 567 515 388 892 983 109 890 346 780 236 430 942 883 686 691 89 571 15
24 85 131 322 557 434 142 894 837 271 170 558 329 788 251 870 385 769 578 177 948 670 621 753 910
33 694 154 345 391 582 793 174 435 383 851 256 760 214 883 977 35 334 61 138 792 912 499 322 136 928 43 124 63 888 250 290 444 989
6 191 237 663 540 248 0
24 859 319 510 556 747 958 600 548 421 48 925 200 499 149 303 407 957 41 77 683 664 301 21 243
8 96 395 45 199 478 303 853 152
16 39 388 848 85 276 868 129 950 77 577 342 729 28 832 111 486
5 603 75 649 660 840
19 533 832 482 636 290 410 997 734 634 354 576 426 622 896 561 386 942 472 293
12 396 657 478 105 73 870 436 179 468 520 410 943
13 758 57 861 515 635 222 859 651 847 121 786 611 13
7 303 945 893 766 270 487 724
10 846 145 949 228 603 723 83 310 947 667
24 489 949 140 186 612 588 969 230 178 646 443 752 9 555 497 41 93 51 830 129 856 933 37 587
10 79 721 669 542 169 137 934 243 988 7
16 682 943 891 359 764 156 391 806 67 321 465 210 696 190 268 722
5 670 969 696 619 773
10 789 88 892 171 546 666 26 272 253 76
12 355 654 458 737 112 232 819 642 556 456 176 248
12 350 171 766 798 298 675 892 563 872 673 213 19
15 892 191 995 649 769 356 993 935 785 981 745 107 147 301 846
34 412 872 63 109 300 511 153 974 601 366 906 101 478 695 16 277 932 400 822 753 52 856 510 809 594 630 217 40 854 646 761 842 116 781
7 641 22 283 104 699 62 496
27 414 65 874 111 302 513 894 155 103 976 603 908 18 422 402 571 934 279 533 334 368 755 54 858 512 632 238
14 221 602 863 811 684 279 311 76 188 726 616 405 392 642
7 816 115 842 919 23 573 872
17 868 129 77 950 577 882 658 454 908 545 452 253 507 992 376 671 342
19 316 697 958 906 374 737 480 283 779 406 225 500 711 627 281 821 487 205 962
30 780 431 477 240 668 879 521 469 342 969 937 734 274 50 846 645 899 768 121 420 224 878 177 998 358 604 585 408 222 942
16 982 363 624 572 949 445 403 947 40 837 72 628 188 574 487 748
12 83 382 32 186 840 139 924 960 320 547 370 284
8 113 494 755 576 203 508 703 80
19 669 968 695 618 772 876 426 546 906 133 956 870 770 562 758 32 697 522 924
3 204 664 855
17 101 400 204 308 858 978 565 388 202 144 994 800 190 954 510 40 861
13 257 556 283 206 360 14 134 494 721 358 78 150 956
12 708 89 350 298 171 675 798 766 103 129 872 563
27 157 506 203 394 629 247 68 695 0 195 572 776 196 663 371 26 494 847 146 950 604 903 724 311 134 48 948
13 983 625 446 41 73 404 147 892 573 950 911 378 436
10 636 935 739 393 513 873 100 923 737 457
14 230 51 646 443 9 93 752 678 983 178 497 354 41 555
11 508 769 590 717 217 185 548 522 92 773 632
12 697 518 113 145 645 22 450 476 560 226 910 20
16 61 360 87 164 443 268 818 938 298 544 525 348 162 882 954 69
14 708 89 350 298 171 675 129 798 766 892 563 872 103 213
10 593 892 696 350 434 470 830 76 57 794
18 665 137 14 722 474 851 711 909 902 368 417 757 750 138 831 349 450 965
31 802 262 453 925 510 282 543 364 491 959 868 322 85 991 296 866 547 212 354 918 107 65 143 442 92 246 525 350 900 20 626
28 280 326 752 629 89 728 109 370 191 818 318 123 786 899 233 494 748 319 6 970 269 996 73 177 727 847 207 453
9 640 939 743 397 696 517 123 104 927
12 355 654 458 562 112 411 232 819 642 556 456 398
12 830 129 856 933 37 587 707 294 31 931 723 529
13 950 249 976 53 707 6 791 827 187 414 237 151 51
18 230 51 646 443 9 752 497 678 41 516 983 954 477 93 250 409 938 231
17 473 115 63 531 328 978 440 657 637 894 239 493 382 936 932 926 438
18 457 838 99 920 515 878 621 422 910 47 312 547 49 390 103 385 424 962
36 181 641 832 304 878 661 922 743 338 370 135 785 444 46 870 189 208 646 522 821 548 625 279 363 399 986 623 565 415 530 611 885 375 931 461 282
5 846 145 872 949 228
7 547 928 189 10 605 402 711
10 745 44 771 848 502 586 622 982 228 209
5 755 576 703 171 80
32 619 79 270 742 456 99 360 181 308 808 776 139 683 364 113 310 84 882 960 259 63 717 801 837 197 424 61 853 49 813 369 914
12 445 96 142 333 568 153 799 848 282 905 181 569
30 8 468 659 131 705 107 488 749 570 197 165 528 697 72 962 502 278 560 35 873 271 612 74 699 349 648 452 106 226 832
29 735 195 386 432 623 215 476 424 892 689 339 255 743 799 297 287 480 40 767 801 723 998 18 924 76 375 179 833 132
8 281 923 871 744 371 676 136 786
14 576 875 679 333 632 417 453 40 677 619 469 275 665 939
8 70 369 173 827 911 947 534 271
17 755 576 703 203 171 508 534 618 22 277 284 78 968 759 319 704 566
9 630 281 327 90 753 338 467 525 984
37 345 391 582 817 402 435 383 851 760 977 758 246 104 648 721 439 614 810 35 334 138 242 792 912 499 136 928 734 124 888 250 444 619 989 974 795 212
5 457 756 406 560 664
5 547 928 189 137 605
10 392 773 34 855 982 450 247 556 813 359
29 327 799 676 136 373 775 417 238 865 630 17 316 43 966 120 774 894 254 500 481 304 218 118 910 106 380 870 426 971
19 385 857 431 442 622 214 475 296 891 688 997 75 374 101 178 282 832 952 312
8 272 571 375 29 113 149 509 755
29 447 493 684 796 919 276 537 358 985 485 290 862 750 953 316 59 348 79 66 860 400 804 206 137 436 86 240 519 344
9 443 742 546 200 320 680 926 907 644
11 113 494 755 576 203 703 80 508 534 284 618
17 651 950 754 33 408 707 528 115 752 544 659 740 504 60 590 338 828
26 71 117 308 543 420 161 982 609 914 374 690 761 60 710 864 518 602 638 225 962 862 804 654 850 614 16
32 450 910 101 573 287 930 191 139 12 607 970 404 713 514 791 90 817 894 548 668 28 255 78 992 892 834 684 880 819 644 46 200
17 117 759 580 707 207 84 512 622 26 6 175 45 301 883 538 281 570
15 132 513 774 722 190 99 987 595 316 97 443 778 585 296 338
22 147 619 496 204 956 976 237 58 185 685 990 562 16 779 837 136 786 940 219 44 594 893
25 566 217 689 263 454 46 307 255 723 128 632 520 907 206 933 10 664 963 748 784 144 371 8 950 800
23 213 562 259 685 270 450 916 965 298 22 686 399 457 998 305 379 513 897 706 881 798 76 38
19 324 623 350 273 427 81 201 561 788 425 217 413 687 352 177 733 278 263 84
18 15 657 605 73 478 105 982 436 980 661 221 870 520 468 199 179 776 781
12 613 912 562 716 820 370 490 850 96 77 714 656
9 830 129 856 779 933 212 37 587 671
9 487 129 950 545 342 577 908 651 882
14 468 729 550 177 482 942 145 251 677 996 258 54 976 908
14 262 561 288 211 365 19 318 103 139 726 549 363 155 961
5 350 171 298 798 563
24 659 705 896 8 131 716 411 744 468 132 845 903 362 825 343 959 751 444 152 327 522 244 406 484
5 35 334 984 138 417
17 99 145 336 571 156 547 189 137 514 10 731 968 789 88 738 892 171
10 38 337 141 420 795 94 915 275 521 502
13 355 654 458 562 112 232 592 838 819 456 398 248 363
34 260 609 732 69 446 708 89 350 298 171 675 798 103 766 879 129 563 673 299 790 386 950 249 53 707 827 187 433 414 51 843 958 39 313
7 514 775 723 100 191 596 988
16 208 156 533 624 29 421 750 656 987 730 877 212 158 932 475 660
20 596 56 247 293 484 719 304 999 950 433 332 491 413 339 720 931 32 547 740 110
10 281 923 871 339 744 702 445 136 786 246
8 224 523 327 431 981 65 101 707
19 137 436 240 519 894 193 978 14 374 601 238 30 145 836 226 990 352 546 721
12 753 52 779 702 856 510 594 630 217 854 646 761
5 350 298 675 129 766
13 558 857 661 940 315 614 399 435 41 22 845 759 659
21 140 186 612 197 489 949 326 384 377 843 892 225 613 306 925 440 232 808 824 725 633
36 694 345 154 391 582 793 435 256 383 851 760 214 758 977 104 810 246 999 385 35 334 984 138 417 792 912 499 322 136 856 78 928 124 888 444 989
7 407 788 49 870 497 262 912
33 334 683 806 380 571 782 424 245 840 203 637 872 372 177 747 953 428 548 749 24 323 127 781 901 488 125 917 32 113 877 279 433 978
41 321 781 972 18 444 62 883 10 510 815 478 275 387 841 591 925 584 873 186 604 309 329 662 961 765 44 869 419 539 126 949 763 483 705 555 751 25 515 71 246 616
29 593 53 244 716 430 692 334 282 155 659 782 750 87 547 856 113 876 3 338 934 233 883 37 691 811 171 417 398 135
31 408 59 531 105 868 888 149 970 97 597 474 691 362 671 472 818 416 902 153 524 928 99 749 48 698 852 506 626 986 232 213
7 83 344 165 292 792 557 866
8 798 59 880 7 507 812 475 588
19 652 951 755 409 708 529 116 753 473 545 351 741 680 505 61 591 829 324 670
22 140 600 791 837 263 881 829 702 329 206 423 94 403 481 780 430 584 863 688 238 322 358
9 666 965 769 423 722 543 149 130 867
28 665 711 902 14 474 494 755 576 703 171 968 534 618 80 297 277 78 22 355 654 304 458 562 112 411 232 838 819
11 626 7 268 89 716 481 21 797 790 535 554
13 563 824 772 645 149 272 366 577 240 687 948 91 71
11 390 771 32 980 448 245 357 574 554 355 895
34 49 700 172 746 509 148 790 738 115 611 238 3 206 543 319 739 569 312 168 914 426 230 390 689 416 493 597 147 267 627 873 854 591 491
7 345 987 808 935 435 200 312
19 259 558 362 641 466 16 136 496 742 723 360 152 267 958 348 112 474 668 843
30 412 872 63 535 120 153 101 974 601 569 366 906 932 682 753 52 702 856 510 594 630 217 40 954 854 574 796 646 452 842
8 553 852 656 310 430 17 840 654
9 588 969 230 178 646 555 772 443 752
8 17 316 120 224 774 894 481 304
12 355 654 381 458 112 196 232 838 819 456 248 363
16 350 171 298 675 766 892 19 798 103 563 673 213 129 161 474 617
15 269 530 351 946 309 978 52 743 341 393 853 654 534 908 777
11 862 123 944 539 902 336 571 446 645 127 934
7 500 799 603 882 707 257 556
13 487 129 950 577 342 992 882 77 658 253 454 908 78
3 522 871 331
17 859 501 322 949 714 917 449 364 625 254 280 30 824 505 879 748 680
24 742 214 799 788 91 979 445 551 928 494 827 215 986 908 527 834 426 42 235 605 410 327 567 278
14 793 174 435 256 383 851 760 648 977 883 957 188 246 721
2 183 532
32 31 503 88 380 77 121 69 446 537 942 569 663 900 790 125 685 874 444 721 20 824 103 928 478 598 185 922 822 764 614 810 749
22 116 588 465 173 925 206 154 27 531 622 654 959 735 748 806 105 755 909 188 563 862 683
15 337 636 363 440 94 214 820 801 624 438 230 345 36 426 700
39 729 380 852 426 189 828 470 418 291 886 249 992 793 737 683 333 281 594 918 420 70 369 96 173 452 827 911 947 307 534 271 171 891 963 769 159 433 98 923
9 270 912 860 733 328 125 237 454 434
11 797 96 823 746 900 554 674 261 898 690 496
9 708 89 350 298 675 171 892 766 798
15 395 694 498 152 236 272 859 682 496 288 94 484 423 248 610
15 945 766 393 361 724 467 756 698 231 895 669 397 965 474 893
26 721 193 778 70 767 550 811 759 227 24 333 632 674 935 58 259 590 78 990 411 710 514 618 168 252 288
11 131 430 234 888 972 8 368 595 418 232 174
15 588 969 230 51 178 555 646 9 443 678 752 93 41 983 497
17 511 459 332 927 836 290 834 724 374 635 889 515 758 75 690 531 959
25 291 337 763 348 640 120 381 202 829 329 134 594 981 280 84 363 738 858 445 268 82 24 874 989 680
18 87 348 296 764 127 870 615 561 634 671 169 72 595 673 984 352 298 211
29 437 786 909 246 623 885 266 527 348 943 975 740 127 426 153 230 509 884 4 610 591 414 228 170 20 216 490 155 980
12 747 389 337 714 210 931 805 58 602 393 339 252
8 219 518 168 322 426 976 96 456
9 276 537 485 953 358 750 862 316 400
17 408 707 434 357 511 790 165 249 285 645 891 872 509 451 301 416 497
5 209 470 418 886 795
16 454 753 480 403 557 836 661 211 510 331 937 918 555 275 497 347
5 950 249 976 899 53
10 789 88 892 171 546 666 253 890 682 488
12 708 89 350 298 675 766 129 171 892 19 798 354
15 545 844 648 927 302 601 386 422 28 9 832 746 646 366 438
6 89 350 298 171 766 129
13 359 658 385 462 116 415 200 236 823 460 180 252 58
12 708 89 350 298 675 766 129 892 19 563 872 617
16 961 260 64 343 168 718 17 802 838 425 62 854 50 324 989 814
12 545 844 648 302 422 28 9 646 438 634 908 398
5 545 844 494 648 752
12 448 99 571 145 908 285 156 802 343 336 851 191
8 793 435 256 883 648 851 214 298
19 38 859 454 817 361 42 602 329 849 324 3 560 251 305 988 986 363 901 162
12 754 575 202 170 702 79 967 296 77 423 507 533
6 800 621 216 248 579 748
12 611 910 714 368 488 75 898 712 504 700 464 826
5 945 893 270 766 487
18 672 620 997 88 214 451 493 120 995 425 885 201 676 622 796 50 621 396
4 716 188 762 953
14 95 394 44 198 852 972 332 578 559 196 916 988 794 184
8 828 470 418 291 886 249 793 474
16 546 845 572 495 649 303 423 10 647 367 439 554 635 574 399 801
17 945 766 361 158 893 724 393 268 949 756 808 467 69 895 323 236 698
19 784 45 993 461 866 493 798 574 370 824 908 169 312 587 423 292 994 331 567
18 613 912 639 716 370 454 490 77 900 814 714 656 506 702 976 466 868 22
30 63 535 412 109 872 153 974 601 906 682 366 675 102 593 753 52 779 702 856 510 630 990 236 217 40 954 854 574 646 452
26 784 133 593 830 256 613 874 695 290 653 322 396 197 878 87 627 824 141 598 822 737 474 773 500 423 577
6 375 17 838 965 433 796
10 126 425 229 883 3 590 327 227 19 825
33 609 69 260 732 317 708 350 171 798 298 563 872 675 103 213 950 249 899 53 332 707 6 791 827 187 414 151 51 843 39 803 205 359
6 637 936 740 394 693 478
12 129 950 577 342 651 992 545 908 253 396 882 77
14 882 181 985 639 759 365 346 983 775 971 735 291 836 821
17 396 657 605 73 478 105 436 410 520 982 781 924 35 870 904 293 298
37 395 855 46 518 232 494 136 84 552 915 461 459 947 658 403 349 140 700 427 383 86 588 678 334 736 35 685 839 943 493 577 613 200 837 629 744 435
18 251 550 354 458 8 128 715 452 352 144 950 340 104 466 506 660 835 190
6 657 478 105 73 870 520
18 319 961 782 909 409 714 174 483 286 740 503 377 824 630 284 490 965 525
42 94 554 745 217 802 193 574 835 783 656 251 283 48 698 959 357 213 82 588 646 14 652 476 102 435 734 538 192 312 672 918 899 722 536 328 443 524 288 844 374 612 95
5 853 674 801 301 66
16 107 749 697 570 197 74 962 271 165 291 560 612 502 528 16 278
6 406 227 822 854 159 269
21 934 585 57 631 394 675 623 0 454 496 998 275 574 224 378 482 32 116 152 512 758
25 310 659 356 119 547 139 400 221 816 179 922 667 647 686 0 299 103 382 207 757 877 237 483 464 201
34 637 986 683 874 109 85 466 727 548 143 506 249 538 675 994 677 974 327 626 353 276 430 534 84 383 168 204 810 791 428 148 370 220 26
17 372 753 14 835 962 462 430 339 227 793 536 556 767 337 825 300 964
35 578 624 50 815 635 26 668 616 489 84 993 116 210 337 881 447 190 43 935 232 531 787 268 567 371 25 324 145 732 555 469 369 161 276 967
31 305 654 114 777 362 753 134 395 216 843 148 811 258 608 917 519 206 343 642 720 345 662 995 294 21 98 377 752 872 459 282
11 250 901 947 373 138 958 604 653 87 986 374
18 754 53 780 857 511 631 218 855 575 797 647 453 843 782 607 163 338 708
11 511 892 153 101 569 932 675 366 16 420 964
10 787 86 890 994 544 664 24 251 888 608
18 969 230 178 555 646 443 51 752 497 41 93 516 772 477 409 899 30 180
8 294 593 320 397 676 501 51 350
25 388 848 39 511 96 868 129 950 577 77 545 908 882 342 658 651 396 940 376 454 729 28 832 486 785
5 119 380 328 796 705
38 764 236 810 821 113 593 854 675 302 270 67 607 802 717 633 383 978 376 121 177 232 140 179 454 753 557 211 510 331 918 555 347 543 307 709 863 393 214
5 121 420 147 224 328
9 547 928 189 137 514 10 637 942 968
33 476 825 522 285 713 566 514 891 387 14 982 345 319 429 779 88 108 889 690 235 944 166 465 192 115 269 923 43 403 630 367 267 987
14 246 507 328 955 923 720 260 29 455 774 793 754 231 832
13 810 71 19 396 613 740 892 75 519 21 795 446 523
19 985 246 194 571 788 25 662 67 694 569 57 532 196 250 999 775 537 195 698
4 661 10 707 470
19 330 972 793 388 751 295 420 725 494 835 976 96 920 297 783 185 501 350 789
6 566 947 208 156 29 656
24 433 893 84 130 321 556 141 270 787 836 328 169 250 557 869 176 768 384 752 669 947 577 620 909
18 793 174 435 256 851 214 383 957 883 188 246 702 648 721 758 682 385 964
23 684 156 730 33 741 921 493 870 387 436 928 769 850 776 157 984 469 368 352 269 547 177 431
6 593 892 619 542 696 800
30 448 908 99 145 571 928 189 137 514 731 605 789 88 892 996 546 666 253 890 610 682 797 488 878 152 817 642 198 728 476
10 58 357 161 815 935 522 345 159 951 757
25 609 260 69 306 732 708 350 298 171 798 675 950 249 53 332 707 6 791 827 187 433 414 237 51 993
31 298 647 770 107 355 746 127 388 209 336 836 601 713 251 655 988 287 14 937 91 370 195 745 865 452 189 89 31 881 996 77
14 303 602 329 406 685 510 60 180 767 590 504 404 196 2
8 708 89 350 171 798 563 872 213
14 163 424 245 872 372 749 966 93 747 799 740 543 957 637
5 226 47 642 5 674
6 77 458 719 540 667 44
10 45 344 71 148 252 802 101 886 922 528
10 895 276 537 485 358 862 79 985 750 860
19 428 727 531 810 635 185 305 665 892 529 249 321 517 791 456 281 837 367 115
9 657 605 73 436 179 468 870 980 661
7 274 222 95 722 599 487 137
17 193 835 656 251 283 588 364 783 784 959 82 698 614 48 102 121 213
30 327 787 978 450 24 426 68 16 484 393 281 847 590 335 315 610 889 516 931 354 391 668 967 771 425 724 545 132 769 489
9 688 987 714 791 70 895 445 744 565
8 137 436 163 240 894 14 374 620
19 796 256 447 919 504 493 684 150 199 633 691 532 920 232 539 613 747 115 131
19 911 210 937 14 118 668 788 375 198 112 12 732 954 804 0 274 939 764 126
10 545 844 571 648 927 752 302 601 422 28
21 447 796 919 504 493 537 358 485 985 953 862 316 59 750 79 348 137 436 86 240 344
12 226 47 174 642 439 5 748 493 512 549 551 950
7 488 787 591 870 245 544 329
8 487 129 950 577 342 882 658 253
8 854 802 675 270 633 179 302 177
15 468 767 571 225 345 932 569 361 167 557 321 877 407 645 128
16 900 161 109 982 577 374 486 609 914 703 940 683 690 484 428 830
8 30 411 672 493 120 88 425 535
3 908 257 380
9 291 590 240 394 48 168 755 578 492
20 665 711 14 902 137 722 417 750 474 368 851 909 138 450 757 831 965 333 349 528
17 512 893 154 102 975 479 933 676 477 158 602 421 570 104 401 333 718
5 393 654 475 70 102
8 629 928 732 11 836 386 506 112
14 137 436 163 86 240 519 894 14 620 601 238 30 226 500
24 729 189 380 852 566 828 470 291 918 223 886 70 369 173 827 126 947 307 553 534 171 963 78 769
5 87 729 550 145 942
1 819
14 770 31 979 356 852 810 354 553 842 298 317 479 447 35
15 164 425 246 841 373 873 204 748 638 288 549 750 967 692 236
12 483 864 125 946 73 541 450 338 904 448 573 936
36 693 344 153 816 390 434 255 850 382 647 297 701 720 558 956 613 234 34 333 60 983 137 416 241 791 90 875 911 498 235 135 927 123 887 249 289
8 836 478 426 299 926 803 691 257
22 415 875 66 112 538 514 895 156 104 572 369 756 55 859 963 513 812 597 633 220 43 857
6 261 560 364 18 138 744
32 447 796 919 504 256 895 276 537 358 485 953 750 862 79 59 137 436 163 86 240 519 894 193 14 374 601 238 180 30 145 836 226
24 898 247 370 955 944 346 988 936 809 436 313 767 404 510 255 311 741 235 588 887 691 795 345 644
20 632 678 981 869 104 80 461 722 543 670 170 935 585 322 621 271 425 79 199 805
23 866 517 563 326 989 607 555 23 820 386 470 874 854 786 932 731 129 428 207 506 310 589 414
15 250 549 353 7 127 714 351 71 293 143 339 278 103 659 834
24 63 535 109 412 120 872 249 766 307 300 815 155 148 536 229 747 848 363 731 648 926 556 599 810
36 694 154 345 391 582 435 383 760 214 758 977 256 957 439 883 851 648 385 188 159 246 999 104 35 334 61 138 792 91 912 499 136 928 124 63 888
18 64 363 167 821 941 301 547 528 351 165 957 72 763 153 917 473 648 18
37 63 412 872 535 109 892 153 974 101 569 478 601 366 906 682 675 695 420 932 964 277 102 103 877 753 52 856 135 510 630 990 217 954 854 646 842 781
15 440 739 466 389 543 822 197 281 317 904 727 541 483 333 139
20 260 306 609 732 497 89 350 298 766 129 171 798 675 103 563 950 249 53 332 707
15 740 561 188 688 156 493 65 269 282 519 603 689 864 953 987
8 806 187 448 269 864 227 661 896
9 523 822 549 472 626 905 280 364 400
16 895 537 358 485 862 316 860 79 541 953 348 750 823 101 206 828
23 331 680 377 803 568 779 421 369 837 634 943 242 232 284 21 320 47 970 124 403 778 862 898
19 468 767 571 675 225 524 309 345 705 932 569 289 511 361 476 557 321 877 422
8 511 153 101 569 932 478 974 675
17 332 713 974 795 390 422 922 753 299 727 496 785 503 516 643 260 698
7 451 832 93 914 41 541 306
15 672 971 775 54 879 429 549 136 773 565 680 761 525 81 256
30 412 872 63 535 109 511 153 101 974 601 478 932 906 366 675 964 569 695 822 439 420 528 103 682 753 52 779 856 510 809
35 568 28 219 265 456 667 48 309 257 725 522 634 88 632 831 313 130 120 576 172 909 208 935 858 12 666 786 146 373 10 952 802 998 937 762
18 243 624 885 706 333 301 638 748 98 152 407 833 9 696 664 414 835 263
11 53 1 378 595 832 722 575 376 874 428 617
7 851 112 60 437 528 654 891
10 176 557 818 766 143 234 360 487 597 639
18 990 641 113 450 827 687 878 698 885 393 726 344 733 807 941 114 325 309
5 273 534 482 950 859
19 854 675 302 607 717 978 232 383 671 456 101 121 803 294 270 140 633 376 490
9 63 362 12 166 820 119 904 940 300
27 796 256 447 493 684 276 537 358 985 290 750 59 485 862 79 953 804 316 348 66 137 436 163 240 894 14 620
27 27 487 678 150 735 507 768 589 716 216 521 297 981 184 717 547 93 91 290 146 310 208 368 667 471 575 125
35 363 835 409 420 600 811 453 401 778 869 995 274 666 122 975 720 232 828 739 53 352 79 156 810 930 517 340 254 154 874 946 61 752 142 416
14 278 920 741 368 673 133 868 783 187 336 206 245 449 442
16 447 746 473 550 829 654 204 324 684 930 911 734 548 490 340 455
5 950 249 53 332 707
5 487 868 129 77 454
12 147 446 250 354 904 203 988 24 611 348 248 190
13 830 129 779 933 37 587 671 707 294 117 931 873 723
7 708 350 171 798 563 103 879
14 178 477 204 281 935 19 55 642 465 279 71 186 267 541
21 729 380 852 189 437 209 470 418 291 886 795 918 683 12 249 70 369 96 173 827 911
35 817 277 468 514 705 558 379 6 506 311 421 87 771 682 974 936 194 358 805 737 883 578 158 457 107 261 915 214 999 35 622 445 259 51 857
11 925 224 951 874 28 307 682 802 389 212 26
28 140 612 489 949 197 230 178 555 51 678 983 9 646 752 41 830 129 856 933 587 671 707 294 117 931 723 529 919
5 104 403 207 861 945
37 388 848 39 511 96 868 129 950 77 454 671 908 577 452 798 940 651 79 420 853 342 581 396 729 28 755 832 111 486 785 570 606 212 193 930 830 550
11 406 667 615 992 446 83 209 336 880 671 42
29 430 779 476 239 667 878 259 520 341 468 936 299 845 62 843 331 524 968 273 383 189 806 733 120 419 69 223 502 327
31 719 370 842 416 427 818 199 460 281 908 673 876 60 359 163 267 817 116 901 937 524 347 261 161 953 149 423 88 913 275 469
15 311 953 901 278 495 276 369 732 957 764 475 622 517 220 903
8 919 218 945 868 22 676 796 156
24 796 256 447 919 493 633 684 504 691 199 150 532 920 613 539 131 747 940 232 115 32 310 194 983
31 345 817 694 154 402 793 435 256 851 648 298 559 957 682 383 883 614 35 334 984 138 242 792 912 499 236 136 856 928 124 63
34 609 260 306 497 732 350 171 798 563 103 766 213 872 161 636 129 298 300 673 950 249 53 157 707 827 187 414 51 843 39 313 978 803 165
17 591 972 233 54 681 649 12 755 500 181 558 519 412 33 917 941 450
35 41 692 501 738 929 782 603 230 730 107 324 995 304 561 645 535 49 68 29 906 311 382 681 408 485 764 139 259 846 669 583 483 203 425 275
31 228 688 879 925 351 969 917 294 511 790 417 722 498 182 918 93 347 569 868 595 672 326 625 446 33 856 670 390 612 462 577
12 645 466 593 970 424 968 93 858 187 456 649 595
27 376 725 422 613 185 824 466 414 882 791 679 329 287 988 245 277 8 135 66 365 169 273 823 907 943 530 353
7 771 70 874 528 648 8 254
6 276 537 485 953 358 985
6 138 399 347 724 178 722
12 478 777 581 685 235 355 942 765 579 371 567 506
11 70 369 96 173 827 947 534 171 891 963 78
28 609 69 260 306 497 708 350 298 171 675 766 563 872 892 950 249 53 707 827 414 51 843 39 803 359 889 127 622
8 221 602 863 684 811 279 642 188
14 869 250 511 459 332 927 836 724 374 290 53 635 778 797
16 39 338 142 246 796 916 276 503 140 932 47 738 128 67 892 254
14 545 844 648 927 302 422 28 9 746 646 366 438 553 634
24 729 189 380 852 566 828 470 291 918 886 223 683 418 999 70 369 173 827 126 947 553 534 357 271
29 98 749 558 221 935 197 578 839 787 164 618 381 361 255 106 52 702 439 738 542 196 316 903 640 540 482 332 528 467
11 282 581 231 385 39 159 765 746 483 383 103
12 969 230 178 646 9 555 752 497 41 516 553 234
14 805 104 831 754 908 187 12 562 682 269 92 906 626 848
20 140 612 489 186 949 588 969 230 178 646 51 678 555 983 830 129 856 779 933 212
9 493 792 596 700 250 549 334 370 730
32 447 796 493 684 919 276 537 485 358 953 750 985 316 862 400 661 860 804 79 823 59 348 261 487 137 436 240 894 14 620 601 338
15 290 762 639 336 527 347 993 99 42 375 763 476 456 590 974
9 539 838 565 642 296 595 416 3 826
27 665 711 137 14 902 494 755 576 171 534 203 78 566 759 703 705 355 654 304 458 112 232 819 456 176 398 248
7 939 320 581 529 906 123 250
6 125 767 715 588 215 980
38 736 208 782 973 793 184 826 647 274 39 689 348 950 774 204 637 242 112 462 426 725 452 529 808 633 183 303 663 890 527 247 469 319 515 279 681 835 10
10 132 431 235 514 339 889 188 9 369 615
14 137 436 240 519 344 894 14 601 424 338 238 30 226 500
13 70 369 173 827 911 947 553 534 171 963 159 98 923
6 545 844 571 494 648 752
10 789 88 892 171 996 546 666 272 253 990
17 755 576 171 703 80 534 277 203 968 22 618 78 759 879 566 705 297
7 799 98 902 556 855 676 36
13 137 436 86 240 894 14 601 238 30 226 990 546 91
12 753 52 779 856 135 510 630 236 217 854 574 646
6 950 249 53 157 707 6
11 487 868 129 950 577 545 882 908 452 651 133
40 363 823 14 60 486 104 52 520 925 317 967 371 390 626 883 283 915 552 351 429 857 704 3 730 653 807 911 461 581 168 805 525 597 712 793 557 959 113 658 643
5 305 604 408 62 146
6 868 129 77 454 908 671
12 181 480 284 938 237 22 58 645 282 74 189 270
35 380 729 852 189 426 470 418 795 12 793 139 281 420 249 992 194 922 490 178 291 538 70 369 173 452 277 827 947 534 171 963 159 98 923 285
5 534 833 637 916 741
6 547 928 189 137 605 10
11 589 850 798 266 175 629 671 372 661 800 136
14 245 544 194 348 2 122 709 532 446 346 138 334 273 98
25 204 664 855 901 92 684 945 893 766 270 724 487 545 844 494 648 752 302 601 386 422 9 746 646 588
12 814 113 917 21 571 691 51 297 278 915 635 707
10 950 249 976 53 157 707 827 187 433 414
18 355 654 304 458 112 232 819 642 556 456 176 248 444 208 764 939 294 115
23 916 567 376 39 624 15 657 478 605 73 257 556 360 14 98 134 740 721 358 150 346 110 472
23 883 343 534 580 771 363 624 572 40 837 487 445 891 72 949 377 166 293 224 523 327 606 981
14 142 441 245 899 198 983 19 606 243 35 150 231 995 357
33 204 664 855 327 912 684 945 893 361 158 808 270 467 487 614 949 320 268 509 236 756 766 545 844 648 302 601 386 422 782 9 746 646
11 823 465 413 881 790 244 678 328 732 987 286
13 801 100 827 750 904 8 558 678 265 902 694 809 500
12 350 298 766 563 213 617 636 74 171 129 474 802
18 737 783 209 86 546 923 974 794 440 489 822 210 981 903 421 829 37 405
5 892 534 355 982 287
11 828 89 37 910 537 842 952 302 611 618 505
31 923 383 574 46 631 664 485 612 112 417 989 193 264 563 367 646 21 105 141 728 365 157 272 963 353 292 117 673 203 951 441
10 173 472 276 930 50 637 460 274 216 66
11 950 249 899 53 707 6 827 433 414 237 51
18 588 969 230 178 555 51 646 443 678 93 497 9 553 752 772 234 983 41
19 663 305 253 721 84 630 847 827 628 518 116 309 591 126 572 753 168 255 974
25 308 354 545 657 780 137 398 219 846 814 151 927 346 347 723 838 177 998 297 101 755 875 462 285 199
17 197 578 839 660 787 164 381 255 52 361 287 162 702 106 843 592 963
23 954 426 303 0 11 402 44 992 369 460 257 644 943 593 747 26 401 521 881 127 108 745 687
18 86 728 549 144 176 676 481 507 53 591 852 106 975 257 250 545 677 330
5 213 474 295 922 890
28 288 748 939 411 125 768 29 850 445 977 808 242 354 477 629 928 578 732 386 470 506 866 93 916 830 730 522 328
9 675 496 123 91 888 623 454 0 998
5 612 560 433 28 391
10 49 348 75 998 152 806 105 890 926 532
14 796 256 447 493 919 504 633 691 150 684 199 539 532 920
16 506 805 532 609 713 263 347 383 989 970 793 607 399 205 595 869
7 70 369 173 827 947 307 553
13 895 537 358 485 862 316 59 804 985 750 953 860 400
16 997 648 457 120 705 834 694 885 400 892 351 740 733 121 433 814
13 622 921 571 725 4 379 499 105 86 723 443 665 515
15 708 350 298 675 766 129 171 872 798 161 103 617 213 636 892
5 219 480 301 428 896
10 837 658 253 50 785 359 616 104 648 162
13 45 344 71 148 427 252 802 922 282 509 246 146 88
18 489 949 140 186 377 612 326 197 892 225 613 384 843 232 306 925 440 808
8 35 334 984 138 242 792 912 272
7 537 485 953 750 400 862 804
8 544 365 492 992 757 960 869 323
6 753 213 404 450 876 590
30 832 878 69 304 181 280 922 743 870 338 370 135 701 247 245 733 464 926 785 872 444 646 486 213 522 821 625 279 399 5
5 947 246 50 704 788
16 868 129 950 77 545 577 882 908 454 658 452 133 693 78 253 507
32 749 400 872 446 637 848 490 438 311 906 269 12 301 776 757 90 389 193 472 297 847 967 327 573 554 191 911 133 983 179 453 118
8 246 888 709 304 836 336 101 751
8 871 170 974 628 748 335 972 914
16 830 129 779 933 587 886 707 294 931 723 919 683 45 85 239 414
18 511 892 153 101 974 601 906 682 478 102 277 366 932 569 476 695 593 157
29 500 849 972 557 546 590 538 915 369 112 190 489 293 947 246 67 427 673 654 291 11 83 279 218 43 405 599 774 144
24 661 10 470 133 718 751 572 167 964 614 18 273 37 998 562 530 74 351 650 454 558 108 228 588
16 487 748 569 196 961 611 501 872 164 696 277 995 270 384 15 73
31 547 7 198 670 255 646 27 288 109 236 736 41 704 888 187 991 270 95 645 944 729 765 125 352 989 781 977 251 916 741 103
7 94 393 43 197 476 851 150
10 729 28 832 111 936 486 606 193 830 550
16 588 969 230 178 555 646 772 553 41 9 180 521 752 682 954 231
29 88 739 548 785 976 187 568 829 650 277 245 42 351 429 728 532 636 186 306 666 893 716 530 322 437 518 282 838 383
10 171 470 274 553 928 227 48 635 458 372
9 755 703 80 576 534 277 78 759 22
36 431 891 82 554 139 530 172 120 588 993 385 35 951 296 497 495 983 176 458 351 714 896 439 192 772 71 875 979 529 828 649 236 973 873 665 780
5 385 684 334 488 592
23 448 908 99 571 285 928 189 10 137 637 789 88 815 738 892 546 666 253 990 890 682 878 152
17 752 51 701 855 959 509 629 216 853 795 645 841 115 780 605 161 706
15 511 892 153 101 974 478 601 569 366 695 16 277 400 531 932
16 948 329 590 538 6 915 369 112 411 38 343 132 453 913 259 965
17 962 261 65 344 719 839 199 426 163 63 855 51 325 990 815 371 546
36 412 872 63 535 120 153 101 569 932 974 476 675 157 366 103 420 16 439 444 605 601 964 753 52 702 856 510 809 594 630 990 236 217 854 574 646
19 666 965 615 769 48 423 722 507 543 130 953 867 767 487 559 365 755 694 519
13 545 844 648 302 422 782 28 9 646 438 553 244 634
17 470 418 886 795 249 683 12 992 333 737 594 291 281 420 761 435 756
8 27 326 130 234 784 83 904 510
7 137 436 163 86 240 519 344
28 448 99 571 908 156 928 189 137 605 514 968 402 711 52 456 0 475 10 512 913 368 789 88 892 546 845 666 26
18 212 593 854 675 802 302 67 376 270 607 383 978 101 665 717 179 804 145
7 694 993 797 76 901 451 750
18 868 129 950 577 342 992 253 396 651 882 940 545 507 79 415 908 765 770
7 649 910 731 358 858 123 326
7 53 99 525 402 110 290 805
8 597 896 700 354 653 438 474 834
14 137 436 240 894 978 14 620 601 238 958 30 226 165 990
14 855 204 901 327 664 92 912 607 940 558 328 640 41 99
9 473 772 576 855 230 350 710 937 760
5 113 494 755 576 203
15 873 172 822 976 255 630 750 337 974 916 766 962 236 901 726
5 545 844 648 302 386
6 729 28 755 832 111 486
7 729 28 755 678 832 486 785
11 729 28 678 832 111 486 785 606 212 193 930
30 14 474 665 137 851 113 494 755 703 171 576 80 534 203 968 297 508 424 284 355 654 458 737 562 112 411 232 838 819 556
20 876 348 225 933 922 113 685 579 628 62 961 349 661 120 42 176 560 369 968 739
5 923 871 248 702 465
19 629 10 271 92 687 219 484 719 50 596 793 813 594 134 275 395 24 221 82
19 986 247 68 663 26 460 769 695 0 110 58 776 533 971 570 267 514 248 699
10 774 35 983 451 814 557 248 302 282 360
10 128 76 949 453 576 907 544 670 797 881
19 390 771 32 980 357 574 853 701 355 843 448 982 756 323 811 36 407 997 318
17 549 930 191 12 639 404 944 54 720 713 2 315 139 569 141 438 607
5 766 147 408 356 733
20 806 457 929 503 694 514 266 160 209 643 701 542 549 623 930 141 757 320 125 242
9 154 975 102 479 696 933 477 158 570
17 145 406 227 822 619 928 269 854 673 653 585 206 530 185 354 159 784
6 859 158 885 962 616 915
8 729 28 832 111 486 570 606 966
10 276 537 485 862 953 358 316 750 860 79
19 610 558 26 935 823 132 877 431 389 857 246 421 152 789 279 630 896 614 473
32 353 4 476 813 190 94 915 42 510 873 307 616 419 417 542 636 98 905 957 763 658 469 410 213 694 993 797 451 535 571 158 981
17 508 807 611 265 385 972 709 609 401 207 597 871 536 361 763 917 92
9 753 52 702 856 510 594 630 236 217
12 113 494 755 703 171 80 968 576 618 879 22 203
8 837 136 940 594 893 714 74 320
12 895 276 537 358 953 985 485 290 862 400 316 750
9 675 974 624 778 432 516 552 139 876
13 355 654 458 737 112 196 232 819 556 456 248 363 54
17 260 609 69 732 446 306 317 504 963 497 352 12 345 426 560 733 928
15 16 658 479 74 437 606 180 106 981 469 411 983 662 200 327
4 765 225 416 462
18 711 972 920 388 185 835 297 514 751 96 239 295 494 976 219 783 793 420
17 728 27 677 831 485 784 605 211 192 829 621 736 427 817 581 943 137
15 753 52 779 702 856 135 960 510 809 594 630 217 854 646 761
7 89 350 171 766 298 798 675
5 590 232 53 180 680
5 528 827 477 631 910
13 99 448 908 145 336 571 285 156 851 184 343 572 802
12 944 243 970 893 47 701 0 821 181 427 408 231
13 113 755 703 80 576 534 78 566 203 41 508 297 479
9 981 362 623 444 39 71 376 571 486
25 278 324 627 750 335 726 107 368 189 316 693 910 147 968 267 71 175 725 845 451 432 169 69 789 11
24 858 509 318 981 695 957 599 420 547 15 812 924 378 199 498 302 581 406 956 255 40 76 682 663
11 338 798 989 35 461 46 226 741 74 462 692
27 725 74 197 534 771 173 815 636 231 594 337 28 763 138 82 62 451 615 140 819 765 994 415 714 364 518 797
17 832 131 781 935 589 709 296 119 33 933 725 921 685 241 771 9 504
6 761 60 787 864 968 518
5 729 28 832 486 785
6 129 77 454 545 950 671
8 910 858 731 235 358 452 689 326
13 300 248 625 716 79 121 513 163 842 748 424 567 53
7 76 337 285 158 753 785 90
13 819 200 461 409 877 674 282 786 983 3 130 465 411
29 675 721 147 912 24 123 765 586 213 713 90 307 365 664 468 572 122 242 829 466 186 408 258 64 454 728 218 620 774
10 809 108 758 912 566 650 686 46 292 273
8 355 654 458 112 232 592 819 556
18 355 654 381 458 112 232 592 819 456 248 363 444 208 610 764 294 532 27
9 519 900 161 109 486 982 703 940 830
16 762 61 865 144 969 519 639 245 226 863 655 770 851 125 790 615
18 303 684 945 766 361 393 893 724 467 158 756 231 270 212 124 808 487 192
20 537 886 346 583 9 774 594 289 622 240 10 322 723 703 837 221 30 781 400 629
16 662 923 871 339 136 445 744 702 190 246 734 786 371 209 873 170
35 290 639 336 99 762 738 119 380 201 828 133 328 909 705 243 329 980 279 83 187 737 857 444 81 873 69 833 195 389 934 919 157 652 640 998
29 713 759 950 62 522 542 803 751 219 16 325 70 89 982 582 527 603 823 126 807 804 753 128 50 403 702 429 506 785
16 953 413 604 76 790 433 694 515 642 110 19 294 593 397 51 350
25 579 230 39 702 287 678 320 268 736 99 643 842 131 920 219 23 677 797 157 384 207 21 813 9 948
13 496 795 599 878 253 337 373 733 979 960 783 597 317
11 830 129 933 212 587 671 707 67 313 294 31
6 494 755 576 703 203 508
18 223 44 639 171 436 2 546 227 86 671 490 470 859 548 402 34 509 23
10 555 816 637 264 232 595 139 764 569 338
15 512 333 960 725 375 636 460 265 34 890 323 462 41 759 803
14 595 894 698 352 651 436 472 59 696 638 488 603 294 684
11 70 369 96 19 173 452 827 947 307 553 534
15 355 654 304 458 737 562 112 411 196 232 819 456 176 248 54
23 609 260 69 732 306 89 350 171 798 103 563 872 766 617 950 249 53 332 707 827 433 414 151
15 977 798 425 730 925 190 840 506 302 244 756 101 300 393 981
5 743 4 952 329 420
15 454 753 480 403 557 211 510 331 918 555 497 347 543 307 669
10 545 844 571 648 752 302 601 422 28 9
8 755 703 576 80 171 534 297 424
34 318 790 667 375 364 766 408 229 856 824 161 937 621 930 675 187 655 219 587 694 356 44 132 8 307 111 765 885 472 109 901 97 861 263
24 141 792 601 838 29 264 978 849 36 495 544 884 877 265 958 577 476 92 460 285 377 655 328 539
14 793 435 383 760 977 758 104 256 851 214 648 957 439 298
19 135 956 551 914 348 458 139 583 85 426 946 699 657 402 888 998 83 859 460
12 548 847 497 651 305 425 12 749 649 441 556 247
24 609 260 69 732 306 708 89 350 298 675 171 798 892 563 129 213 103 19 872 950 249 53 332 157
17 958 257 984 61 340 165 715 835 422 245 159 59 851 47 321 811 173
16 545 844 571 494 648 302 422 28 9 832 646 438 553 634 573 398
19 303 684 945 766 361 393 893 158 808 467 724 756 231 69 212 698 323 474 581
11 687 986 636 790 69 444 564 151 974 788 730
15 830 129 933 212 587 886 707 67 294 117 31 931 723 919 193
6 828 470 418 291 795 249
