1000 10 1000
469416089 0 1542 6
72412911 0 5001 6
414542486 0 2241 6
50273230 0 3811 4
754101190 0 182 5
894251859 0 35 1
145389258 0 935 3
372506986 0 248 2
32139087 0 973 1
385593512 0 2413 4
70620890 0 2750 3
685092377 0 459 5
848097 0 1963 5
253692035 0 2686 4
4063672 0 997 1
619901379 0 119 5
555740118 0 558 2
537761770 0 413 6
13419307 0 4466 5
510501842 0 842 4
311609554 0 485 1
270428387 0 1263 2
756308795 0 653 4
28939365 0 538 5
519652666 0 439 6
311558279 0 1081 2
283594947 0 547 3
148555998 0 1704 2
52082097 0 2841 4
172809 0 2829 3
246355248 0 819 6
259767416 0 1971 4
275144355 0 2127 4
118258149 0 2135 4
160930299 0 496 4
208045660 0 4263 6
243847614 0 1497 2
393583926 0 1068 2
153053246 0 4127 5
29568619 0 807 2
22579746 0 5854 6
224706916 0 373 2
66624534 0 1255 2
33734022 0 4195 6
265712817 0 74 5
37866860 0 850 1
19821314 0 5612 6
64619908 0 1681 2
100713382 0 4148 5
134060357 0 1238 5
100759925 0 2861 5
214994958 0 2056 3
102301688 0 861 1
637649750 0 638 2
711770633 0 904 5
626446691 0 1409 4
649238605 0 528 2
135241304 0 2385 5
435342207 0 1478 3
134267091 0 503 4
535654702 0 909 2
637231473 0 365 3
79712058 0 3842 5
218308358 0 1515 2
777782781 0 209 1
250495375 0 797 4
410450001 0 561 4
85083425 0 2670 3
73531875 0 4238 5
11687098 0 2269 3
166245114 0 397 1
371050000 0 1816 4
127663885 0 2750 4
28449 0 5968 6
75607625 0 1126 4
207079332 0 2046 3
121110838 0 1711 3
86773630 0 1281 2
89804100 0 1483 5
217428419 0 3623 6
106021008 0 2291 4
149967533 0 1397 6
31233198 0 1567 4
5691001 0 3570 4
322633784 0 2577 4
696998953 0 194 2
33861457 0 447 1
27582537 0 181 2
244269382 0 1909 3
676535946 0 48 1
331361813 0 1961 4
4938031 0 2924 3
20488684 0 1677 2
46623543 0 5001 6
317432022 0 1501 4
207627273 0 788 1
263238075 0 632 1
37960085 0 1873 4
10877613 0 1882 2
22841379 0 1947 2
25667883 0 657 3
32977505 0 3849 4
5461105 0 4966 5
185028517 0 957 2
138083164 0 397 6
166110280 0 1688 3
6894896 0 5492 6
595865114 0 1622 4
348233244 0 2803 5
676018326 0 812 4
106466887 0 5161 6
254074081 0 886 4
1852266 0 1105 2
11185425 0 5787 6
243583201 0 2715 5
236294229 0 463 2
322139097 0 904 2
926826588 0 27 1
12369391 0 964 1
22464512 0 3013 4
14661334 0 4696 6
519990428 0 711 3
981007423 0 98 6
352385448 0 365 1
238913168 0 543 3
154075036 0 887 2
308598924 0 3509 6
6949135 0 2899 6
404904248 0 716 2
253180425 0 1495 6
633876786 0 275 3
319803400 0 585 2
281106890 0 2756 5
222440998 0 592 2
405515722 0 2062 4
163196956 0 304 2
412728151 0 157 1
625339616 0 709 2
65501536 0 698 1
301719069 0 1584 5
22792324 0 5882 6
226027075 0 892 3
381861749 0 1299 3
59911551 0 3873 6
6428923 0 1493 2
341984995 0 946 2
80003448 0 1155 6
7855955 0 520 6
100921762 0 1576 3
9722215 0 451 1
32097190 0 1139 2
21398978 0 5517 6
488058343 0 1929 5
268912021 0 4025 6
461710370 0 1336 3
429157225 0 1683 3
293711327 0 1325 5
189367580 0 338 1
98873923 0 1611 2
884824270 0 51 1
15314132 0 2606 6
129436861 0 3046 6
16418602 0 2537 3
234442513 0 3056 6
274210550 0 589 2
118807288 0 3533 4
525221505 0 416 1
168539443 0 2148 4
7904144 0 1802 2
15316485 0 810 1
380503214 0 607 2
619880820 0 835 4
348765626 0 562 1
141933831 0 1206 4
33240985 0 1437 2
108959695 0 1489 4
701126730 0 689 5
131997901 0 2985 4
503789130 0 1405 6
267740325 0 1495 4
654051770 0 736 5
50847421 0 5720 6
16245306 0 1228 3
518403408 0 1000 6
126892479 0 4230 5
392932346 0 395 5
94900660 0 2838 4
366701375 0 1124 6
33565715 0 855 1
363889119 0 510 1
628863941 0 663 4
21583633 0 3921 4
425631 0 770 1
202373324 0 1089 4
278895426 0 1224 3
538871685 0 217 1
355356754 0 463 3
109298712 0 2740 5
768892814 0 232 1
263716860 0 308 2
205189555 0 1956 6
138387055 0 280 3
410713057 0 288 1
121510567 0 2896 4
137952593 0 2405 5
36267177 0 2433 4
212117106 0 1252 2
31720632 0 2396 3
11238030 0 909 5
4282192 0 551 5
477800295 0 2090 6
314738635 0 719 5
306603111 0 1219 2
248051954 0 1364 2
195056069 0 297 1
128485563 0 4958 6
319004914 0 635 4
102097837 0 4195 5
379572085 0 817 3
139398997 0 2145 3
294261438 0 1135 3
72614782 0 2416 3
44878773 0 107 1
783540273 0 398 2
112981536 0 1366 2
53965968 0 3669 4
57840867 0 1760 2
83946555 0 896 5
656231609 0 1080 4
147497403 0 743 1
72112120 0 4902 6
41706027 0 596 6
420526513 0 247 4
653983904 0 1229 6
446953700 0 944 5
103961800 0 2857 6
162731986 0 1426 4
68103907 0 2602 3
21926188 0 4830 5
464605754 0 1306 3
83027920 0 1799 2
158581597 0 188 1
71259247 0 2284 3
220915354 0 944 3
73689524 0 425 2
47228638 0 2634 4
312270275 0 1032 4
457831388 0 1455 6
456314283 0 2646 6
606514854 0 993 3
687924009 0 264 4
14785898 0 2629 3
333231932 0 1997 3
21488318 0 597 1
7491554 0 882 1
128456423 0 283 5
308055099 0 4153 6
152251765 0 1259 2
49064500 0 31 5
534895005 0 2172 5
9178734 0 3694 5
5369721 0 4541 6
214907885 0 1303 5
192622192 0 1345 3
95469153 0 3514 6
371617501 0 1816 3
84668207 0 1530 2
757259672 0 831 4
28562104 0 1358 2
335346237 0 2377 4
357443747 0 646 1
12124978 0 3431 5
740509938 0 747 5
93084833 0 896 1
159568605 0 253 6
21729662 0 851 1
30075703 0 2378 3
45400999 0 2542 3
99967699 0 1882 4
72726384 0 833 2
215590577 0 79 1
20110726 0 656 1
236704421 0 1199 2
191947983 0 195 1
44511946 0 3860 5
217117128 0 29 1
39399830 0 5030 6
815464330 0 571 4
490440125 0 900 2
310172094 0 416 1
5643172 0 3537 6
533544902 0 238 1
229862369 0 1313 5
479580469 0 1263 3
151324676 0 1474 2
99218032 0 3097 4
537364279 0 449 1
15101560 0 1630 2
81724275 0 2191 3
57508317 0 5576 6
88019680 0 159 5
602175198 0 217 2
203467061 0 2985 5
7549540 0 695 1
608384248 0 433 2
3804893 0 1982 2
307780146 0 1828 4
216172381 0 3327 5
329007561 0 550 5
281022394 0 446 4
41697253 0 3655 4
163157049 0 674 6
297582346 0 967 2
598614490 0 651 4
107037315 0 676 2
217969254 0 3124 6
276373228 0 1977 3
334127364 0 1201 3
140914558 0 865 3
101891363 0 1611 2
6148198 0 428 1
965855859 0 34 2
4867902 0 3794 4
158458053 0 425 1
196444231 0 806 2
97015503 0 1738 3
102958955 0 2368 4
287120306 0 1195 6
59100390 0 5397 6
184676754 0 348 1
844215182 0 63 2
830301783 0 34 3
354576767 0 1202 4
631762485 0 72 3
106457113 0 1565 2
526812368 0 1153 3
25151288 0 2664 4
686388484 0 187 2
371188860 0 770 2
325247646 0 1723 5
45051283 0 3622 4
302922177 0 1774 3
292271837 0 2120 4
92250344 0 4778 6
65120042 0 1963 4
28636762 0 4733 5
139381689 0 175 6
287234294 0 816 4
242946396 0 1690 3
338286714 0 1215 2
261656920 0 709 1
717346481 0 1240 6
89751319 0 2871 5
57049916 0 491 3
328975532 0 1850 6
252516767 0 505 4
27065549 0 4679 5
88790400 0 3578 6
326825819 0 751 2
998696 0 3711 4
81157613 0 732 1
43314615 0 3239 4
16945097 0 5491 6
14655710 0 901 1
267643472 0 709 1
99330610 0 655 1
196156554 0 1224 2
318089173 0 518 2
501124767 0 157 1
27860019 0 3881 4
130332047 0 1938 4
712965030 0 252 2
565777335 0 4 2
275148717 0 1819 3
392088616 0 378 1
212470882 0 870 2
657728681 0 1408 6
270340811 0 629 1
23620860 0 4898 5
336663101 0 371 1
148868105 0 1083 4
30746036 0 14 1
60660026 0 937 1
470964478 0 1511 6
55339811 0 775 2
35237724 0 1889 2
176300687 0 1462 4
36751070 0 4743 5
104236402 0 3514 4
388818083 0 3065 6
174006738 0 3843 6
215522517 0 792 2
59607977 0 1494 2
44987536 0 3797 5
163931529 0 1761 3
226908721 0 4125 6
513898909 0 1653 6
111423398 0 4904 6
80265493 0 1587 2
1505434 0 5470 6
90325500 0 4529 6
52280028 0 2318 3
444510236 0 1379 3
41398286 0 1632 3
8662330 0 3407 4
65129666 0 3160 5
32816933 0 5709 6
5415665 0 1909 2
133524627 0 697 6
14930729 0 1922 2
546529641 0 1438 5
343811504 0 1629 3
345771565 0 1193 4
17671357 0 5804 6
981956 0 179 5
888013277 0 56 2
166831081 0 1904 6
527520454 0 1311 5
318567778 0 1654 4
156092491 0 2381 3
224821031 0 2319 3
757087871 0 473 6
17861360 0 858 1
218046417 0 3075 5
155443606 0 820 2
30215786 0 1837 3
288893731 0 424 1
818359913 0 308 4
52514237 0 859 5
407427261 0 1244 4
111714708 0 2464 3
111505983 0 582 1
68997059 0 3828 5
6835046 0 988 1
512294418 0 389 3
635214803 0 846 6
363112679 0 2018 5
114949912 0 3106 4
320298938 0 1155 5
611081991 0 29 3
65114326 0 1724 2
226870754 0 217 1
612936872 0 313 3
229299136 0 482 4
27380072 0 1788 2
181554500 0 2137 3
76905761 0 1505 3
223185847 0 1253 4
167378562 0 3211 6
198365035 0 169 1
258953223 0 2679 5
20414298 0 487 6
517024677 0 470 5
47678073 0 3908 6
850721916 0 165 3
285924855 0 2365 6
214443729 0 3372 5
396604814 0 2364 4
350556815 0 1676 3
42836674 0 2291 3
58367756 0 1334 2
40312128 0 1867 3
116848121 0 634 6
3453996 0 163 1
181636988 0 2845 4
11472990 0 3282 4
799015004 0 9 1
376664781 0 3160 6
109317273 0 2620 3
172054336 0 3137 4
66983009 0 2979 5
418214904 0 1423 3
117607950 0 4743 6
152224578 0 764 1
35578957 0 988 2
159721836 0 3250 4
238453003 0 3062 6
343851685 0 2817 6
17569254 0 5672 6
79572996 0 1609 2
43512933 0 2485 3
60788737 0 2240 3
34030099 0 560 1
190952244 0 2214 4
63474309 0 2108 3
58176571 0 2403 3
31270563 0 878 1
81736701 0 1502 5
41188109 0 3755 4
33861211 0 154 1
175143776 0 2088 3
252149829 0 370 3
45398003 0 794 1
59690452 0 4451 5
69539740 0 273 6
62002122 0 3525 4
29289688 0 5764 6
298161629 0 1242 4
335454684 0 618 1
65874067 0 1462 2
25061123 0 3610 4
287141928 0 58 1
308052582 0 2606 4
73970984 0 536 2
171228050 0 568 2
257133029 0 592 3
296016190 0 1765 6
15598950 0 4511 5
5102260 0 5781 6
121327207 0 1093 3
28423437 0 1308 2
315385266 0 1850 6
77536911 0 4468 6
408116415 0 1973 4
214995094 0 773 1
590040344 0 1406 6
367826199 0 1281 6
78862619 0 1549 3
476234718 0 2382 5
121702962 0 5081 6
767721681 0 500 6
42410287 0 303 4
13329901 0 2108 4
33023788 0 421 4
776912285 0 143 1
31842106 0 728 1
49042185 0 2104 3
259291124 0 1145 3
13683753 0 42 1
17512600 0 1851 3
121615603 0 1320 2
62372996 0 742 1
103141495 0 4210 6
251867059 0 2631 4
342474510 0 2704 5
721412536 0 819 6
177170037 0 2017 3
26291419 0 2525 6
503460145 0 74 1
72548128 0 1705 5
218355688 0 1333 5
54248972 0 248 1
69782495 0 1749 2
27601051 0 2275 6
112387408 0 1781 2
143366270 0 4575 6
59780843 0 3821 5
76627425 0 4924 6
308543985 0 2072 3
436963544 0 1173 3
854156 0 3025 4
282572359 0 2824 6
197135998 0 439 1
44482075 0 1913 2
538102083 0 537 4
201497621 0 3963 5
145310784 0 419 1
513950606 0 750 4
263289008 0 1079 4
191793310 0 2663 4
592920562 0 284 4
154520923 0 1586 3
216265688 0 2696 5
147418476 0 890 2
40857469 0 920 6
4461206 0 2954 3
45372182 0 4384 6
2478244 0 3006 3
240006936 0 1921 6
64200545 0 1833 5
298989572 0 1376 3
332490206 0 1273 2
222740103 0 680 1
244030987 0 663 3
17887556 0 4899 5
370258637 0 794 5
5192460 0 5897 6
19846211 0 3511 5
399308053 0 2894 6
350807194 0 218 5
60561528 0 3233 5
272592301 0 2606 6
580539319 0 688 3
247089500 0 3034 5
135710859 0 1547 2
589866423 0 1616 5
18943693 0 716 1
6891180 0 1525 2
183866033 0 570 3
28998532 0 1703 5
220698809 0 1205 5
463414442 0 487 1
112797035 0 4983 6
86611854 0 2425 6
173782101 0 30 0
145559996 0 1585 4
543700834 0 78 3
417260683 0 733 3
33304584 0 848 1
34315909 0 507 6
74713877 0 640 6
60335359 0 3563 6
322675805 0 287 5
14777878 0 5482 6
237308335 0 2648 4
61029909 0 1550 4
132933418 0 1290 5
42728301 0 5482 6
262615751 0 452 2
95264258 0 1450 4
33588962 0 2202 4
22045141 0 612 4
512288908 0 2292 6
257613766 0 944 2
378695935 0 571 1
340066097 0 2281 4
90869478 0 589 1
126453867 0 4044 5
14537225 0 1588 2
16222404 0 929 2
26933515 0 4174 6
36543431 0 106 1
786989682 0 74 2
299433935 0 1469 5
870119538 0 47 6
457456381 0 2129 6
682972335 0 153 3
62278359 0 2422 3
206761867 0 1954 6
317714610 0 792 2
211618707 0 407 2
643666442 0 1677 6
625096647 0 418 5
192655719 0 697 3
798131130 0 417 6
33255292 0 614 2
402025424 0 2509 6
109461324 0 692 1
2786658 0 5931 6
44773131 0 4791 5
39148066 0 2572 3
190641163 0 36 2
168089342 0 705 2
46997548 0 2149 4
25014049 0 699 1
195076409 0 284 1
783098268 0 197 4
9151148 0 982 1
119981817 0 1529 3
593663289 0 254 6
30289002 0 5696 6
34850214 0 3021 6
68114362 0 3464 4
112436886 0 896 1
193851247 0 568 1
29569051 0 1498 2
623707087 0 509 2
581667147 0 152 2
688131426 0 870 4
139467159 0 342 5
39125784 0 3614 4
384137988 0 1274 3
32392483 0 5417 6
160117106 0 2176 3
101481621 0 1638 2
675326615 0 1486 6
629522643 0 1258 4
400018318 0 2695 6
209162656 0 1132 3
647776632 0 416 4
94405904 0 1080 2
380206690 0 706 3
187947749 0 1479 4
119684374 0 4084 6
16965563 0 1981 2
103531395 0 2181 3
393948131 0 957 3
356204681 0 85 1
407028077 0 2144 5
181075906 0 2322 4
255098123 0 562 3
256378369 0 1739 6
139591907 0 4963 6
313421048 0 2758 6
79753638 0 4593 5
56790999 0 420 1
251194308 0 2566 4
18365541 0 1625 3
241567335 0 1699 6
360456036 0 341 1
269214934 0 232 1
734457955 0 17 2
70628690 0 3341 6
117541078 0 216 1
76826168 0 5280 6
470653161 0 508 1
886222 0 5918 6
431201676 0 174 1
40687452 0 3692 5
186932059 0 2558 4
170472792 0 275 1
7033547 0 2649 3
871390951 0 77 2
577721854 0 566 2
103207583 0 1768 2
101094032 0 1248 2
62255538 0 642 3
103864526 0 2157 4
160128424 0 4813 6
238608586 0 1256 2
47545395 0 4321 6
238104359 0 1692 5
66362587 0 523 1
2375493 0 4969 5
526641836 0 1816 4
208708338 0 526 2
6716206 0 2052 4
6138778 0 23 4
539165329 0 477 3
38922445 0 5529 6
203465647 0 65 1
186449421 0 2109 4
340695007 0 1835 4
184857898 0 1551 2
215396704 0 363 1
255520149 0 198 1
211401927 0 388 1
168514194 0 1292 2
300550150 0 352 1
196728788 0 842 3
372561014 0 489 1
25461183 0 1880 2
710554922 0 45 1
54529256 0 2828 6
313591411 0 2925 6
96430726 0 785 1
54476878 0 3930 5
282442362 0 2176 4
271406193 0 1256 2
113778704 0 3604 5
385675929 0 822 2
184203533 0 1381 3
203343474 0 225 4
25301196 0 4445 5
36982910 0 3306 4
30100176 0 3447 4
157283268 0 356 3
163594483 0 3284 4
244755807 0 3728 5
34330675 0 1970 4
118466583 0 862 1
230568792 0 3189 5
647701723 0 1639 6
885704146 0 245 4
664862 0 996 1
14728522 0 2622 3
425112620 0 461 4
104686716 0 3497 5
6500774 0 3962 4
91290874 0 440 1
125085977 0 4912 6
190052663 0 2134 3
12093245 0 4936 5
462148386 0 959 3
121788864 0 3134 6
661532301 0 1378 6
820039360 0 514 3
143197614 0 1001 2
21698879 0 5198 6
211698971 0 225 2
34141713 0 1823 2
41898621 0 2877 3
767018128 0 712 5
159296235 0 3325 4
59235208 0 499 2
35536588 0 3001 6
270704804 0 340 1
64480341 0 3742 4
43371823 0 4070 5
417017025 0 1108 6
212128754 0 588 1
181601679 0 1243 3
131593747 0 3109 5
84081353 0 372 3
1928577 0 5967 6
660156165 0 383 3
1080579 0 6019 6
87359395 0 646 5
12672604 0 5801 6
189675358 0 1855 3
35544161 0 1730 2
27862391 0 2629 6
512669306 0 343 1
484340385 0 165 4
664155 0 5469 6
310179819 0 350 1
694681870 0 1712 6
100692425 0 1728 2
1672411 0 1996 4
62610371 0 3895 5
295931075 0 504 3
204669531 0 1495 3
157582766 0 3666 5
216686671 0 1993 4
156981809 0 1132 2
281940944 0 594 1
323320852 0 48 3
27476459 0 798 1
113738574 0 1101 2
165175695 0 1474 4
283950289 0 2041 3
599681932 0 173 1
46264759 0 2782 3
1156501 0 141 1
356382345 0 351 1
418253024 0 583 3
688013876 0 44 6
201390931 0 1980 3
239240348 0 1815 4
246267328 0 757 5
94188222 0 1738 2
106521498 0 2880 5
286202844 0 678 1
214186015 0 1448 6
322161135 0 239 4
921237983 0 192 3
10279186 0 2809 3
424492565 0 247 1
457148036 0 874 5
16672426 0 2870 3
167516021 0 745 3
95948550 0 881 1
46658768 0 4774 5
72403653 0 5493 6
905742700 0 38 5
29840910 0 4184 6
234814852 0 2965 4
26972005 0 4797 6
279832102 0 3053 5
248034965 0 2048 4
50767080 0 3788 4
15798887 0 2330 4
575357359 0 751 3
26448142 0 3848 6
360134992 0 114 3
48626668 0 2069 3
24177429 0 3258 4
392327622 0 977 4
292443616 0 2684 4
253646383 0 1599 4
423178597 0 54 1
23201232 0 2498 3
13840706 0 1285 2
5015094 0 6000 6
178290066 0 4863 6
536514379 0 361 2
213886018 0 88 6
353833170 0 452 1
378269755 0 1614 4
209240151 0 1241 2
8242012 0 924 1
94821422 0 527 1
454177774 0 245 3
130306921 0 354 3
85675756 0 2877 6
196760410 0 3047 4
11354886 0 1663 2
1953026 0 5068 6
13614184 0 3383 5
157980215 0 1311 4
237545571 0 3587 5
140054292 0 914 2
102398938 0 2616 3
32730001 0 1880 4
142373669 0 718 1
934436531 0 153 3
58453797 0 2194 3
109214482 0 589 3
479933158 0 920 2
202697610 0 930 5
113052568 0 2793 5
128615030 0 253 1
32314836 0 5142 6
314033869 0 256 4
142074589 0 1407 4
201602573 0 43 1
367991082 0 249 5
636515823 0 700 2
470267215 0 2313 6
3554645 0 934 1
902472680 0 78 3
135111255 0 2533 6
279736493 0 652 2
218098372 0 311 1
287950716 0 186 2
25470791 0 5523 6
35909751 0 3846 4
202441898 0 1704 5
70095050 0 2434 6
444452691 0 2329 5
376886835 0 2591 5
685798995 0 169 3
85692119 0 2745 3
292289054 0 2020 5
702581550 0 848 5
40610117 0 4685 5
621665066 0 1591 6
391819335 0 1620 5
192906212 0 1510 4
123163828 0 4292 6
80380457 0 3924 5
118524500 0 3269 5
588965810 0 822 3
3233393 0 5555 6
204817933 0 2477 4
20814737 0 3915 4
239073032 0 1531 2
188512228 0 2170 3
12641511 0 97 4
705429449 0 1743 6
186449302 0 655 3
15562915 0 2660 3
729376287 0 156 2
432089113 0 503 1
157933254 0 468 2
82201931 0 900 1
234731706 0 3614 5
249070809 0 539 6
18279787 0 897 1
623317415 0 121 3
14411112 0 3088 5
438450174 0 2018 6
24504590 0 4537 5
65051586 0 4252 6
716734391 0 63 1
46066985 0 933 1
225180146 0 1921 4
16006151 0 1222 2
9162432 0 993 1
14278227 0 124 1
902518529 0 358 6
295340493 0 470 2
418433203 0 912 3
103043152 0 3085 5
224659573 0 3712 5
22096944 0 3927 6
3743766 0 4959 5
169761870 0 3706 5
22784935 0 3848 4
27632516 0 1697 3
981033260 0 22 1
35952097 0 1713 5
116952627 0 1984 3
87414895 0 4897 6
214055818 0 866 4
331225018 0 145 1
214184936 0 785 1
215367783 0 2608 5
269959178 0 321 1
122222723 0 1315 2
397236999 0 1154 2
86474886 0 849 1
203897816 0 2849 5
193729477 0 2931 4
100926052 0 858 2
81861317 0 2372 4
388500668 0 2187 4
165334786 0 4020 5
142125567 0 849 1
7128426 0 525 1
33955964 0 2615 4
31339938 0 4710 5
265845269 0 517 3
45574668 0 1068 3
425890638 0 2105 4
300727868 0 449 3
472006582 0 442 1
36786935 0 2746 3
546860334 0 831 6
156387501 0 1142 3
786138361 0 422 4
376859453 0 2175 6
36995574 0 2660 3
145064399 0 2548 6
8467078 0 2819 3
19511230 0 2378 4
300686397 0 2815 4
627401710 0 341 1
112462586 0 5272 6
118548342 0 452 2
596351467 0 1397 4
226724714 0 4069 6
164255874 0 1042 3
222831454 0 2357 4
661381699 0 308 3
183316607 0 1194 2
198261409 0 900 5
233891959 0 3707 5
165519489 0 1084 2
84931124 0 3941 5
165
309
202
90
370
475
178
409
803
404
742
488
333
246
61
664
984
260
415
322
956
346
392
932
546
129
843
854
196
976
36
276
438
186
119
399
821
383
554
39
24
122
484
992
270
836
498
421
839
873
637
398
80
746
231
629
595
696
222
18
860
806
177
893
790
315
741
472
419
295
397
825
986
150
87
782
804
900
384
363
27
499
32
828
597
444
501
545
945
140
211
697
293
372
164
337
43
136
44
507
424
301
358
758
998
503
19
724
911
485
630
880
565
960
636
944
693
951
366
842
823
505
348
105
800
54
934
271
662
996
628
765
291
718
432
487
631
185
980
600
581
801
308
213
169
663
735
244
739
25
840
534
330
511
167
847
250
720
227
329
344
30
841
59
855
365
882
469
608
393
209
351
786
570
994
210
948
886
634
677
288
533
639
160
431
981
627
471
126
684
371
925
28
621
717
274
638
726
345
556
985
874
162
872
982
903
616
733
987
317
923
625
783
281
290
306
189
555
364
255
138
797
151
618
689
704
762
100
491
324
143
740
457
198
895
848
885
287
277
559
52
77
611
48
743
248
590
382
531
453
423
622
463
524
550
875
871
692
974
549
328
916
969
607
777
3
731
653
283
194
173
876
532
110
237
539
5
658
521
671
124
780
669
752
137
483
312
476
856
103
208
215
896
395
601
468
902
716
29
943
979
451
789
946
377
809
219
950
163
878
796
756
599
49
316
897
234
1
939
712
275
223
811
502
877
355
253
228
587
179
307
924
609
989
204
745
159
92
493
107
793
417
33
374
774
954
156
454
624
449
681
649
243
850
442
46
152
577
863
551
528
6
593
394
522
525
422
98
473
963
296
723
448
55
135
191
968
585
42
400
357
157
104
805
541
715
183
757
50
88
96
865
168
232
890
401
643
942
305
145
289
214
852
572
430
73
68
235
594
626
467
930
961
520
678
203
220
846
575
965
710
857
941
838
443
881
238
917
513
113
766
506
273
753
272
603
225
262
578
674
75
336
563
947
339
632
57
97
544
737
31
26
166
353
375
648
478
892
652
458
101
949
500
691
258
646
233
81
635
212
655
817
386
35
236
106
343
772
489
958
668
584
659
588
278
15
938
861
326
494
320
640
390
84
481
894
142
819
496
970
480
977
907
826
971
115
10
744
784
14
538
460
688
147
574
53
879
95
266
259
8
548
341
132
17
990
952
285
547
146
298
859
425
770
589
437
367
899
279
342
91
216
605
567
921
267
906
685
964
435
154
644
13
359
830
515
403
922
379
919
139
959
121
118
779
883
492
527
815
389
69
447
16
0
396
598
144
794
694
466
158
9
427
822
418
72
434
131
760
381
824
292
682
76
426
284
835
957
657
660
286
7
553
814
771
224
128
111
972
89
641
391
761
750
482
199
465
666
263
510
268
188
311
269
670
592
411
725
698
832
302
134
700
410
51
347
294
504
56
606
249
495
940
705
937
474
79
153
602
866
552
120
109
727
675
385
373
701
773
844
360
728
543
180
702
184
820
901
542
568
537
517
759
829
936
953
612
313
141
388
230
428
176
387
206
926
905
239
798
408
582
904
127
566
406
650
470
338
93
967
114
171
633
20
414
303
576
912
561
429
265
975
778
241
816
673
983
217
133
571
62
929
564
247
74
12
362
799
310
734
620
446
405
332
915
792
781
722
853
155
991
2
858
112
709
325
519
754
218
665
583
827
997
837
898
995
102
812
755
254
4
327
787
767
321
226
47
738
623
318
732
642
304
928
252
540
462
748
205
439
526
683
730
955
523
441
354
768
763
349
508
536
706
64
647
420
557
440
334
721
645
729
240
962
596
736
22
456
37
350
201
436
810
999
200
719
251
323
60
161
889
747
38
368
679
580
193
412
197
257
86
699
558
610
67
261
1000
690
707
413
613
993
654
764
703
791
776
21
614
82
913
187
604
192
935
672
891
94
869
708
65
486
207
117
927
884
182
914
282
356
910
586
78
785
714
687
651
125
66
530
867
459
70
619
560
63
808
870
23
849
416
264
931
148
256
868
845
319
479
615
518
490
680
45
380
149
461
775
909
573
361
834
833
99
933
864
973
130
591
676
340
174
529
190
331
229
831
172
116
818
695
464
978
108
667
123
450
452
617
369
71
195
85
378
851
433
711
11
656
376
579
862
795
512
497
335
713
966
245
314
802
170
407
300
813
686
58
509
34
455
477
988
535
402
242
751
221
769
181
516
514
569
445
908
352
175
299
40
661
888
788
297
562
749
918
280
887
83
920
41
