100 10 100
406085531 0 256 6
488453208 0 17 1
124812354 0 379 5
206382730 0 166 2
59755808 0 232 3
651586153 0 5 0
850852607 0 18 6
40747617 0 463 5
100176583 0 169 2
388245710 0 64 2
142925115 0 437 5
89345232 0 110 6
117374227 0 161 4
495011760 0 85 3
364445574 0 230 6
11146967 0 381 4
330128696 0 131 5
102619314 0 295 6
87670263 0 375 4
21444240 0 348 4
75642794 0 62 1
215681931 0 201 3
151056460 0 167 2
244781591 0 436 6
260348915 0 10 5
56283088 0 99 3
177747958 0 178 4
447813756 0 77 3
31638807 0 226 5
1437677 0 43 3
174109351 0 36 1
323107859 0 262 4
12522602 0 213 2
510880054 0 110 2
140775886 0 312 4
241451807 0 377 6
84607561 0 97 1
3356706 0 596 6
5256344 0 185 2
630795251 0 60 4
137775571 0 132 2
13652108 0 192 2
295969904 0 164 6
448116461 0 208 6
260036956 0 42 5
254355986 0 111 2
956040353 0 9 2
63203306 0 156 2
8037176 0 94 1
824897461 0 36 4
48162462 0 20 0
77273948 0 146 4
63479713 0 202 5
28910510 0 183 2
20607953 0 191 2
250040962 0 139 3
298548830 0 319 6
82298324 0 266 5
257183736 0 17 2
98130274 0 453 6
524025051 0 25 2
597455928 0 65 4
150482208 0 130 4
470440497 0 54 1
271512320 0 23 1
8941099 0 547 6
239258701 0 68 1
75422066 0 43 1
620532518 0 109 6
709496095 0 103 5
198441884 0 205 3
712400432 0 28 1
39971739 0 96 1
77492408 0 283 4
318190397 0 342 5
869516918 0 50 4
393289442 0 364 6
607860566 0 152 5
32005346 0 74 1
206828735 0 234 4
14132673 0 108 1
502810167 0 48 5
343531716 0 237 6
291441881 0 308 6
205225240 0 307 4
91639130 0 27 3
200664917 0 139 2
229357130 0 137 2
45172868 0 99 1
138661475 0 13 0
132342949 0 83 2
100250408 0 294 6
84232674 0 70 1
195318877 0 157 2
54188347 0 1 0
299225776 0 230 4
38841359 0 84 3
375810694 0 214 5
351349281 0 64 2
193393277 0 141 2
75
34
62
58
99
8
18
59
72
81
91
19
78
90
39
63
82
9
77
24
86
55
94
100
61
60
47
46
85
1
22
84
31
10
28
73
68
67
97
52
0
6
64
32
79
74
71
7
21
65
69
37
57
2
3
36
42
12
45
96
98
83
43
89
95
30
38
66
23
16
14
76
51
5
54
33
93
44
80
87
29
15
88
53
4
17
49
48
27
92
11
70
56
25
50
35
13
41
20
26
