1642144610604
1117304890257
1346986647947
1242585848997
789188093557
1642144610604
1642144610604
771290813737
1642144610604
1642144610604
616181055297
1642144610604
1275397528667
1642144610604
496865856497
347721857997
317729094665
1642144610604
324210975725
1024835611187
1156082329867
1642144610604
1642144610604
1642144610604
304765332545
1066595930767
1642144610604
1051681530917
1642144610604
1179945369627
1642144610604
1642144610604
1642144610604
77899495445
640044095057
1642144610604
1642144610604
786205213587
1642144610604
1558751688244
1642144610604
1642144610604
1642144610604
1508062166327
795153853497
1642144610604
162163949225
1642144610604
1642144610604
657941374877
1642144610604
1642144610604
1642144610604
1642144610604
1642144610604
1642144610604
792170973527
807085373377
648992734967
1642144610604
1586225364444
1642144610604
1451387446897
902537532417
1642144610604
1642144610604
690753054547
1534510209244
989041051547
1642144610604
1519965321844
1642144610604
1642144610604
1421558647197
1642144610604
711633214337
1574912674244
1642144610604
777256573677
1625011730844
1526429716244
1329089368127
1355935287857
1642144610604
58453852265
332807458147
1642144610604
878674492657
1642144610604
1642144610604
1642144610604
386499297607
1642144610604
1373832567677
1642144610604
1642144610604
1448404566927
622146815237
1305226328367
1642144610604
1642144610604
1642144610604
1018869851247
1642144610604
1105373370377
1642144610604
1528045814844
663907134817
669872894757
1642144610604
1642144610604
765325053797
1382781207587
1642144610604
1511045046297
298283451485
499848736467
1642144610604
1642144610604
583369375627
1642144610604
1642144610604
562489215837
1176962489657
1642144610604
1015886971277
1484199126567
1642144610604
1642144610604
1642144610604
1642144610604
1600770251844
1317157848247
1642144610604
26044446965
1642144610604
1642144610604
1427524407137
84381376505
1642144610604
1376815447647
735496254097
1642144610604
1642144610604
1341020888007
1642144610604
136236424985
1613699040644
1579760970044
1642144610604
595300895507
467037056797
1642144610604
1642144610604
953246491907
1578144871444
1642144610604
830948413137
1642144610604
338773218087
1545822899444
1642144610604
1642144610604
1141167930017
1642144610604
1642144610604
1424541527167
1642144610604
1642144610604
1529661913444
1642144610604
747427773977
1642144610604
1642144610604
1607234646244
857794332867
1642144610604
1642144610604
1642144610604
1642144610604
1338038008037
1642144610604
1637940519644
1547438998044
1642144610604
1194859769477
1642144610604
1120287770227
1616931237844
1642144610604
577403615687
1642144610604
1170996729717
538626176077
1521581420444
220500878765
1642144610604
1642144610604
175127711345
1081510330617
1642144610604
1642144610604
1642144610604
1642144610604
1642144610604
1642144610604
1642144610604
1150116569927
860777212837
1642144610604
598283775477
1367866807737
1642144610604
1165030969777
1642144610604
1576528772844
1642144610604
1642144610604
1642144610604
1642144610604
1272414648697
1642144610604
1642144610604
1642144610604
601266655447
1642144610604
1182928249597
1642144610604
1036767131067
1642144610604
1642144610604
1379798327617
872708732717
97345138625
1642144610604
556523455897
1642144610604
1532894110644
1642144610604
1490164886507
1642144610604
1642144610604
1594305857444
1629860026644
1385764087557
1642144610604
1642144610604
1642144610604
1642144610604
1636324421044
1642144610604
1561983885444
431242497157
1642144610604
1642144610604
1642144610604
461071296857
1628243928044
1114322010287
410362337367
1605618547644
1642144610604
1642144610604
1642144610604
1642144610604
1642144610604
1642144610604
1642144610604
1642144610604
401413697457
1642144610604
1642144610604
1566832181244
1642144610604
1445421686957
1642144610604
181609592405
1602386350444
1592689758844
1642144610604
335790338117
1642144610604
983075291607
1039750011037
798136733467
1642144610604
1642144610604
1642144610604
1642144610604
1000972571427
1642144610604
473002816737
1642144610604
1642144610604
977109531667
607232415387
1188894009537
371584897757
1517010806237
1138185050047
968160891757
1021852731217
1642144610604
1642144610604
1642144610604
1642144610604
1642144610604
168645830285
896571772477
90863257565
1642144610604
932366332117
1090458970527
1230654329117
1642144610604
1591073660244
1111339130317
1642144610604
1642144610604
419310977277
1642144610604
810068253347
490900096557
1642144610604
1209774169327
1358918167827
923417692207
1642144610604
404396577427
1642144610604
550557695957
1642144610604
39008209085
1642144610604
1224688569177
1642144610604
455105536917
1642144610604
1314174968277
1642144610604
1433490167077
986058171577
1173979609687
1642144610604
1642144610604
1642144610604
1642144610604
1642144610604
1415592887257
368602017787
1642144610604
239946521945
1045715770977
392465057547
1093441850497
1642144610604
631095455147
1610466843444
201055235585
1642144610604
1642144610604
974126651697
1642144610604
1642144610604
1323123608187
1206791289357
1642144610604
383516417637
1642144610604
1642144610604
1642144610604
804102493407
1642144610604
610215295357
1642144610604
1642144610604
965178011787
1642144610604
1352952407887
407379457397
1642144610604
848845692957
1129236410137
1540974603644
854811452897
1033784251097
1565216082644
1642144610604
64935733325
1257500248847
884640252597
908503292357
214018997705
1102390490407
1442438806987
1153099449897
643026975027
971143771727
1642144610604
1642144610604
470019936767
1642144610604
71417614385
995006811487
1251534488907
1642144610604
1642144610604
1642144610604
1642144610604
842879933017
1290311928517
1642144610604
1370849687707
1524813617644
1642144610604
1642144610604
1642144610604
1642144610604
1599154153244
1642144610604
684787294607
1642144610604
1642144610604
1642144610604
875691612687
529677536167
1642144610604
1332072248097
1642144610604
1531278012044
1642144610604
1642144610604
1642144610604
1642144610604
1642144610604
464054176827
1269431768727
1642144610604
1642144610604
1642144610604
1642144610604
1557135589644
845862812987
1642144610604
1642144610604
1587841463044
1549055096644
1642144610604
1642144610604
1642144610604
1254517368877
1642144610604
1642144610604
1469284726717
449139776977
1642144610604
1162048089807
1642144610604
1260483128817
1642144610604
1642144610604
416328097307
1642144610604
1642144610604
1642144610604
1642144610604
1642144610604
1642144610604
1544206800844
813051133317
559506335867
950263611937
1108356250347
1227671449147
398430817487
881657372627
947280731967
1147133689957
1642144610604
1642144610604
1642144610604
1642144610604
1642144610604
1626627829444
1537742406444
1344003767977
1642144610604
1642144610604
1278380408637
1571680477044
833931293107
720581854247
1642144610604
938332092057
1642144610604
1642144610604
1284346168577
992023931517
1642144610604
1642144610604
1642144610604
1642144610604
1642144610604
1642144610604
1642144610604
980092411637
1642144610604
666890014787
1642144610604
272355927245
226982759825
824982653197
487917216587
1618547336444
233464640885
1642144610604
1553903392444
944297851997
1406644247347
1326106488157
1514027926267
377550657697
1642144610604
395447937517
702684574427
1642144610604
1042732891007
1642144610604
1642144610604
625129695207
1642144610604
1642144610604
1642144610604
1642144610604
1054664410887
1642144610604
738479134067
13080684845
1642144610604
1642144610604
1642144610604
1642144610604
1642144610604
774273693707
1412610007287
1642144610604
32526328025
1642144610604
1642144610604
1642144610604
1563599984044
1642144610604
726547614187
1487182006537
1573296575644
1620163435044
1099407610437
613198175327
675838654697
1057647290857
517746016287
1642144610604
1642144610604
1642144610604
1642144610604
1536126307844
1123270650197
1604002449044
1159065209837
1642144610604
1087476090557
819016893257
1084493210587
756376413887
887623132567
1642144610604
1642144610604
1642144610604
285319689365
359653377877
753393533917
523711776227
1642144610604
1642144610604
1135202170077
1642144610604
1642144610604
1096424730467
1642144610604
493882976527
1642144610604
604249535417
1642144610604
1642144610604
1642144610604
714616094307
1642144610604
1132219290107
535643296107
446156897007
1582993167244
1642144610604
252910284065
1642144610604
1642144610604
1642144610604
1642144610604
1466301846747
1320140728217
246428403005
920434812237
836914173077
1293294808487
1287329048547
1642144610604
1642144610604
1361901047797
526694656197
1221705689207
1642144610604
1642144610604
1642144610604
1642144610604
1642144610604
1642144610604
1642144610604
962195131817
1608850744844
380533537667
1642144610604
440191137067
1642144610604
729530494157
1642144610604
646009854997
437208257097
1642144610604
1621779533644
1642144610604
1642144610604
1642144610604
1642144610604
851828572927
1642144610604
1642144610604
839897053047
905520412387
914469052297
637061215087
1642144610604
759359293857
1642144610604
1642144610604
1030801371127
1418575767227
1642144610604
544591936017
19562565905
1642144610604
1642144610604
1212757049297
1642144610604
1642144610604
935349212087
505814496407
1233637209087
1060630170827
1642144610604
1642144610604
1642144610604
1642144610604
428259617187
1642144610604
1349969527917
1642144610604
1634708322444
1642144610604
1642144610604
194573354525
1642144610604
762342173827
1612082942044
1403661367377
1642144610604
1642144610604
1642144610604
1642144610604
547574815987
1505079286357
1642144610604
123272662865
1642144610604
917451932267
1203808409387
568454975777
1642144610604
1642144610604
1542590702244
1642144610604
1642144610604
1642144610604
1642144610604
693735934517
1642144610604
1642144610604
1642144610604
768307933767
481951456647
1642144610604
1642144610604
365619137817
341756098057
628112575177
1642144610604
1642144610604
911486172327
1642144610604
866742972777
1642144610604
1641172716844
1642144610604
780239453647
1075544570677
1642144610604
1555519491044
1642144610604
1581377068644
1642144610604
1642144610604
1642144610604
1642144610604
1642144610604
1642144610604
1642144610604
1239602969027
1642144610604
1642144610604
717598974277
1642144610604
1185911129567
651975614937
1642144610604
1642144610604
1642144610604
475985696707
672855774727
511780256347
1439455927017
708650334367
1642144610604
1642144610604
1639556618244
1263466008787
1012904091307
1642144610604
1397695607437
1642144610604
660924254847
1642144610604
452122656947
1296277688457
1006938331367
1496130646447
51971971205
1597538054644
634078335117
1642144610604
1215739929267
1642144610604
129754543925
1463318966777
1642144610604
1478233366627
1144150809987
1642144610604
1191876889507
1642144610604
1642144610604
586352255597
1642144610604
580386495657
0
1642144610604
502831616437
1642144610604
1642144610604
434225377127
1642144610604
1642144610604
1642144610604
1642144610604
1642144610604
1642144610604
291801570425
1236620089057
1642144610604
1642144610604
1409627127317
374567777727
1642144610604
1281363288607
207537116645
1642144610604
1472267606687
362636257847
1245568728967
1642144610604
1048698650947
458088416887
1642144610604
1642144610604
1642144610604
1633092223844
1642144610604
1642144610604
356670497907
103827019685
149200187105
1642144610604
142718306045
265874046185
705667454397
155682068165
1642144610604
1615315139244
1631476125244
1642144610604
801119613437
1642144610604
1550671195244
413345217337
893588892507
1642144610604
1642144610604
110308900745
1623395632244
941314972027
574420735717
1430507287107
1168013849747
1642144610604
678821534667
1078527450647
959212251847
744444894007
1502096406387
1063613050797
6598803785
1394712727467
1642144610604
1642144610604
1642144610604
1642144610604
1642144610604
1523197519044
1552287293844
1642144610604
1642144610604
1642144610604
589335135567
1126253530167
1642144610604
1642144610604
1642144610604
1642144610604
890606012537
425276737217
541609056047
1009921211337
520728896257
1457353206837
869725852747
1642144610604
1311192088307
1642144610604
571437855747
532660416137
1642144610604
827965533167
1454370326867
1642144610604
1642144610604
1642144610604
422293857247
353687617937
1391729847497
1335055128067
899554652447
681804414637
45490090145
1642144610604
1642144610604
1568448279844
1642144610604
732513374127
1642144610604
1642144610604
821999773227
259392165125
863760092807
1642144610604
1460336086807
1642144610604
1642144610604
1642144610604
687770174577
1642144610604
816034013287
478968576677
508797376377
344738978027
1499113526417
1072561690707
311247213605
1299260568427
1642144610604
565472095807
1027818491157
1642144610604
1197842649447
699701694457
1248551608937
350704737967
1642144610604
926400572177
1266448888757
1642144610604
1642144610604
278837808305
443174017037
1003955451397
1642144610604
1642144610604
1584609265844
484934336617
1493147766477
1642144610604
1642144610604
1642144610604
1388746967527
1642144610604
1642144610604
1218722809237
1642144610604
783222333617
329824578177
1642144610604
1642144610604
1642144610604
1642144610604
1595921956044
1302243448397
1642144610604
1642144610604
1642144610604
1570064378444
1475250486657
553540575927
1642144610604
723564734217
1642144610604
929383452147
1364883927767
1200825529417
1642144610604
997989691457
956229371877
741462014037
1308209208337
1069578810737
1642144610604
116790781805
1642144610604
1642144610604
1642144610604
1642144610604
1642144610604
1642144610604
1642144610604
1539358505044
1642144610604
654958494907
1436473047047
1642144610604
619163935267
592318015537
750410653947
1560367786844
1589457561644
1400678487407
389482177577
1642144610604
188091473465
1642144610604
1642144610604
1642144610604
696718814487
1642144610604
1642144610604
514763136317
