4223265517464
4468880483995
4759296213793
237222833439
3140497311670
4697405415191
4505746261253
4605459532527
3232413399043
2099742154381
1300825464670
2687987062637
4171168373858
4117855895449
4750167194460
4308151418137
4473929167636
4498410053663
3374494969781
1154355661150
3527339872698
4240259771014
3802343966153
2136915278651
3167662635120
4556170500580
3421189736381
4688632743311
1906433832941
3248423561893
853277157681
4283991091317
2062567477181
4510637066313
86218106193
1129362905260
4776142036942
1228585766563
2387340921941
3493233507844
4174688731348
4612755510663
3379683277181
3955531040455
4727389740391
4448045803856
4455862204616
1187679335670
3569943691818
626305179538
4431946419151
3322611895781
3806805322803
4064360807848
2194797143799
2017957864541
4774099006335
3730962259753
3264433724743
2348987675801
57713978553
2899805430798
4703622893492
1921303703821
1661702558412
394166738069
4770939480612
143226361473
996068207180
4748628639166
954413614030
1973348251901
3253760282843
4199331233778
4639513292662
3931591519776
2810225745291
3775575826253
4401988681341
3713116833153
4106397649948
4049074683448
1481333432657
255686822219
4707052366425
563885568205
1442097352057
4072003870048
2737246141597
4167648016368
2576855046374
1777152677562
510350572405
2216458229679
836255564781
3483183171014
2869955244984
4206253398248
2893837209024
2700301832377
1204329994549
124223609713
1838634014188
4562011216810
4661434616817
3640950057018
2070002412621
3708655476503
1730972629902
4539306175826
3205694087950
4627252535943
3156796505740
519273071705
4775402735867
2975046919326
3631482541658
348006766119
2361772091181
3221739957143
1387166839217
357238760509
2657200138287
4708189778655
844766361231
4662867971797
4766611445078
227990839049
4693645698671
4775149548217
4380201235661
4771975944352
4461073138456
4213060261548
2786203269291
384934743679
2929523748047
4407435542761
274150810999
3855445770098
4382924666371
4630864150051
4763996628398
2032827735421
2342576043062
4450651270776
4493519248603
3681887336603
599575565405
2632570598807
4689885982151
3275107166643
1029391881700
4590491259309
3124198117600
2958276663456
2374556506561
1162686579780
3410813121581
1861378768528
1171017498410
1614736106697
3967261737865
3348553432781
4426499557731
264918816609
4603613655197
3063986585931
4110219181048
2589441032677
2532723786334
4764868233958
4772612348706
688535707968
4692392459831
114722233833
2301592605515
3338176817981
1473486216537
793701582531
2238119315559
679645632478
2003087993661
971075451290
3014177516356
3189394893880
3699732763203
4687379504471
2941118558975
4091111525548
4410158973471
3036472928331
2463374663414
3216403236193
4777429102200
292614799779
4219866666754
937751776770
2107177089821
3894391122428
4737936412099
2718773986987
1410708487577
3626748783978
1551958377737
4565819091529
3472856438355
2564246114934
4178209088838
1104370149370
4253855173854
4777746852314
1449944568177
2180356419879
1913868768381
283382805389
3517841893116
1363625190857
2315605704975
3668503266653
3237750119993
4216463693198
3025357686936
421125579405
3978992435275
1071046474850
2858014262964
2863984753974
3118765052910
4730502913562
4363159035589
4755168479700
3982902667745
2614098151497
4277453318676
750720412875
2245339677519
338774771729
4377477804951
1669399233022
4515527871373
4571512668709
827744768331
724096009928
1951043445581
1379319623097
3285780608543
4404712112051
2400125337321
2380948714251
412203080105
4715775391301
2259553307135
2469679129134
4637872051362
3690810049903
2551637183494
1583347242217
4348732098485
3002997345776
2875925735994
4354503146389
4742316142728
4236860920304
2834132298924
4385648097081
4481292235953
4743991824256
1800242701392
4280725761437
3959441272925
3939755908536
4142886108764
4713654359461
4041431621248
19653783491
3726500903103
4762689220058
929420858140
3650414779015
2731088756727
3704194119853
4752793302140
2209237867719
3859773031468
4667168036737
3915262742256
4563921232469
3426376050405
3695271406553
133724985593
4575308386829
3872754815578
1037722800330
4646063497767
4594286977429
1276763475883
4552237509987
2816220825894
2025392799981
2040262670861
4114040712148
1958478381021
4530111595706
887320343481
3923427131016
3145930376360
4569614809649
3097002975051
4763560825618
1504875081017
4488628443543
4052896214548
483583074505
3868427554208
2669514908027
3431540537955
4712593843541
3546274903418
2494896992014
1332236326377
4751594569682
554963068905
4647677966217
4257254024564
1575500026097
4022004992445
4396541819921
4739715542328
1807939376002
3296454050443
2780197650291
2595625118787
3565209934138
2266559856865
4771317581556
4247057472434
4749398017460
4777890772458
870298750581
3907098353496
4684866988502
48212602673
3842463985988
2084872283501
3686348693253
1792546026782
2724931371857
2846073280944
2887866718014
301846794169
465738075905
4598074651613
2393733129631
1402861271457
4747858455696
3784498539553
1355777974737
4399265250631
987737288550
2607940473927
4610943382503
4757543657260
1260704239443
2774174782622
802212378981
3762191756303
4491073846073
4582899823069
95719482073
4755762274090
1112701068000
2450765731974
2280572956325
4149994805524
3780037182903
1884103911871
3584144964858
4181729446328
4752199507750
3990723132685
4614567638823
4747088272226
1936173574701
2804220126291
1021060963070
4153549153904
2526419320614
3947710575515
3655053126288
3091500243531
3672964623303
4010274295035
4592389118369
1928738639261
4393818389211
4642789449507
1707882606072
2308599155245
2911735066638
759476053725
1046053718960
4731530177322
3927509325396
617415104048
4366044331989
3935673714156
4745542667256
4500855456193
2743403526467
4776948456480
2223678591639
4776747055764
4068182338948
181205961196
4754574685310
2158695333999
3369306662381
4577206245889
4325631523125
4724230189501
4720017454981
3753269043003
1497027864897
768157301376
2336042656662
3498227880394
4756356068480
652975406008
4623628279623
4503300858723
4305193462817
209432292556
2706459217247
4777669425060
4164127658878
670755556988
4331406666965
1823332725222
1054384637590
3998543597625
4087289994448
4075825401148
4534708885766
4678527145738
1426402919817
1784849352172
2438156800534
1434250135937
2663357523157
4777108671720
2273566406595
3280443887593
4495964651133
4513082468843
4083468463348
3536807388058
979406369920
3447034000605
4243658621724
3994633365155
1700185931462
3457362975705
4777798037700
3607813753258
4772302329422
3748807686353
581730566805
4548140123197
329542777339
3019767601646
3815728036103
1723275955292
2991817175196
1268733857663
2329345242063
3327800203181
4560064311400
4765304036738
4774368494525
1062715556220
4767918853418
2520114854894
430048078705
3598346237898
4412882404181
3467691950805
732986085418
4388371527791
1012730044440
1465639000417
3971171970335
4607305409857
2675672292897
311078788559
4683607040452
1544111161617
3574677449498
4660001261837
3771114469603
4442820888532
447893077305
1738669304512
4658567906857
3478020925905
2425547869094
1252674621223
4546031284877
4753387096530
4029825457385
4698658654031
2694144447507
921089939510
4675718795089
3622015026298
4302235507497
456815576605
4573410527769
4079646932248
3436705025505
3332988510581
4664301326777
4226664368174
3052981122891
4765739839518
4777348994580
2749560911337
4776334101379
3588878722538
4738835331879
4736138572539
2151474972039
320310782949
1236615384783
3102465858840
2545332717774
1868960353308
4702418370551
4761816180178
2457070197694
492505573805
3405624814181
4541604820856
474660575205
2620255829067
4391094958501
4763125022838
3178528764500
2287579506055
4337181810805
4665734681757
1489180648777
895827009920
608498064705
4770513496482
1347930758617
3532073630378
3986812900215
1340083542497
3864100292838
2570550580654
3173095699810
4776621186504
1898998897501
1831025918449
3811266679453
2986227089906
4621816151463
4618191895143
4753980890920
3488233883363
1324389110257
4734310307389
3343365125381
3503189256917
76716730313
1004399125810
2482288060574
4729475649802
4418329265601
4014184527505
4527749010573
4543903465886
2768033065947
152727737353
4314067328777
4750936371460
3030947772226
1769456002952
3400436506781
1179348417040
3717578189803
4316968807365
3739884973053
1638277755057
3162229570430
528195571005
2406517545011
2144245333784
4581001964009
3788959896203
4522864078963
3612547510938
2252509264799
4718956939061
4260652875274
4691139220991
4768790458978
4098754587748
3645683814698
4558117405990
4230063218884
590653066105
4525309481493
403269597293
4701165131711
2712616602117
635195255028
4146440457144
2368164298871
2881896227004
4423776127021
4002453830095
3963351505395
4721070638611
3452198488155
4758716146373
2077437348061
3107898923530
4351617849989
4586695541189
4033735689855
4192290518798
2923662919727
4777589317440
4777188779340
2935321456475
2997407260486
4520418676433
1853797183748
819233971881
1815636050612
2557941649214
4636230199770
644085330518
2852043771954
4716835907221
3593612480218
2626413213937
1087708312110
4655500185267
661865481498
3951620807985
4620004023303
4732465659229
4517973273903
4629063514811
1980783187341
3797882609503
2980637004616
2488592526294
2798214507291
1653962148006
4609131254343
861787954131
4776485860259
4434669849861
171730489113
4421052696311
4777268886960
4674311601999
4250456323144
1761759328342
3008587431066
2539028252054
3113331988220
3301789566868
4672887028973
3069489317451
4311109373457
3846791247358
3744346329703
4478846833423
4682347092402
1591194458337
3881409338318
741876160908
3833573462703
4102576118848
4632664785291
4486183041013
4537007530796
2055132541741
4195810876288
4508191663783
4670030608921
3364118354981
546040569605
3579411207178
4723177005871
4772911457466
1846215598968
4776868348860
4209656829898
4735232631469
1754062653732
4125114366864
1630430538937
2419243403374
1746365979122
438970578005
4319856379285
4696152176351
29209850913
4705912802252
38711226793
3307045409523
3820189392753
2513810389174
3129631182290
4037610090148
4657064629077
3522606115018
3047478391371
4345844526565
4699911892871
3722039546453
4726336556761
1292822712323
3560476176458
4710464603115
3291117329493
1418555703697
1622583322817
706315858948
3659575712349
4704767847872
4770087512352
4322743951205
2202017505759
3259097003793
2294586055785
218758844659
3551008661098
2047697606301
4773509674986
3353741740181
4328519095045
4625440407783
4185249803818
2010522929101
4679827196302
4290338027211
2792208888291
190614738316
4767483050638
4567716950589
4740582409128
4476401430893
4060539276748
4741449275928
4773210566226
1567652809977
785190786081
3603079995578
4267413190285
4717896423141
1196010254300
1121031986630
4722123822241
1220556148343
4270760922985
4132223063624
4649242410027
4777028564100
4453256737696
4762253417278
904309835630
3390059891981
4774629947845
4725283373131
4371814924789
4728442924021
4550241682629
2761875681077
1096039230740
2755718296207
3664041910003
3975082202805
4334294238885
4686126265631
3416001428981
3735423616403
9844935780
1457791784297
1137693823890
4293361409338
366470754899
4743183009528
3085997512011
1559805593857
3898718383798
3243086840943
4532410240736
537118070305
4601767777867
2644885368547
2355379883491
4584797682129
697425783458
4668599840051
1146024742520
4128668715244
2187576781839
3829112106053
4767047247858
1891563962061
4135777412004
3677425979953
2583159512094
4737037492319
4006364062565
3541541145738
2651042753417
1692489256852
810723175431
4773808783746
4437393280571
1395014055337
2828161807914
4774891401165
4471418739826
4429222988441
4025915224915
715205934438
4758136078953
4733387983309
3312235280981
1512722297137
4746318088756
4694898937511
67215354433
162229113233
4299277552177
4139331760384
4287250328547
1520569513257
2601782796357
2122046960701
4296319596857
1715579280682
912751107237
4458467671536
2475983594854
3211066515243
3041975659851
501428073105
4483737638483
3793421252853
3200261023260
3851118508728
2322547346273
962744532660
1995653058221
4368929628389
4681087144352
4768354656198
3919344936636
572808067505
4463678605376
3508101466052
1284793094103
4094933056648
4775900768042
4018094759975
3885736599688
4769661528222
1876541938088
1606888890577
4202844852723
4121560018484
1536263945497
375702749289
4045253152348
1316541894137
4653935741457
0
4588593400249
3080494780491
4357388442789
3943790075593
2840102789934
4671460524843
4709327190885
3766653112953
4233462069594
4756949862870
1677095907632
3194827958570
4264051725984
246454827829
4634465420531
3555742418778
3617281268618
3757730399653
3824650749403
4157086943898
200023515436
4188770161308
1646124971177
4775655923517
3358930047581
2165915695959
3462527463255
3838034819353
4596184836489
4340069382725
1079377393480
4777870104318
878809547031
4160607301388
4744767245756
1212512203192
4374700221189
4771649559282
776679989631
4616379766983
3058483854411
4554215475337
1684792582242
3512974189402
2952669978346
4759856995033
3151363441050
2412908599196
3395248199381
2092307218941
4766175642298
4677125988179
1308694678017
4711533327621
2917699884558
1988218122781
1965913316461
4714714875381
3074992048971
4466284072296
4440116711281
2230898953599
4650806853837
4777509209820
2114612025261
4415605834891
1244645003003
4445440336936
2969456834036
3227076678093
4599921900537
4274108655685
2963866748746
2905770248718
2129481896141
3636216299338
3269770445693
4579104104949
1599041674457
2501201457734
3902972477125
3384871584581
4760882547422
3890063861058
946082695400
2681829677767
3183961829190
2431852334814
4644426473637
4056717745648
4764432431178
4769226261758
4652371297647
4342956954645
3911180547876
2946914170336
2444461266254
3135064246980
4761350618642
2638727983677
1528416729377
4760388847003
3317423588381
4777835778250
4360273739189
1371472406977
1943608510141
2822191316904
2507505923454
105220857953
4641152425377
2173136057919
3877082076948
