1000 10 1000
28557210 0 5 0
191654255 0 8 0
243403601 0 11 0
94860920 0 8 0
404774804 0 13 0
311811831 0 4 0
673550607 0 4 0
641021571 0 6 0
860547233 0 1 0
21411898 0 1 0
609283427 0 7 0
635347662 0 1 0
406097380 0 1 0
179125001 0 19 0
401573793 0 1 0
493634820 0 1 0
87403335 0 3 0
68393887 0 3 0
101307939 0 1 0
5328267 0 12 0
165808207 0 11 0
607907571 0 3 0
880465431 0 1 0
147908344 0 8 0
329782415 0 1 0
355477979 0 1 0
67425183 0 1 0
106469530 0 3 0
203148371 0 31 0
41419491 0 1 0
169758091 0 20 0
245952077 0 1 0
6739106 0 8 0
107346036 0 8 0
458348755 0 18 0
367346480 0 27 0
10635655 0 16 0
438824920 0 24 0
32028613 0 2 0
56054784 0 25 0
3488236 0 2 0
30434952 0 5 0
152063240 0 8 0
409219162 0 1 0
154929463 0 1 0
33956627 0 22 0
324096283 0 1 0
22685757 0 2 0
153624194 0 18 0
26749284 0 3 0
143425001 0 30 0
268022978 0 18 0
16017705 0 1 0
196034150 0 1 0
251481012 0 1 0
677918027 0 6 0
90257338 0 6 0
81639965 0 16 0
128018280 0 1 0
213875718 0 29 0
47241409 0 31 0
235364320 0 13 0
296332484 0 3 0
160793282 0 1 0
53633001 0 13 0
227339508 0 1 0
5827548 0 9 0
16011223 0 20 0
56654373 0 1 0
745804496 0 1 0
37058994 0 1 0
217878321 0 1 0
156185980 0 1 0
29940331 0 1 0
378433253 0 2 0
393795957 0 1 0
68513446 0 1 0
603316763 0 1 0
72485194 0 3 0
1231970 0 7 0
389382117 0 1 0
200304121 0 1 0
44391189 0 8 0
16570203 0 30 0
358380981 0 11 0
546698256 0 1 0
340557437 0 1 0
107268387 0 6 0
315622614 0 8 0
57785518 0 20 0
119692440 0 28 0
122058598 0 8 0
88473160 0 10 0
119595391 0 2 0
666361631 0 1 0
18597855 0 31 0
570376365 0 8 0
89493958 0 2 0
274057676 0 1 0
313838915 0 1 0
828110393 0 31 0
522856456 0 19 0
4138400 0 1 0
164299919 0 2 0
212334562 0 1 0
83317579 0 1 0
218965000 0 23 0
39860271 0 12 0
188711126 0 7 0
126877612 0 29 0
113673815 0 22 0
813790282 0 7 0
150033329 0 1 0
101084943 0 1 0
330437349 0 31 0
87138825 0 5 0
471751108 0 2 0
142866571 0 11 0
610508454 0 6 0
380142323 0 1 0
186037046 0 2 0
106091105 0 11 0
25478532 0 31 0
207209884 0 1 0
47814797 0 1 0
219690626 0 28 0
158532683 0 21 0
272918630 0 4 0
496990623 0 1 0
176432515 0 3 0
466025666 0 1 0
183519297 0 6 0
8461791 0 1 0
170346745 0 11 0
69990261 0 26 0
395388767 0 1 0
281684620 0 6 0
99853776 0 7 0
208018236 0 2 0
184494555 0 2 0
257734505 0 1 0
35256787 0 4 0
41181811 0 10 0
765078922 0 1 0
76778596 0 1 0
120011780 0 5 0
839352751 0 11 0
350269580 0 9 0
429232944 0 1 0
12959322 0 4 0
215214599 0 2 0
283670938 0 1 0
311406587 0 5 0
128595524 0 1 0
669843367 0 15 0
306970513 0 8 0
29631037 0 4 0
238344453 0 4 0
9008205 0 3 0
16338261 0 18 0
61517169 0 3 0
223888685 0 12 0
91767699 0 1 0
29844322 0 4 0
151664000 0 4 0
137082544 0 14 0
268638 0 1 0
125422211 0 3 0
36340065 0 16 0
49780227 0 4 0
2223012 0 3 0
390530848 0 1 0
114804593 0 3 0
269587481 0 16 0
190008730 0 12 0
141185600 0 3 0
150188236 0 4 0
246055867 0 11 0
55834592 0 2 0
786133102 0 3 0
348972682 0 10 0
136112312 0 4 0
145017184 0 29 0
36381864 0 12 0
474090144 0 1 0
462643268 0 1 0
202291520 0 1 0
414844525 0 7 0
215620534 0 1 0
263320202 0 1 0
328687135 0 9 0
34994 0 1 0
6026881 0 2 0
689016304 0 1 0
577851296 0 1 0
296337291 0 10 0
14289366 0 9 0
486335192 0 7 0
33057766 0 4 0
267578498 0 1 0
110978876 0 1 0
99043773 0 1 0
42133071 0 13 0
178083650 0 11 0
148355482 0 1 0
17265879 0 9 0
17718846 0 11 0
149676378 0 30 0
271024626 0 1 0
39049339 0 28 0
327908785 0 31 0
283045387 0 1 0
86406517 0 2 0
348680006 0 5 0
299482596 0 1 0
97780090 0 9 0
156685651 0 1 0
101613166 0 1 0
29608987 0 1 0
493635543 0 9 0
36991931 0 4 0
688673807 0 1 0
181834917 0 24 0
90317864 0 7 0
203259044 0 7 0
119082757 0 1 0
99400599 0 1 0
252589487 0 8 0
62274504 0 8 0
171540928 0 4 0
95919211 0 10 0
215434009 0 6 0
93920184 0 22 0
114541724 0 9 0
77947763 0 3 0
70001932 0 4 0
3141905 0 1 0
782508271 0 12 0
103854231 0 18 0
371121802 0 7 0
10580588 0 7 0
139587297 0 18 0
896158745 0 12 0
103477131 0 9 0
85882303 0 5 0
219945907 0 24 0
366100556 0 5 0
46360675 0 9 0
174041953 0 1 0
73354387 0 19 0
192593158 0 20 0
38749299 0 21 0
128619432 0 17 0
43809121 0 20 0
7003681 0 1 0
230671697 0 2 0
17523 0 6 0
14678869 0 2 0
23485403 0 9 0
178034990 0 1 0
14047865 0 7 0
54195499 0 6 0
90936989 0 1 0
258189005 0 11 0
102208293 0 5 0
103820394 0 13 0
41900115 0 1 0
144936558 0 10 0
146357489 0 5 0
60949056 0 1 0
136071062 0 6 0
43680347 0 9 0
98951539 0 3 0
304764866 0 9 0
142879556 0 1 0
70281318 0 1 0
285721004 0 17 0
459644743 0 1 0
246816976 0 5 0
118371573 0 1 0
44506422 0 14 0
101504664 0 8 0
103438586 0 17 0
324279973 0 11 0
593646572 0 5 0
529547105 0 15 0
584822254 0 28 0
122575604 0 14 0
286786671 0 16 0
10998592 0 1 0
215960803 0 27 0
47665492 0 16 0
2051328 0 12 0
740913 0 17 0
83121332 0 11 0
30149374 0 3 0
120281821 0 25 0
527302683 0 8 0
303868072 0 1 0
1247641 0 1 0
776540730 0 17 0
289373823 0 1 0
72094026 0 1 0
285757898 0 23 0
671544245 0 1 0
202688082 0 4 0
37355277 0 3 0
674848861 0 5 0
249816957 0 1 0
128617976 0 15 0
78075860 0 1 0
453516194 0 4 0
108356859 0 12 0
176197291 0 7 0
201930910 0 1 0
588006506 0 5 0
774886554 0 4 0
21314244 0 1 0
131461766 0 14 0
52436447 0 15 0
119083838 0 8 0
16500872 0 3 0
600429541 0 23 0
91254919 0 9 0
248929702 0 2 0
124384256 0 9 0
20379569 0 13 0
41719578 0 1 0
80059475 0 2 0
142883096 0 6 0
14903466 0 1 0
158839728 0 7 0
16314797 0 9 0
190246052 0 9 0
107635658 0 16 0
57144933 0 8 0
66316983 0 1 0
150571093 0 1 0
67111994 0 4 0
47155494 0 4 0
152242131 0 1 0
224287842 0 1 0
41819936 0 1 0
720685771 0 16 0
116222799 0 8 0
30920219 0 7 0
58867986 0 10 0
868666874 0 16 0
175322856 0 1 0
13147015 0 11 0
740680245 0 1 0
18529335 0 1 0
160196781 0 1 0
113075736 0 16 0
112414973 0 1 0
188997420 0 10 0
550235996 0 9 0
156587273 0 8 0
179989265 0 10 0
429282351 0 6 0
12434915 0 8 0
26626842 0 2 0
12441417 0 14 0
33050035 0 15 0
214758710 0 15 0
92174841 0 1 0
211939090 0 1 0
2849950 0 1 0
262663183 0 21 0
223361558 0 16 0
22429291 0 7 0
106144881 0 14 0
557013102 0 20 0
435235755 0 1 0
340336523 0 7 0
227530244 0 8 0
247909170 0 2 0
768176707 0 10 0
94578211 0 1 0
10464145 0 1 0
358131789 0 22 0
255688395 0 6 0
68037408 0 4 0
66753449 0 4 0
611806165 0 5 0
383924605 0 20 0
737999049 0 1 0
501495607 0 23 0
291734041 0 6 0
216618125 0 18 0
342981516 0 1 0
340963465 0 11 0
256231954 0 20 0
81226417 0 8 0
190896714 0 21 0
93499405 0 23 0
33223839 0 2 0
79576489 0 2 0
48093395 0 13 0
7436751 0 1 0
5912895 0 14 0
157006426 0 7 0
278918262 0 18 0
237918841 0 2 0
569772539 0 18 0
25130378 0 1 0
666702538 0 10 0
97682432 0 6 0
260136210 0 9 0
23697998 0 4 0
53128292 0 9 0
44335472 0 9 0
312843863 0 27 0
461582512 0 1 0
262060303 0 1 0
25259944 0 2 0
262640859 0 30 0
53439250 0 1 0
326934062 0 1 0
121705334 0 15 0
872217543 0 23 0
122552192 0 12 0
793929558 0 1 0
64524732 0 1 0
808031469 0 1 0
657438656 0 28 0
240608030 0 9 0
7206103 0 1 0
21531840 0 11 0
402070039 0 18 0
352952416 0 1 0
435544537 0 9 0
430187715 0 1 0
118033121 0 1 0
494576691 0 19 0
420871978 0 21 0
107656619 0 31 0
168992500 0 1 0
10253206 0 4 0
26525880 0 16 0
241242913 0 1 0
752608068 0 1 0
284376186 0 1 0
50777532 0 14 0
91161294 0 20 0
247741215 0 9 0
223402566 0 1 0
66738004 0 6 0
337038095 0 1 0
754662655 0 8 0
338835103 0 10 0
18605411 0 11 0
35325663 0 1 0
262835476 0 25 0
199295339 0 1 0
99771767 0 8 0
214511703 0 9 0
296704779 0 8 0
623575341 0 5 0
93730710 0 3 0
296127660 0 1 0
13957885 0 4 0
59585715 0 11 0
123055428 0 16 0
281241515 0 1 0
238224085 0 1 0
666956490 0 12 0
415071180 0 11 0
13808924 0 1 0
198809169 0 6 0
339807727 0 7 0
110870204 0 5 0
250801034 0 7 0
368293914 0 1 0
138734819 0 4 0
216739587 0 1 0
389940628 0 3 0
67407522 0 28 0
334496287 0 28 0
342128999 0 13 0
17414772 0 19 0
147288010 0 31 0
1917705 0 1 0
42027184 0 1 0
433709229 0 16 0
3715999 0 29 0
13997886 0 13 0
19247121 0 15 0
784195596 0 5 0
176348666 0 13 0
9151098 0 20 0
8505197 0 20 0
13547588 0 14 0
19646879 0 12 0
734258863 0 1 0
56191176 0 16 0
74719843 0 22 0
407641074 0 1 0
55149184 0 9 0
611697736 0 21 0
847212306 0 5 0
241945987 0 13 0
363481973 0 31 0
858273101 0 1 0
495889168 0 1 0
37711598 0 3 0
372863265 0 11 0
145101215 0 11 0
362794579 0 20 0
16777531 0 1 0
149169022 0 11 0
863518523 0 2 0
386118266 0 5 0
205624189 0 1 0
293956283 0 7 0
129583251 0 1 0
88013421 0 20 0
233707643 0 14 0
222325923 0 9 0
27320174 0 2 0
160486444 0 1 0
340214361 0 6 0
266388029 0 25 0
242166468 0 3 0
277328948 0 1 0
154425757 0 9 0
171675153 0 7 0
125247468 0 1 0
84897201 0 8 0
246163872 0 10 0
164496713 0 8 0
152853512 0 1 0
207268484 0 3 0
259798831 0 29 0
192361480 0 9 0
254052538 0 20 0
215899888 0 5 0
20926394 0 12 0
23854713 0 7 0
283005719 0 13 0
147586151 0 1 0
126155916 0 1 0
61444724 0 1 0
387808474 0 6 0
5406552 0 9 0
405721719 0 11 0
242761271 0 1 0
93571180 0 1 0
255411170 0 1 0
362104855 0 1 0
249354307 0 7 0
292204715 0 6 0
40557272 0 1 0
111372745 0 13 0
173026362 0 5 0
694680393 0 1 0
93704165 0 29 0
177140695 0 3 0
155308821 0 6 0
47602127 0 4 0
44224128 0 18 0
30433280 0 1 0
229121936 0 4 0
81316957 0 8 0
24075284 0 6 0
551653589 0 8 0
146792910 0 9 0
201813941 0 14 0
571402285 0 13 0
200095094 0 14 0
264326965 0 1 0
46840302 0 10 0
518840052 0 19 0
106088176 0 1 0
639243 0 8 0
168124433 0 23 0
39649767 0 1 0
113645303 0 16 0
90161382 0 12 0
57520056 0 15 0
596499014 0 4 0
18020218 0 2 0
73443983 0 29 0
553326199 0 4 0
107085068 0 7 0
153625861 0 24 0
178397621 0 4 0
502899055 0 20 0
7521766 0 5 0
157551466 0 27 0
80175574 0 20 0
676575418 0 1 0
148765906 0 1 0
216558152 0 1 0
282934975 0 1 0
233227719 0 13 0
213035906 0 1 0
386330885 0 10 0
600959427 0 8 0
85124574 0 4 0
106225953 0 27 0
92672583 0 1 0
704225619 0 1 0
130792650 0 1 0
134647212 0 13 0
349910888 0 9 0
218628328 0 1 0
494600193 0 1 0
108072655 0 1 0
16678146 0 1 0
65899850 0 18 0
342574679 0 6 0
211646319 0 13 0
320469093 0 12 0
102107912 0 5 0
161113327 0 1 0
13728117 0 3 0
406093737 0 2 0
919906995 0 1 0
220279407 0 1 0
10545861 0 5 0
322748855 0 1 0
150981014 0 4 0
47860398 0 5 0
420855555 0 5 0
152724073 0 1 0
292304387 0 5 0
912431973 0 3 0
119739484 0 1 0
157868828 0 8 0
236027117 0 6 0
33193721 0 25 0
816718658 0 9 0
194298978 0 7 0
547794840 0 1 0
232090567 0 3 0
124668749 0 3 0
159971331 0 1 0
310717502 0 2 0
37161224 0 2 0
111740115 0 11 0
143255628 0 7 0
34145692 0 4 0
78272901 0 2 0
501640005 0 6 0
244545682 0 9 0
219262220 0 2 0
245357344 0 1 0
396322054 0 20 0
136998847 0 11 0
415626904 0 1 0
150860509 0 1 0
436103769 0 1 0
99701614 0 13 0
168142955 0 11 0
735220332 0 10 0
200954131 0 1 0
147620518 0 1 0
330338350 0 1 0
19480577 0 2 0
168007565 0 6 0
360399997 0 5 0
95143918 0 19 0
207944450 0 9 0
25160408 0 15 0
464723776 0 20 0
704236237 0 18 0
12378910 0 4 0
116060484 0 1 0
16596302 0 15 0
160070036 0 8 0
496453474 0 1 0
286852656 0 15 0
181217320 0 12 0
209977813 0 4 0
167167026 0 5 0
236138520 0 10 0
133829439 0 9 0
285981888 0 14 0
234209827 0 1 0
64166881 0 1 0
305757426 0 3 0
395302335 0 3 0
13516493 0 2 0
693915580 0 10 0
223396187 0 1 0
173897807 0 1 0
7542858 0 1 0
417738881 0 1 0
28253495 0 1 0
339276903 0 1 0
141953973 0 1 0
476034822 0 19 0
597679543 0 1 0
151391285 0 31 0
579998624 0 2 0
141174387 0 1 0
45119973 0 11 0
33888024 0 30 0
146914332 0 14 0
298498204 0 28 0
189825915 0 8 0
26810815 0 22 0
220573224 0 1 0
593515308 0 21 0
248940459 0 4 0
1056271 0 2 0
47452932 0 14 0
124251649 0 5 0
223791369 0 9 0
194293185 0 4 0
762459951 0 1 0
28611321 0 19 0
60399783 0 3 0
12304475 0 5 0
341913185 0 1 0
453050280 0 1 0
187311808 0 1 0
414339291 0 1 0
436229083 0 20 0
71400090 0 13 0
171437152 0 19 0
719076201 0 10 0
41647795 0 1 0
211426515 0 17 0
467174717 0 1 0
158173650 0 16 0
135972915 0 15 0
87650890 0 1 0
2330981 0 6 0
44992531 0 9 0
19468207 0 3 0
41380423 0 1 0
63355411 0 31 0
113986021 0 29 0
749111879 0 1 0
123349871 0 8 0
225015617 0 1 0
509134446 0 1 0
809212084 0 8 0
309690776 0 1 0
42176970 0 1 0
252172107 0 2 0
13342419 0 1 0
538844020 0 20 0
48781416 0 8 0
677645012 0 3 0
68109992 0 1 0
256783014 0 8 0
1820323 0 20 0
2615722 0 5 0
12900727 0 3 0
425913179 0 1 0
149707285 0 12 0
105345203 0 13 0
57341746 0 4 0
17209921 0 17 0
334238724 0 1 0
134690877 0 6 0
238426650 0 19 0
121720288 0 1 0
182651327 0 16 0
243778134 0 19 0
291623031 0 10 0
82133912 0 6 0
298070162 0 1 0
180098256 0 3 0
22937851 0 1 0
213641775 0 1 0
247466032 0 11 0
70305836 0 2 0
332453003 0 18 0
199135279 0 5 0
62677103 0 8 0
14807403 0 16 0
38548293 0 1 0
78420467 0 1 0
227019586 0 13 0
58218780 0 2 0
13126843 0 18 0
66267236 0 24 0
484267706 0 3 0
23069377 0 18 0
194449785 0 1 0
219687709 0 20 0
311154236 0 29 0
30301389 0 11 0
159089872 0 28 0
406964017 0 8 0
421721095 0 12 0
194525115 0 13 0
62824532 0 8 0
484008208 0 1 0
83583417 0 5 0
5455539 0 1 0
63987028 0 1 0
218287321 0 1 0
120769250 0 4 0
93502909 0 14 0
6977222 0 11 0
298686286 0 1 0
363000252 0 4 0
326650999 0 7 0
408363363 0 3 0
193692343 0 10 0
62728070 0 1 0
424270874 0 5 0
234430617 0 4 0
150201670 0 1 0
96348811 0 5 0
130494432 0 1 0
72078144 0 1 0
78878395 0 1 0
79295800 0 3 0
275260974 0 1 0
156340850 0 10 0
296594826 0 5 0
32590541 0 1 0
189295310 0 9 0
250840734 0 1 0
495522188 0 5 0
8196009 0 22 0
10190373 0 10 0
123768894 0 8 0
129519804 0 1 0
100092043 0 3 0
93087862 0 1 0
374783146 0 14 0
360862657 0 11 0
387073704 0 2 0
308021600 0 9 0
876494223 0 3 0
106280365 0 17 0
368018270 0 15 0
145726301 0 1 0
164545013 0 19 0
79108303 0 1 0
358345010 0 1 0
80363957 0 1 0
183422329 0 7 0
313101593 0 3 0
185823358 0 10 0
197723123 0 9 0
9662128 0 1 0
500902279 0 1 0
24603443 0 8 0
98203358 0 7 0
59939304 0 5 0
279187724 0 20 0
327002621 0 7 0
754273466 0 1 0
75478759 0 1 0
312231759 0 7 0
104522365 0 1 0
261343761 0 12 0
36461433 0 1 0
362601850 0 15 0
8544951 0 8 0
177007573 0 8 0
148353124 0 8 0
905078400 0 9 0
188665243 0 1 0
80601297 0 22 0
203249442 0 1 0
108129629 0 1 0
34528437 0 1 0
449852896 0 1 0
26102274 0 20 0
654603700 0 7 0
558459115 0 8 0
165684759 0 1 0
84944370 0 2 0
3418478 0 5 0
435691348 0 1 0
18251400 0 13 0
115839758 0 1 0
582510914 0 1 0
156141528 0 15 0
49779337 0 12 0
26536651 0 16 0
2724283 0 9 0
136831962 0 3 0
136180336 0 1 0
13111339 0 17 0
260713683 0 2 0
541031099 0 11 0
132904056 0 1 0
292856014 0 6 0
120527715 0 1 0
293617199 0 1 0
121927891 0 3 0
46126396 0 8 0
101180004 0 1 0
80503848 0 19 0
125904096 0 10 0
621585275 0 29 0
6039985 0 5 0
462719189 0 10 0
222481400 0 1 0
43385997 0 1 0
53483926 0 4 0
135373722 0 8 0
398084144 0 17 0
13324595 0 20 0
55891109 0 21 0
159486553 0 1 0
888310103 0 26 0
124871662 0 12 0
244239992 0 1 0
588741381 0 2 0
193643321 0 4 0
101687790 0 1 0
53772295 0 2 0
234448459 0 26 0
325895368 0 5 0
291796282 0 10 0
62318040 0 11 0
447366670 0 21 0
306721059 0 21 0
35287715 0 1 0
428690730 0 3 0
240657225 0 1 0
157061812 0 1 0
50097202 0 1 0
388107512 0 19 0
382137079 0 28 0
115383855 0 7 0
15616016 0 2 0
288456972 0 16 0
798742493 0 3 0
188426658 0 3 0
235917857 0 6 0
5409984 0 2 0
140259006 0 2 0
509215199 0 1 0
461747983 0 10 0
63989596 0 24 0
246948693 0 1 0
232463610 0 18 0
94634241 0 1 0
160088873 0 1 0
124473876 0 7 0
124121722 0 1 0
504441307 0 1 0
355117870 0 9 0
33807637 0 22 0
44584901 0 7 0
30918853 0 1 0
172460069 0 8 0
42855745 0 4 0
542870310 0 9 0
61883392 0 7 0
293947173 0 8 0
395478565 0 11 0
473163422 0 8 0
413144781 0 1 0
830961028 0 1 0
89447866 0 1 0
300850086 0 5 0
29170756 0 1 0
140151200 0 17 0
188889237 0 17 0
54159405 0 12 0
342326105 0 16 0
219943640 0 1 0
123783405 0 10 0
103827273 0 1 0
4502062 0 1 0
33936993 0 26 0
195321955 0 10 0
347590405 0 1 0
187879161 0 17 0
138731604 0 12 0
67027188 0 7 0
30839117 0 1 0
151015577 0 16 0
363293201 0 15 0
61613761 0 1 0
87816120 0 7 0
723325958 0 3 0
33743187 0 1 0
11207501 0 1 0
74877872 0 9 0
195774717 0 1 0
806141813 0 1 0
76895074 0 2 0
144461892 0 18 0
600063861 0 6 0
182682483 0 15 0
150602543 0 1 0
417735492 0 7 0
328991547 0 24 0
23513028 0 6 0
1530373 0 10 0
507187087 0 1 0
233148074 0 3 0
52821720 0 21 0
279412850 0 11 0
53203320 0 21 0
18829988 0 1 0
940
244
18
45
646
378
257
297
831
235
693
215
652
877
494
762
221
179
939
770
620
409
852
138
309
524
715
55
703
31
540
922
602
512
624
539
643
705
542
648
471
753
75
402
347
442
414
544
663
504
478
341
49
788
329
750
607
249
116
281
810
558
985
461
825
361
673
301
205
129
716
709
8
791
173
644
507
12
492
633
191
749
583
974
890
681
562
982
760
689
892
700
520
666
199
56
40
670
679
177
615
962
121
586
29
358
99
773
578
907
588
366
610
518
363
581
876
430
283
178
97
969
459
915
510
17
23
158
202
841
747
765
923
51
566
979
319
704
617
565
645
185
266
285
418
277
83
893
195
812
260
87
955
316
155
808
721
262
446
437
848
727
38
958
506
821
88
58
59
106
334
864
687
149
382
917
891
768
265
911
456
92
220
487
991
0
742
242
222
289
501
70
331
314
381
394
941
333
139
632
34
714
767
921
305
903
270
62
152
882
697
809
349
450
871
54
616
637
269
160
980
380
870
80
634
674
213
832
5
711
224
743
375
627
115
233
408
851
803
701
410
740
508
395
467
772
782
192
42
131
147
348
447
830
481
176
571
517
912
28
46
580
374
944
441
763
965
829
814
52
776
519
523
601
996
4
267
261
997
86
252
165
469
454
936
662
197
392
636
948
850
766
833
144
667
836
426
904
677
595
845
330
377
63
140
529
756
977
816
826
854
811
214
804
858
96
564
888
873
391
761
503
764
561
728
415
971
530
653
954
720
68
141
862
93
81
868
1
790
351
702
206
849
180
898
226
137
350
552
20
284
57
453
327
132
290
468
818
389
550
71
683
320
477
838
193
509
499
910
232
388
346
990
253
66
464
122
2
209
795
65
789
992
787
618
304
236
970
103
271
64
496
692
85
497
33
896
978
984
369
843
183
717
649
895
26
376
352
543
466
713
597
41
707
190
568
710
664
533
856
19
545
124
961
223
439
951
127
367
883
143
860
959
74
622
869
240
53
631
899
307
819
344
398
312
94
909
857
525
465
698
362
960
211
737
135
591
560
118
336
949
434
337
24
748
365
306
695
930
228
396
619
159
76
483
455
189
303
775
217
964
733
989
731
897
239
708
889
274
182
431
880
947
511
651
321
805
866
660
630
706
685
694
142
659
672
732
968
163
60
119
820
800
900
259
299
498
403
665
486
723
527
3
107
994
161
587
188
794
324
502
296
338
435
886
373
567
774
364
678
938
682
684
918
867
963
449
744
421
998
72
793
48
806
926
110
722
548
181
443
154
835
280
799
279
655
824
444
547
935
196
640
885
865
16
37
661
730
372
658
778
79
599
102
357
505
405
412
551
120
608
73
198
295
82
255
966
463
623
246
126
584
323
758
164
777
237
416
359
779
130
554
146
473
248
489
905
171
145
84
647
934
360
472
275
384
686
332
563
440
427
166
801
393
77
592
927
157
104
813
906
785
575
35
754
114
973
671
738
846
322
642
635
457
326
827
712
153
725
881
208
626
987
929
243
780
263
9
383
432
258
908
186
757
438
386
572
225
611
355
541
676
170
999
67
528
784
310
247
603
420
292
328
878
983
553
582
390
462
7
401
356
729
370
451
516
25
406
13
654
485
345
251
287
902
353
590
771
859
111
726
802
30
817
901
719
317
521
100
212
27
101
531
569
606
47
148
556
493
219
218
133
769
641
534
739
570
657
422
755
128
234
874
638
276
792
484
339
109
335
943
194
913
168
837
250
340
945
924
325
452
872
22
428
781
264
656
282
293
470
972
786
675
522
863
204
368
229
230
268
746
596
919
847
460
967
90
691
488
98
751
538
156
254
621
423
513
741
134
514
555
976
184
278
203
61
50
424
650
413
680
735
839
272
43
108
745
227
136
975
112
612
425
475
557
397
311
988
736
942
400
625
300
419
491
823
526
861
117
628
150
593
429
342
690
887
807
318
417
796
986
574
200
834
1000
916
559
576
759
815
91
956
256
822
613
479
842
946
495
238
6
286
884
385
436
482
476
600
95
354
89
21
668
928
187
291
404
273
174
925
480
957
78
995
594
589
724
298
537
894
585
123
474
313
546
718
981
609
797
914
579
302
699
798
933
201
920
688
669
433
411
448
11
125
210
167
151
536
315
231
458
696
783
598
734
993
549
10
288
175
604
853
614
379
855
844
294
953
490
69
752
875
32
14
407
932
39
172
573
36
445
952
371
515
605
629
343
535
245
207
577
639
308
105
216
828
532
879
169
387
44
931
241
937
15
500
113
162
950
840
