1000 10 1000
371297930 2589514 38 5
457327315 44327896 453 5
346702241 103735489 115 1
347857720 406985951 1056 2
115956187 65182030 1855 6
531421894 88186156 628 4
264072642 146446376 1002 4
14124511 60216573 2117 3
126965238 456172543 1641 3
624802669 50866892 374 3
207266830 122670591 686 1
71765570 2239349 558 1
80392670 240694469 1567 6
224293540 4333386 12 1
449621106 284445905 1415 4
86686680 532644263 3630 4
533672095 428058921 1370 3
851457787 1042284 133 4
426531193 22026338 171 4
519783318 6348352 289 6
136220492 446513036 1117 2
639790543 134716762 685 4
304915506 311860581 2008 6
545777538 12992042 109 6
205320145 169704875 1143 4
164124130 176742286 4065 5
184371178 177743514 1016 3
370596522 143132306 347 1
49684906 232003212 2015 4
157325445 72119 555 3
314310511 14681220 2934 5
247639814 85779177 1215 6
169985 114214751 3653 4
585777602 47468400 186 3
192284324 435454177 2018 3
208067413 458538310 1854 4
164383416 20668773 58 2
292794566 107192408 873 4
279639624 72757239 719 3
211061810 537047411 3397 5
380708966 26170609 363 1
197833105 352904308 1345 2
28468253 395753483 1565 2
280758349 97859715 551 2
197796535 128687002 3056 4
950137588 7260962 158 5
3911038 107153073 405 1
74897946 157854328 3781 5
608802351 154617793 1538 6
105318363 83038893 3554 4
1251747 493851319 1966 2
49192866 95326606 799 5
56065217 331794342 2297 6
402958266 51793400 282 2
53757228 76951699 913 1
194909529 515032661 3726 6
252068002 31386880 2059 5
451611726 49262658 1967 5
41143202 220550264 1174 4
122261855 176547680 2385 4
85919627 628952927 1572 2
146934053 303878348 3424 5
147409400 328559384 1366 2
295709932 181317978 225 1
30784662 346672173 4544 5
639098586 5248084 62 6
115651980 15203334 267 6
139518515 147328290 454 2
260546692 703427226 4303 6
334773270 337437216 2615 4
316769390 143141608 658 4
784721612 65480504 1095 5
131516941 64940087 1229 2
77952300 65798316 1763 2
713776654 175106487 259 1
308227621 12191283 1057 2
125994805 206343417 2557 3
48491369 414941937 3074 4
375830911 130541544 448 3
694802500 109740351 482 2
23527543 211209983 4711 5
8912275 78296862 3726 4
499437255 271125544 1392 3
58536275 94260251 2719 6
717415847 921984 160 6
44298680 607127846 4429 5
203926105 198511536 1804 3
363945843 256940008 847 2
262176703 135528532 597 3
22123454 78774680 829 1
18787531 160912302 3888 4
48444938 57117701 502 2
184020141 18930217 494 4
87263489 546224896 1770 2
68566046 11749872 279 2
81827982 761445444 1758 2
2541244 65194322 3863 4
289541016 483389515 2431 5
436489651 207508736 243 1
169109320 143500941 309 2
353198526 8155027 674 5
270504227 142619615 2117 4
493039117 28303075 1844 4
197309131 79393365 1325 3
20843994 466028480 482 1
229102868 385130836 1940 5
5785404 8054634 149 6
317088839 222880963 2002 4
402486553 23370618 963 2
49120137 665410691 3597 4
217902995 283316729 3661 5
82559605 695504991 3146 4
71394344 131644590 2078 4
244216708 105642570 1878 5
344066349 74136644 956 3
249508868 7179019 42 5
32638507 30249243 1941 2
125853182 229114521 1567 2
461157946 51262378 363 1
191583237 134528830 2270 3
255754321 75587007 264 3
275587029 9623590 802 4
206042724 310083404 4241 6
7908297 6531502 268 1
35587315 404424713 2848 3
310010776 116418024 2316 6
4091237 444159096 1689 2
308469895 47757419 238 3
848282571 24176829 175 2
124830087 304978921 2362 4
349720531 76568552 461 2
92244836 17258677 99 3
119242941 391945750 811 2
76911006 264783081 1509 2
27397170 100787371 5745 6
258592944 118572809 3069 5
84315744 57688101 1182 5
87470890 165561682 252 1
98271071 170563135 1817 5
42598413 837671154 3807 4
22549573 146932820 319 2
336265594 38683523 1519 3
18957905 288519223 1831 5
94644058 116656222 2953 4
296170907 120912042 1934 5
3926005 422054699 587 1
39720167 880064787 3764 4
53742212 149739089 930 1
102549076 1195328 40 1
287974178 391324472 3242 5
400054147 27467755 341 1
27498878 812576522 4368 5
60971393 194976414 5458 6
13659184 824774815 1749 2
836958530 32680881 147 4
156883874 36451614 423 2
8450887 3730935 19 3
758158478 225575727 251 1
390742195 425846631 2151 5
87454952 396037318 861 1
183584652 72027744 1715 6
266666672 288652314 3220 6
244919435 376807378 2489 4
89722016 311775110 1628 3
106199436 189828295 793 1
21560806 324661889 1712 2
62364098 267866677 3132 4
92232408 337784961 2702 3
89891978 276351775 3593 4
160082780 805954268 1629 2
598625896 75413620 466 5
6003520 438048338 873 1
15583717 909249211 958 1
93997026 165573119 2466 3
4631448 303173163 5898 6
743493544 31077690 1548 6
114966652 331556795 1925 3
288529640 431044759 4096 6
153722473 74979847 836 2
189035015 184907933 1255 2
210883832 95483441 1533 2
15175888 372927607 2945 3
296304101 43137553 739 2
472520485 100762995 907 2
232580393 37978360 804 2
229964730 332004033 704 2
309120541 269988765 945 3
147898033 89751605 1074 5
184564277 34636366 1900 6
355380379 224531765 301 1
212150664 94395696 363 2
152381424 629643646 679 1
4844034 155372346 1117 2
19938512 177095641 2826 5
34617882 683752296 959 1
4800776 111371759 148 1
25318765 648205857 1968 2
106051592 450378900 3549 4
148715669 141448872 2871 5
305669782 415673805 1292 2
19222139 489007613 521 1
12594818 330675384 859 2
63775212 58796034 665 5
681040027 51152324 218 1
135957624 368295286 2386 4
526466953 42677181 55 1
263692402 128831834 1596 6
730622064 52547819 705 6
259135242 133112233 1330 4
182299213 92990538 3185 6
550273152 210210236 1594 4
426078258 239560093 2591 6
169554047 237398656 3169 4
90439095 163340109 619 1
85150355 332419969 5398 6
138588164 72687405 582 1
142650413 53947973 1675 2
455271123 250672772 2249 6
24315653 172392092 652 3
85968244 3341957 81 6
504712967 225796808 1558 6
353424674 170340787 929 3
467595369 336007498 784 2
1675064 423528395 923 1
16856447 159246314 5055 6
546529388 45006040 336 2
37474617 637696004 1542 2
42056890 377433331 2353 4
802961822 52989935 303 2
227742051 173161317 1062 2
443171036 13224823 61 3
2066814 293558706 2009 2
50355731 857009590 1859 2
391113558 15883297 156 1
241251173 405615621 2669 5
258823330 314750364 2805 6
1573249 14913744 2865 3
292554090 110038677 446 3
96077413 126772531 735 4
592421421 76498540 179 1
135089962 25160834 3461 5
282444162 299992598 2863 6
50576596 148577132 327 2
136467857 96344674 3610 6
724717782 94238783 198 2
73277038 156440985 992 2
257141613 39122448 338 6
75807848 181541180 3174 4
36938654 68070219 1353 5
40127376 29802474 185 2
61272543 317424191 2109 3
82187203 92245281 891 1
185380 936035492 992 1
83052170 43781420 3459 6
135857366 664540588 2455 3
99274398 161028904 867 1
595905052 98357894 253 2
338628361 9342895 276 1
378436163 128245393 462 2
76541161 266390700 4786 6
272343071 531118482 3661 5
62461247 82320104 534 6
29480860 613275850 4261 5
251809218 166917624 556 1
233018865 432117017 709 1
58342176 447732286 3329 4
471280319 10391560 53 1
27320181 695440901 1825 2
382153110 397448977 2465 4
378531 409492884 970 1
14400854 22313452 3262 4
176241138 11494594 1301 5
214099169 29347853 206 1
867178165 21520461 80 1
129056426 98442879 720 1
432675488 22259680 115 4
294661420 574820531 3520 6
357753034 108437010 2537 6
47181281 259466103 4467 5
111818970 332434674 1267 2
226361157 304081009 2277 5
171507636 34458437 474 2
4167826 763770925 4841 6
223184642 72141252 2183 4
341236726 252818048 3273 6
430630366 113220209 510 4
516595387 68322714 691 2
63302885 112068054 4500 5
181212816 95524616 2429 3
575452800 34354669 639 5
101986164 347221673 2566 4
741424907 97470027 572 3
684039444 52998153 513 3
2332256 592366785 2495 3
34401838 741839167 2844 3
69634268 281475990 1539 2
384063816 221393248 2035 5
372325298 49103580 1020 2
680422504 34334936 915 6
99749733 612154086 3300 4
22957902 140646463 665 1
79647958 372132570 571 1
133410060 49702064 4099 5
65158690 287781253 2356 3
130812060 190206163 1666 4
517977038 25878229 345 4
59697759 591284983 1432 2
61257667 227850878 476 2
120677967 71250615 1667 6
240103231 385727800 1486 3
295885238 149442129 658 2
108199264 125711190 4903 6
88415434 348845776 2082 3
166658925 44801638 661 5
120792393 79728618 1066 2
58822680 432321584 453 1
689362725 92586888 646 6
84975256 34973447 2353 3
102497611 231211963 2848 5
125656166 111971025 446 3
36009099 113790393 1046 6
324739 1753917 11 1
329013857 55904630 811 3
21446799 483979654 1955 2
157359678 57208682 1504 2
90990121 31554362 301 3
639220769 11078246 887 3
194695456 356333423 2587 4
16116936 871799871 947 1
29052088 737118978 4686 5
54314502 357408980 1866 4
137677077 66594460 167 1
46522361 237534528 2680 4
77753159 48859913 5386 6
156444381 210070966 4133 5
229864503 275070428 3011 4
15137340 648922747 722 1
76023372 85446890 4774 6
125101803 162614257 3402 5
167928935 514295187 1541 2
309327890 322889737 513 1
114495438 281529517 1725 2
10883190 238959724 1408 3
18831618 166450432 2059 3
796556000 52938992 204 4
89472327 382901449 2679 5
137284300 4826234 3470 5
43195478 583637572 2014 3
84314407 20549789 1918 3
42620223 31223981 1219 6
567799399 210687962 918 3
595060677 150668129 1694 6
103800949 228596016 1706 6
221382877 533395638 589 1
233916498 49496952 834 3
33122092 468161202 955 1
466903773 243161101 2565 6
129383090 702747058 3767 5
761079446 3184287 231 6
243840481 28020527 1019 5
269413888 12054230 1468 4
851079645 100208587 615 6
135413339 482083817 4365 6
53744159 206215839 2542 4
22563008 436146750 802 1
125323884 57457605 3482 4
97217362 1207797 1914 6
15062713 347695744 3737 4
102726376 219926754 900 1
166857548 99086616 637 6
53185197 468492864 2806 3
42333797 80105764 538 6
127743698 2271293 10 1
60507773 224862794 1199 4
540557632 19493352 72 1
40235363 7883076 736 3
290190554 46682187 1561 3
7404750 51063069 2396 6
180109400 497050861 1981 3
309203586 215117052 2456 5
50426336 11221119 19 1
184090111 537160685 3643 6
126629175 197665778 1050 5
251868189 387208773 1248 2
432726137 237932985 2772 5
209482150 486179096 2035 3
410286363 128262244 860 2
131275549 94027405 206 2
136599887 70918101 1959 4
328503422 347955552 1099 2
8177219 578775053 5793 6
20759634 424271257 1179 2
146552725 674177668 2092 3
109127446 48490613 204 1
347318362 75216802 227 2
64926967 276067204 2713 3
134394232 264988898 1116 2
355434838 599653468 3101 5
769667461 143228875 968 5
78307465 602615705 3644 5
220417682 322418041 4106 6
765573499 93676767 806 6
344984735 233399110 1565 5
145879312 118620424 2624 6
59990702 107155554 518 1
169054184 137820744 987 2
25089031 81481516 2893 3
289056116 157714147 1656 4
493369547 107668640 436 1
125665371 479964807 2869 5
315485422 49609637 381 4
181258575 377586475 1771 3
431202228 58184678 320 5
373476851 17615517 244 3
441976469 48816391 1598 4
17826529 320454740 892 1
251607751 128502789 657 2
263687353 314185911 2991 5
47504398 474538388 890 1
133372985 133038184 5010 6
129341216 276381076 385 1
159707297 56877638 509 5
189695579 88114905 1809 5
95205067 175933466 1434 6
323432948 300635778 2692 6
48568751 160111324 2222 3
9545200 23278715 934 1
319046510 21142723 584 1
263798145 184130745 555 1
937608 395351383 4995 5
4866161 843304829 1925 2
29090395 201441158 429 1
59956387 1495952 1768 2
88957075 92379335 1678 2
634647376 8260012 145 1
288757192 114459076 2091 3
405911170 485413402 519 1
217770551 137817042 1340 5
410362035 260253325 1466 5
622834732 61960786 163 1
579710250 312786709 1022 3
108525457 172126508 1952 6
8003066 75498722 4942 5
107716579 90914264 927 6
184613042 218444615 1048 4
163702413 218894029 2471 3
562449070 24168260 552 3
22908863 81808260 4680 5
315169844 77896442 434 1
189785562 490131716 2074 4
182344523 191378305 1212 4
154094493 108565746 314 1
473375768 356594220 2598 5
54920812 495027352 1811 2
14876267 922731585 1958 2
415779961 171505285 1975 5
610230683 59502351 603 3
399489811 77828451 554 2
342638573 414072376 2233 5
10355984 760673201 3044 4
341946197 58756007 303 1
36519640 604377268 1881 3
1337543 901514303 940 1
251042781 195638213 1455 2
12392540 283558431 583 1
143335498 828491455 4175 5
92909420 83346844 508 6
69705948 255360554 1850 6
165082246 240912786 727 1
98908881 25045719 1906 3
4931261 382666974 1900 2
209576687 26881601 2002 3
177735510 95905186 661 5
1860201 265457822 4167 6
849342075 19060541 215 5
337271849 274719443 497 1
279571842 292053179 1908 5
66928217 393318354 3323 6
541175425 160231723 715 2
64792707 686082656 875 1
103452253 415294202 3618 5
115422333 462829988 2168 4
176431267 294487030 980 3
19353413 560004341 5139 6
75163820 86580525 512 5
436633125 13063620 1007 2
42854766 332064343 2500 5
88213058 174033582 4744 6
93983092 134213752 1302 3
26525123 49752487 1453 3
230263643 272857219 4028 6
238273423 262914853 1202 2
203525719 368446093 497 1
598260937 112391393 1183 5
42641785 412542135 4589 5
115905928 263345112 611 1
391023247 279858808 2457 4
224293941 469625761 1220 2
669004021 875576 129 4
16847965 5437765 909 1
46807122 117927300 955 1
326839958 159592667 3108 6
871052814 24793411 97 2
144800492 306952867 1140 3
45606788 338913795 4570 5
24190205 400550377 2747 3
4896753 913279803 2821 3
184101881 20535316 184 5
645976767 38347584 297 3
94380093 561575996 3102 4
302732919 59672453 454 1
147670242 279628422 1510 2
262446554 22741506 162 4
5079867 232838982 2886 3
104724971 446977706 3448 5
559008529 296147080 1885 5
691570182 61591644 333 4
89214904 169567181 1689 4
104413784 58358008 106 1
149381027 667319739 2134 3
56340045 41764394 74 1
597049101 229130290 795 2
352035749 374280122 3214 5
463231373 262323955 1619 5
167996936 186447122 222 1
123949770 60704719 1675 2
691838296 208754863 1248 5
91295850 127726627 1005 3
262236100 267612690 1765 3
48146261 740644139 756 1
40679680 207747362 2102 3
445235059 63611861 185 1
60585 152202678 3984 4
105806736 723515929 4653 6
149262113 500797813 1025 2
547747862 31924745 189 5
368040104 73446651 2516 6
610690493 219075777 1126 5
82725516 139273778 904 6
627399405 38190505 113 1
18143380 125873225 4258 5
18678139 28201202 1736 2
299449862 394108036 1989 4
34388323 3265403 136 1
8010762 230048239 5986 6
2695275 78453670 1938 3
642322402 47479406 250 2
446135665 501320192 3293 6
102228039 128311778 774 1
28184109 178251497 2896 4
387499799 12028081 288 1
488569996 84417992 680 6
614798425 1838747 296 1
281588866 8054715 307 4
53915866 19966502 158 4
151402012 282754874 2673 6
173564103 91599990 2077 3
127225302 14854024 704 3
889007549 25725796 311 4
155978381 52049011 1618 3
8027327 497341927 3532 5
38102548 329073160 624 1
72070835 212169881 332 1
356433900 49262106 165 1
264101994 3556837 294 1
3575776 142538957 1995 2
137042377 31574873 1053 4
236208707 89359206 1319 2
469529866 144922585 693 3
386178216 67243756 410 1
28396166 2302237 37 2
34480198 372958195 1418 2
238666803 254857561 2938 4
200197131 121467379 399 1
44896403 150174448 1145 3
345211120 116760022 1476 5
18958418 12620981 579 2
418600407 387225989 485 1
408219438 362187012 3386 6
73951610 767012059 3412 4
159998273 482990677 3007 5
530380005 152671697 1385 4
76542707 321860416 595 1
132993041 100448310 3650 6
326829482 538147014 1118 2
615738487 268558792 1441 4
230935168 20705495 814 5
348577704 160685435 3151 6
116656228 201436740 291 1
10247232 10807034 2177 4
330614259 263064175 1277 2
262081884 685772727 1394 2
141753306 288902074 786 2
2381511 615768550 4656 6
13762213 828585106 964 1
117699645 113607103 367 2
167660002 118379856 249 2
264886004 267581566 933 2
35385740 443925288 574 1
61602367 789021870 3246 4
188265574 68737243 604 3
74102016 473337385 2252 3
16900520 351775013 1059 2
99191059 653799104 2649 3
204036874 13352683 691 3
73070 119848699 3956 4
784104909 69918465 346 3
292489471 124712809 1420 3
208983185 137408481 421 1
75829739 504486439 558 1
55185618 85425033 4019 5
179127104 121267468 193 1
121532875 70600360 4943 6
24614114 612613606 906 1
153489772 56308347 367 3
302579792 588377920 1974 3
24126890 124367516 2929 3
477707224 41854861 210 3
239066030 249674075 545 2
49447884 299301656 3154 6
556738437 98346430 1364 6
78628418 221535581 3198 4
75173606 156647788 1721 5
439730453 59525024 698 4
17978162 64298562 972 3
350836995 211146680 1216 2
145674088 192013909 3820 6
430416132 244785957 2194 4
110259989 191426291 215 1
576907579 5125387 111 6
518830740 398921705 1878 4
53522270 6277443 331 6
121871590 27003105 1457 4
59379439 411797070 5576 6
461262462 38408233 156 3
206571025 145422504 2219 5
534931631 39605707 362 6
99191509 109083869 3400 4
51951767 303733612 328 1
253715692 114838264 1285 3
151426087 279434395 2240 6
88813573 642604172 742 1
31002162 187882323 350 1
2099654 608453393 797 1
77542150 556823313 1837 2
448048422 419665697 2725 6
116095254 342146373 3568 6
982585906 9324012 16 1
2287885 832680727 882 1
327035440 208601674 451 2
556636885 74329495 1279 5
516448755 202415965 1372 3
371150288 342937094 2146 4
250884260 444811720 4281 6
201421959 164157838 735 2
121322504 526523261 3314 4
194690541 263893618 2323 3
8359602 613186911 1634 2
43565423 358667837 3666 4
240705899 32702360 1747 4
409525163 123473082 1409 5
125977370 119413498 4633 6
105159768 283913162 4417 6
3694586 705349403 4932 5
133993278 385591346 1538 2
700654973 35562922 1119 4
252744046 653261778 2671 4
115729776 82922600 4225 5
61472214 162318911 1993 3
86602965 51035069 1206 4
73179620 277327384 2699 6
29080701 55560662 2525 6
73918643 397501772 1819 3
103141903 720904314 2630 3
66977408 396787624 1276 2
26145332 965044983 5819 6
70748461 63935317 1720 2
88549265 115160403 813 1
33029530 440922614 1163 2
33337589 779475786 1915 2
315116363 146863189 439 2
239838509 9524844 3384 5
365665617 4068194 89 4
73260110 197965430 4299 5
501553088 62780921 1333 3
217690778 105073084 946 2
403257081 7648048 962 2
288451759 181693161 727 2
115711217 380171505 2510 5
781805565 24778091 239 2
23007472 297924155 1093 2
339320669 88920348 117 1
27375715 52342363 2967 4
105481976 100731422 2532 3
45077529 483560537 2255 4
192776370 7587117 689 2
90868760 243269849 4283 6
42795931 147474090 1221 4
227000189 118103858 1220 2
11415778 247890908 4490 5
150054305 234552555 1904 4
10511894 26263165 4593 6
333741513 68660238 829 2
515140901 107698110 547 3
237766023 253724302 3066 6
707230342 88203872 885 4
172530341 90513184 291 3
381021879 409632837 480 1
585325287 44693427 157 1
280016657 98690724 3368 5
214278357 224611439 283 1
422954745 155662549 2059 5
355080397 71755072 1132 3
307057206 200685766 1599 5
54567390 71644878 2006 3
58671722 16463998 120 3
202958272 108839902 2975 4
111411609 266497664 3612 5
244540253 285430497 4566 6
82183339 30183793 1463 5
287284821 352263642 3078 5
892249930 36969360 325 4
259808666 135706469 1696 4
20697491 527520168 5775 6
333718796 165610197 961 5
9343008 294717436 2554 5
586477300 6089829 697 5
16935427 394426299 2702 3
19660224 402249343 2901 6
306864920 206792614 1789 4
512258540 112533654 180 1
349084868 13426406 66 2
279754645 149044972 674 2
141363379 437794427 2180 3
46793982 171334325 1501 3
72196934 246273845 2773 4
227336343 32858203 3669 5
104303343 312712999 2352 4
336356019 209235753 1526 5
487272335 56234050 942 2
308325420 52179737 306 4
424362281 56376118 179 3
923199439 19748627 214 3
584142104 119912527 612 5
539682730 85133685 351 1
25656443 137245620 837 1
125337303 343322624 720 2
30141153 64431953 1653 3
59002718 208363662 2575 5
121829260 361576346 960 2
113741223 71767997 4325 5
140719309 738261064 858 1
10824383 262717672 3818 4
59065231 6306338 423 3
209903920 210709714 1060 3
71798032 4489653 16 3
107776596 224045600 3388 6
215276601 111068391 737 1
656073715 20065256 207 3
197125155 15297171 3146 5
27896243 24329789 1333 3
266694933 185714838 1033 5
267669799 419595689 2697 5
250749283 438215573 1901 3
64067548 37006469 561 6
216869858 32393665 228 5
48262443 368830179 3435 6
65532158 176328699 814 4
52913010 528909302 4005 5
498280422 150288044 589 3
273118228 2087314 1213 3
543306469 406569718 2502 6
1629543 39145953 4991 6
875564085 27135353 312 4
50720897 698874018 3460 4
133688940 88328806 1605 4
501086 730902491 1965 2
43122937 722888355 3452 4
32457005 154320476 4331 5
12527547 262913370 4093 6
454126521 56736523 313 1
530811011 154180101 335 2
188890531 330750383 741 1
268749107 369461964 604 1
339885071 609619150 3274 5
43235294 715239306 2808 3
46924021 530929785 5580 6
26948819 713201657 975 1
90141758 278071990 2331 5
23440634 430512112 3659 4
2070838 682123351 5959 6
41817342 805797904 2823 3
868763509 16554589 230 3
8556054 442153019 3778 4
174027595 224932033 837 2
22954004 10920951 302 2
29293360 622385992 4597 5
129615331 226642896 3899 5
97262043 29828411 246 3
29021998 394592875 1927 3
276608057 3075039 813 3
12586926 85844658 1982 2
317694241 258093982 3880 6
125640952 802047924 2461 3
2015298 101888939 2704 4
297194986 166098734 1292 2
288619131 7296677 24 1
5953173 638394089 3436 4
228199406 57165422 1412 3
7879790 1083485 3889 4
168302655 150381292 797 1
119470135 395058806 1620 3
153047851 143639686 280 1
228288428 75136987 677 2
722036196 2137684 1310 5
40293571 393720773 2516 3
86148080 813242038 5344 6
90395118 112809685 3798 5
44308871 123281261 1752 2
630446572 294703138 1614 5
44297438 622674939 1864 2
23948603 477207093 887 1
2731574 160767299 626 1
369891653 267805908 361 1
194299040 95912495 657 4
143076887 183466762 851 1
40778357 37744685 727 5
55336163 740547926 4941 6
518678438 31667831 130 2
48204902 128505248 3385 6
305735904 176796257 2521 4
7135264 121927210 1988 2
706372922 53164564 991 4
227330741 383353198 1056 2
53754463 239283944 1357 3
5427030 98277458 990 1
216314123 167946057 1879 3
152006681 308583037 1489 2
522325745 172918503 569 3
564438425 85691539 260 2
111545089 773155301 3093 4
155473278 52089967 132 1
85735700 169159139 5212 6
372993721 48700024 697 6
4805892 57392422 341 5
386882757 327906260 1453 4
18466104 66321255 2312 6
615767757 183739097 1792 6
198870794 1014211 37 6
78429597 409509841 807 1
120660248 486710592 1596 2
66305130 243799666 334 1
21265400 385013044 1579 3
331117079 458087243 2924 5
326532988 194943283 1329 2
132960450 48001294 356 2
13672950 185334864 751 1
125277096 78982975 1040 2
19626235 705304554 976 1
86971177 544442039 5182 6
7665758 79406563 3935 5
187576777 84304059 585 3
4671971 513372278 4952 5
108798039 777134 18 2
143863722 72705088 4141 6
157670084 360038056 518 1
22775152 82167827 212 1
263075492 46974732 3244 5
388802433 175545056 399 1
220073251 121215552 1415 3
616177849 68111094 122 1
156417659 369665276 2756 5
179239242 404569870 2009 4
32190727 20881662 2431 6
129305207 26214001 793 4
77180865 188074045 1024 4
63536747 62283231 399 3
174870149 593044639 3210 4
600561900 222730735 1656 5
843630 860337675 4021 4
24769282 778082469 3257 4
153913766 105336264 508 1
46305596 115920273 603 2
184783804 759215495 2288 3
126646218 73316187 219 1
3774055 167554939 3998 4
33334729 122045489 3734 4
242373864 208136859 3583 6
4372392 258405815 1811 4
92153561 133232792 525 2
40934184 143314420 2885 6
202102284 16326030 56 2
12690468 10309892 897 1
8586107 655623997 5569 6
336138289 31551544 1297 3
29910876 726415894 2932 3
596481792 237304829 375 1
168436515 27226016 238 4
216851422 628360146 3741 5
288133099 25212916 615 6
373725639 273214 234 3
13009342 75751221 2627 3
162883198 312665909 1958 3
76917700 741207142 932 1
58545486 144244031 435 1
169391661 216510805 2349 6
292317792 25994499 337 1
30133676 312948443 453 1
256162115 156830999 805 2
163337558 162606081 1579 2
58006742 788429742 2786 3
112094181 116559157 3937 6
77018347 107952737 1834 2
374604491 27464558 304 1
257425126 209702959 1439 2
347174439 39210598 308 6
276188356 339373902 1928 3
319984075 154235689 1194 6
940877712 2543366 34 3
125661092 453462959 2116 3
281608495 137123136 2525 6
286607621 467082182 2429 4
226264788 556233600 714 1
12920494 863259643 3911 4
189785906 626072621 3239 4
85994556 8589305 755 3
373409422 328939562 738 2
6071972 49460082 3437 5
220720633 320690348 2278 4
213610163 238880298 707 1
470522447 127625881 370 2
6678494 36365468 1952 2
66584482 77340314 1760 2
691458754 56277898 72 1
101917541 535136949 1468 2
143769819 265808967 3002 4
23953671 231695808 2453 5
289002943 246387473 1044 3
113779903 287772001 2410 3
177034735 362376693 3934 6
634429997 33780105 1048 6
162907942 154523167 350 2
405310294 58078725 1513 4
573133919 234700901 1217 4
179869158 562165969 3499 5
168725015 534601322 1401 2
99859984 673749956 3371 4
482828382 201782827 1401 5
128200012 139833414 1742 4
346931956 11299342 2289 6
43580278 932753232 5767 6
419268694 38574957 422 6
65964318 16578905 588 3
833091863 34785916 886 6
307997574 4682028 236 6
156663556 322208301 2347 6
242584119 24724748 63 1
820877337 1670447 150 6
368056647 155753101 1845 5
210250270 71567112 607 2
434298958 11233612 2126 6
334077975 58626677 970 2
71255438 9120644 73 3
30623937 284144064 670 2
291602535 179981862 1248 2
213730197 583100000 2965 4
656716558 31248734 224 1
630964359 13977167 699 5
58586288 675703279 4876 6
33838994 501723378 2591 4
60870841 345684762 4203 5
184587733 121608387 815 1
282573358 99724293 258 1
693964656 54309509 1297 6
60117026 442640266 1479 2
47016885 376699826 2295 4
551261243 522004 21 5
340343165 451891072 666 1
159679765 66890380 1189 4
415528817 88701494 111 1
180063524 6115521 4023 5
28522863 548446232 2836 3
19355346 740166983 4722 5
292164947 435232892 2304 5
279579542 458705835 1314 2
715561929 27837102 1470 6
148367344 180056535 741 2
163413287 5654944 552 3
295795532 89383155 1381 2
79874360 564337010 2869 4
8372137 671093218 4546 6
40582181 45320860 4377 5
32264213 100930230 114 1
801163578 46208305 132 2
146429304 36479485 1493 2
294454473 513419198 1776 3
5497923 301072869 922 1
47764831 239251566 2297 4
123007433 680200109 2378 3
262213742 4328922 244 1
661
745
936
25
419
868
760
808
436
252
148
341
646
631
921
687
747
757
463
130
493
666
553
257
424
782
472
861
226
439
94
679
247
762
9
127
980
139
293
486
647
812
464
589
895
737
740
134
502
68
731
453
554
617
265
241
972
537
442
287
6
376
873
228
194
42
962
15
111
919
106
235
440
654
827
583
361
547
720
533
628
613
171
27
876
61
166
619
349
645
323
209
55
268
92
484
371
656
375
343
136
13
217
785
841
517
248
532
203
774
431
820
422
56
977
389
515
37
289
434
159
38
336
877
93
842
952
24
865
976
712
965
742
658
357
41
381
722
29
565
713
822
946
243
286
738
755
526
65
332
862
444
115
800
416
386
291
131
470
220
132
188
592
458
729
28
807
405
629
325
316
948
967
75
864
12
280
456
170
87
271
74
239
108
396
428
530
860
383
624
723
400
305
433
992
31
660
104
253
574
906
346
162
514
180
787
482
321
648
124
670
996
167
263
227
30
491
156
282
523
437
659
398
45
595
120
369
370
415
898
706
929
596
329
677
82
272
36
711
195
764
790
91
79
232
158
446
721
295
292
44
884
274
306
826
528
319
184
701
394
372
703
911
665
365
714
750
913
212
678
590
585
638
882
611
2
536
943
103
519
348
531
925
267
566
845
579
786
473
529
14
792
569
116
831
802
145
780
362
242
244
630
233
770
98
581
420
789
411
945
174
753
614
52
568
338
474
881
497
310
152
923
60
832
671
183
606
718
908
213
448
356
326
501
275
963
668
920
1000
96
577
858
5
562
250
527
211
347
367
374
32
50
804
294
161
918
549
155
719
110
328
811
933
143
355
88
544
754
796
10
930
125
303
277
640
548
223
505
649
924
598
813
917
230
360
114
641
315
587
520
410
524
603
801
229
717
829
200
281
378
83
117
899
582
67
707
584
915
758
350
986
269
984
618
19
928
260
462
793
693
892
888
542
173
84
285
487
931
71
818
759
686
22
344
995
644
73
695
215
118
600
623
620
772
853
164
210
301
165
337
988
276
445
756
763
622
495
109
477
667
599
199
479
997
510
966
541
63
778
35
397
556
202
392
144
284
454
784
949
973
119
955
314
46
508
724
481
80
715
113
169
593
809
339
33
857
179
503
840
546
735
48
204
839
483
299
142
777
926
608
869
342
102
851
513
685
49
791
621
475
455
843
662
403
950
991
351
981
506
907
904
259
34
140
412
318
221
872
941
304
53
469
775
51
330
716
944
426
278
697
844
172
99
66
961
154
494
597
153
567
322
425
983
225
216
555
391
817
815
927
485
151
902
457
488
8
112
308
897
726
604
769
776
354
16
689
922
399
208
468
133
534
690
539
191
423
57
296
258
795
550
767
511
273
887
672
863
957
626
518
783
663
64
768
43
871
345
69
639
290
373
728
601
591
889
478
935
249
413
702
798
609
652
380
994
989
382
393
766
219
90
214
320
825
70
368
885
507
331
122
837
72
588
816
900
765
821
236
552
390
309
359
193
810
95
982
732
18
727
990
850
669
207
395
317
414
449
849
406
688
563
540
749
856
185
571
81
560
627
823
752
773
246
653
761
847
461
59
504
891
968
218
985
657
903
206
633
190
298
205
47
691
867
3
875
4
450
557
313
417
610
838
492
402
700
870
535
894
147
500
879
447
163
189
77
521
874
960
692
266
441
279
23
498
245
970
459
694
819
650
240
854
681
358
20
954
788
909
748
616
910
969
182
86
509
674
886
135
126
890
138
675
635
833
987
739
942
100
466
974
893
709
896
779
353
123
352
522
594
696
859
471
538
1
168
128
682
39
912
409
181
575
438
771
58
806
334
288
797
76
846
129
634
264
559
953
224
636
525
324
905
602
496
335
198
89
971
733
160
364
975
746
730
607
78
934
901
451
175
916
866
7
17
684
637
680
176
327
255
683
201
101
741
307
432
401
54
751
551
430
564
283
107
238
708
855
956
580
62
743
489
146
625
979
605
572
959
222
187
655
632
178
40
612
150
836
0
799
408
704
586
366
848
878
545
664
932
196
429
673
26
824
499
512
543
558
642
21
651
192
978
460
261
480
561
803
698
121
999
97
643
914
137
710
964
85
814
404
781
197
490
385
937
421
297
467
251
951
852
149
880
379
237
234
883
407
744
734
270
834
993
254
725
141
736
388
435
805
676
387
377
256
516
443
794
186
311
576
465
939
573
105
340
427
300
830
615
947
958
835
699
578
384
302
418
940
333
177
938
452
998
705
157
231
363
312
11
828
262
570
