1000 10 4
250594901 214585365 24 4
139512286 218395154 16 5
11346740 396799183 8 2
106988334 354932449 11 4
147559632 182030639 9 6
46125802 258811686 26 5
15955541 23582097 3 6
191415555 119648890 31 6
460291442 660422480 10 4
433277674 97690056 8 4
375073615 560822761 16 2
263491833 415896574 4 4
585362974 474423118 12 4
370397639 63701371 19 5
251936049 350447764 21 6
138437132 188630925 4 2
478668917 251429610 20 4
360043286 314445642 13 5
51863955 32699965 15 2
128407582 47840195 27 3
569344424 185137430 10 5
177914173 120955296 13 2
405182164 179368306 16 3
588357366 180937296 23 5
165848319 346435451 3 1
485347584 576352233 18 5
180889988 201699158 10 1
1152119 159437446 10 1
877429912 969225299 27 6
2043195 1361166 11 1
74899586 31203669 8 2
424852285 270689736 17 5
443098126 465803906 10 1
372013934 99201699 21 4
497465936 106253278 7 6
187206791 242549973 19 3
163150334 139377131 19 6
342690209 231100968 11 4
464594744 616040958 27 4
117592047 44141680 1 3
4472994 9337354 8 3
86354103 173417327 19 3
778277511 284006312 5 2
176120745 152148722 21 6
18003799 23945886 21 4
320184607 44036899 19 5
277301083 232257259 23 6
416589947 193281183 2 5
295044980 525919411 8 1
279080272 96270328 14 5
224552163 181914774 12 4
155350834 152733827 6 3
120858867 111799978 30 5
230902021 153114480 7 5
87781283 102848131 13 1
132401722 414024603 12 2
494788873 160308778 6 2
436622746 297020077 1 3
146479958 49894815 24 6
61516545 235999896 32 4
265676951 190418955 20 4
729433833 188563929 8 1
108196343 120827438 17 1
442429382 120211604 6 5
265996 161296261 8 6
21011198 176920690 17 3
153200760 205724412 2 1
308713940 752072445 3 4
290441129 12703227 8 4
96545057 41620928 20 4
366938473 137189208 34 5
289088671 506505721 13 3
525082895 313220125 7 1
427518651 299034534 26 4
87844480 80390513 9 3
409872879 431555390 21 4
718499164 712941866 33 6
411249978 93815092 11 1
220498450 179296622 13 4
92628936 635428239 8 3
2591215 14940967 16 2
195367665 582284778 25 4
115718717 215807907 8 2
143272651 190069732 1 5
47385571 6817763 11 3
773806645 743077417 16 4
185377824 166753040 16 5
128406457 736234526 11 2
154487265 48992493 29 4
81478466 1235639 32 6
626388345 224815422 7 1
122302247 115909336 23 5
214752198 236165890 23 4
64254430 164663462 13 5
39228783 201339341 8 3
82002012 115783909 24 6
709256211 5472453 12 6
534034293 509358028 6 1
296902376 807923869 15 3
15948382 18252335 1 2
107592443 58782477 12 6
267452566 32113051 10 3
180909234 228077255 14 3
95319348 103301606 4 4
228174632 147155704 8 1
499546123 127606038 9 3
461326544 114237344 2 3
651599320 539509996 13 3
824333074 89121955 10 3
73279748 347899730 2 5
55918343 6100949 8 2
34361377 22221879 4 6
165740802 267358602 6 1
135212229 460648127 6 6
13729110 16011433 14 3
61502298 74021380 14 2
297754438 710499070 30 6
339612677 411690743 12 2
63362918 63334894 7 3
785736660 104721677 29 5
2647589 2678536 17 4
47371697 48033787 19 4
85452597 133541065 8 1
15352748 13162175 5 1
14430127 406103647 7 1
32992135 159031155 26 4
493198680 3330021 7 2
271449575 86720343 33 6
6129028 8036286 10 1
290442468 307114490 9 2
666301972 81020621 7 2
114934085 82633141 7 2
114780521 381971148 32 6
2493961 36850571 20 5
349367833 103213149 21 3
43217768 327593165 28 5
202945550 51481479 8 3
43703856 37913770 8 1
490231232 36386840 22 6
163331444 94167045 25 6
23259104 53099521 13 1
169984680 151458896 1 3
60640717 9133858 17 2
18043498 216311551 5 1
324453897 158729456 25 4
412341576 287571150 10 2
734696757 182491529 18 2
156395085 396197173 14 2
271335748 398074359 14 6
339160149 192798573 8 6
302003730 560214178 12 5
422768147 463654745 9 2
88961903 248148360 23 3
38556069 168964371 7 6
52330267 259348615 16 3
108406621 160630766 21 3
689566080 283383741 24 5
83467824 60755921 2 2
210054550 241066340 9 5
728832840 626473460 26 6
157472469 32112633 9 1
6931052 23759670 29 5
97435819 7106338 27 6
235530204 226135675 8 3
67181122 123468870 10 4
275581696 285353284 27 3
498472831 443129303 3 1
149227724 618899431 18 5
488647974 83529749 17 3
52861817 289447650 17 2
188998663 338713613 18 5
209699655 824698171 13 5
37755844 264277501 10 3
20388728 24443413 11 1
126006471 35846422 14 5
128940641 97574942 12 5
55651776 352548747 5 1
2021499 11833523 24 2
141580310 28080285 37 5
188325670 105436473 15 3
66397445 921122184 8 3
138565965 18929545 17 2
954733096 34612743 3 4
559172315 480320565 24 4
265147778 235137298 13 5
10999315 169538466 7 3
12254728 82741130 10 1
25950539 40442054 13 2
296380288 60902766 9 4
529290383 215770503 9 5
405359040 325092248 20 3
10428157 165057226 17 3
36493054 135902674 46 6
34097908 109563266 8 1
1636719 5650098 11 2
276012526 18059461 2 5
426093143 154423054 2 1
135515490 314893122 7 3
72736408 43435621 34 6
34402073 105105227 19 3
128334242 195792496 45 6
65484800 455189755 10 1
124530508 197107816 11 4
119079414 222398472 28 6
112937179 207606858 40 6
287799355 272426597 29 5
160229930 91662197 7 1
286752913 97720771 2 6
93172151 51136886 42 5
342381192 811430199 3 1
74178658 75212363 4 2
147420575 628051610 9 2
201580196 397055180 14 2
43422754 26918606 10 2
126758714 152327159 22 6
127289359 3649958 15 3
13878731 81900203 14 2
105336803 197319640 25 4
13367695 96248140 2 5
755801645 82757207 14 3
303207509 343238814 5 3
493332725 113448511 10 1
349840264 80548676 10 6
536559119 246438566 3 3
43615617 63582582 9 1
135918677 62257463 15 6
185138367 84647633 20 4
209390542 269307668 9 5
601156436 84556032 11 2
76728560 40291986 10 6
102668450 202573396 9 3
164811456 150668738 12 3
81094679 281006294 26 4
200119028 216316415 19 5
75397517 305533640 12 4
263286335 286585824 11 4
14539681 124887734 25 5
790953854 84866135 17 4
357081453 484093039 8 5
162705420 76872670 18 4
175652663 141251054 1 2
297530573 73301563 8 1
224962499 78644044 22 3
10112143 34558796 25 5
158964780 392387089 14 1
370966236 337678107 10 6
148903740 112132996 32 6
55227725 72025980 2 1
194175533 104189349 8 1
309679002 105377388 4 3
144645044 247939033 11 1
15085456 161625981 11 2
182712029 143835070 13 3
10918996 13956209 3 4
291925745 387049480 10 2
124568048 157569600 13 4
29844835 163664915 13 6
238269126 441331849 13 1
448046953 709820886 22 4
153730589 8373417 1 4
242314006 87698655 8 4
47409831 42408427 22 6
157359468 230481059 16 6
216379115 75978726 4 1
586479385 301077295 14 3
9130555 107328895 10 3
131379521 649218199 13 4
311232021 41303584 6 1
63611770 45891993 14 4
555208936 259570483 7 6
577635345 158069994 7 6
137681873 227369997 2 3
662003530 643015976 8 5
2272808 402977709 13 5
480648050 752584636 10 5
24537912 359113864 11 1
689660566 165351079 20 4
375915642 267073910 10 4
108268737 11015493 6 2
13803098 16575987 23 4
4472923 26621602 4 4
16137401 245497371 1 2
55340554 180248977 9 2
893695341 2426736 9 2
205282938 138568552 17 2
46288705 39932611 29 5
92179559 96617200 7 1
107198776 5464702 27 6
225173338 291991796 33 6
41893 462410357 24 4
128123221 487839605 16 2
7843125 22876782 8 5
37671837 254227371 12 3
55922696 68988980 16 5
117681277 31324042 15 6
486013144 347771333 15 4
875749035 970063662 10 4
96932039 31678137 18 3
245515874 492129020 9 1
340168331 111358556 8 4
476273092 215294489 10 1
195418068 64952305 44 6
138425535 247940901 8 5
317270508 139361465 6 5
394743845 96317455 5 4
85696433 637644176 6 1
100137403 100447513 14 6
33207717 236100939 8 1
126505064 19678334 1 6
277964077 167241930 11 3
30535419 304796313 19 5
30059214 25631377 7 2
80493276 98289359 15 4
519275980 479594683 1 4
143160180 66274629 6 1
24096453 21711139 1 2
126219014 8273754 19 5
140558745 79817746 27 6
12964602 33939173 13 1
280977826 25332907 20 4
469603423 451368101 16 3
842570573 54005798 19 6
198853231 239227351 8 1
149355083 137379595 17 4
352593789 412065831 33 6
166931575 489186340 20 3
226052696 315912036 4 2
265204917 160093225 27 4
182075862 166953834 23 6
351112593 395214621 25 4
210155591 233127062 9 2
195634226 226967822 9 2
189179125 213609408 8 1
703435013 615106094 20 4
301009923 271175267 22 4
61791875 219764682 10 5
444647789 110040687 8 4
14829325 3039758 15 2
375041658 232681858 32 6
181695551 181673323 7 3
335006984 104606010 12 5
231335482 342584522 4 2
48150096 92410414 25 3
5002445 2975039 22 6
88818896 138551870 23 6
414552030 246443809 23 5
138993939 468826611 21 6
483372775 518422684 16 4
95994767 257164068 13 6
173715072 19564302 2 6
93468466 9546222 10 6
318371473 318031547 11 3
15859071 6374023 4 1
107034406 28442406 9 1
397485143 171389231 17 2
212509668 43559787 6 5
274872430 329628806 15 4
450730831 203789472 16 3
365168462 200905752 4 1
448152106 135914514 14 3
402474320 27278995 20 6
528211885 387919563 14 2
51505403 287689670 23 5
204825005 217954944 24 6
309546734 149321361 14 4
359930591 381578215 8 3
319622028 316510942 20 6
168063862 210025067 3 5
298508276 66815318 9 4
16554680 9493766 16 2
78729823 85859360 8 6
34297582 34165566 15 3
306376272 667512783 4 3
793591839 950074 9 3
5399451 5726107 31 3
17730928 97040504 18 6
116929891 95505372 13 6
10283394 36290472 24 5
249705366 488460398 7 1
5212784 459981538 22 5
158913503 43492712 17 4
38043343 2854256 36 4
199785808 440300851 1 4
205719227 342782897 14 1
39097278 153189067 45 5
470359253 311553044 7 6
181275709 106089224 7 6
627895770 738910024 12 1
13932876 43305822 15 1
69971599 94926513 27 4
221855462 295609018 7 5
72297953 4914186 25 6
383558963 556904649 7 2
80332634 313423847 33 6
209281212 363555876 12 5
162424075 2319876 8 3
349971439 17309095 12 2
1249201 516559513 15 5
171930220 157146849 11 1
17311539 117959312 6 2
15729991 13432762 21 4
166645221 342639485 2 4
338421682 492697 27 4
18543110 7993148 44 6
141454940 117989762 39 5
810492312 245399641 15 6
567532259 726106202 9 6
48238448 17363263 23 6
247016010 391211766 7 2
335744704 82803872 28 4
227343750 161728099 41 6
303326959 378099571 4 2
328490096 9110468 4 1
846537360 861787190 8 5
221826858 394384610 19 5
59088017 36701708 13 4
9897083 10461420 15 5
6595875 5910994 17 4
412005435 121128807 25 4
163073053 100985419 7 1
10031768 9719748 11 3
32216332 88635722 45 6
55836074 64875111 9 3
6278190 1274082 44 6
246834990 276381409 13 6
2724937 785858 25 3
117727626 176449141 11 1
17547188 134072522 17 3
47863051 26226350 20 3
246428268 355206107 22 5
18708735 73785968 24 6
223685261 10366262 9 2
233295930 761250831 18 6
31252449 546499169 16 4
278116966 831882543 23 5
18950941 89946448 15 6
17978401 41066165 5 1
89511938 36154072 11 1
305925812 540372896 9 1
189060750 220412249 9 3
276112907 184798036 21 6
689405677 375963133 10 5
32992617 13620783 3 2
225016867 72649748 2 1
92916987 646614227 6 1
205410535 371049385 12 3
229919517 18709816 3 1
21418433 63253942 27 5
52203212 554944033 25 4
196930590 255053417 32 4
33082470 152556024 3 2
30136771 2032270 14 1
10748587 61544543 17 5
18068791 340078395 9 1
102522717 324219994 12 3
25157521 137489838 10 1
396043513 477061843 5 4
849016138 178522829 9 4
37985374 187572580 15 2
21978015 15351386 39 5
187326466 473336098 8 2
350952185 13715178 27 5
344583291 8623401 19 3
110988265 505433738 17 2
1451625 21694975 5 3
194728826 138435027 2 1
562678962 551423081 9 5
159108910 128880476 6 2
261625628 639390878 16 6
103656169 306410263 8 3
8862060 59144960 2 1
166390925 23821908 22 3
788831112 237264600 15 3
610222837 181819651 17 4
374951154 22307860 26 4
388232684 7293998 10 1
15358069 4664467 5 1
14179740 266418569 8 1
92517730 42640509 14 2
790016229 757637719 22 5
14617486 113165866 35 4
88580448 33670396 5 5
835136581 688691289 23 6
71867884 25752688 21 3
259775047 169962936 7 2
260891474 119376851 16 5
241602697 80379163 13 5
189526854 29134036 11 3
6242680 35885994 13 2
194451335 208992507 9 4
339719011 465372653 20 4
38336555 107104016 22 2
175553310 184833239 10 1
172792583 21354598 13 1
202363711 535868146 6 1
304569382 17297220 5 1
52261107 17851437 23 3
19101257 72808176 18 3
287920719 709093953 7 5
15495454 41469279 9 2
40729279 19300774 5 2
511126055 96682547 16 6
14721315 93985972 5 1
315873419 60710528 5 4
158474944 380983631 13 3
774621328 386019824 4 5
19316102 8686260 2 6
721699962 542612073 8 1
9206101 133826547 29 3
211597867 3933828 7 3
22187017 71824403 2 4
652120779 299080412 18 3
325422994 266090553 1 1
255892135 111228124 9 3
160620116 363987021 8 1
32714576 255322656 1 1
127425843 69267634 12 1
279512113 303916261 11 4
256415595 893431 6 3
252174632 79386465 7 4
254254361 182201714 7 4
28057841 17919395 11 1
539540560 36967184 19 3
28029411 15909034 28 4
167004357 762297939 12 5
103530587 11715800 11 3
213607767 423091410 40 5
687931880 199028850 22 6
380906020 214956105 8 2
372504793 343415109 17 4
49541188 458560390 2 5
29151394 5413665 46 6
381097861 628397543 6 5
16361553 31920458 45 6
424464914 144753806 19 3
222174378 338923017 12 5
25586950 31980903 6 2
662096580 575229135 4 1
1459104 184913788 42 6
154599695 52162898 20 5
32261591 87497519 13 2
95598913 102728381 10 2
159940433 61183228 8 4
249411851 142965410 34 6
108929018 64818195 26 4
245816298 252151712 6 2
189451097 169242616 16 5
142861571 619464433 20 4
205315007 17216734 16 2
482858752 359143399 14 5
68808906 152659125 10 1
263728143 544763520 20 6
308668499 425589938 14 6
183573139 29890080 1 6
431719167 684963988 14 4
188002403 449172303 7 2
180874438 250296717 11 1
588229212 68199095 5 1
848434730 785892243 5 6
153089715 242488140 21 6
13444464 12640408 31 6
549225779 40524133 13 3
408809175 534230750 26 5
1588405 575865 18 2
192673835 606197081 24 6
661867476 635781329 11 6
210324295 61346436 39 6
311006770 489101666 6 5
39683127 14044527 12 4
447493228 371664050 30 6
588755889 262603185 14 5
12155045 20046623 13 4
76310103 190272476 20 4
182428580 191659160 8 3
570864565 526847378 10 1
399856406 62249775 29 6
174200159 45030373 13 5
291715205 389606807 12 1
134133431 284442327 11 1
19666943 70421945 12 3
555930194 770719885 12 5
49165787 29314076 27 3
365424213 524989082 14 2
280689986 65409832 5 1
92091364 395036278 11 2
45240830 56508222 14 6
28159565 246148706 21 2
417385090 18793921 7 5
284067323 128873220 6 4
51075034 111368142 28 3
58525559 46248534 4 1
455287677 154735940 11 1
207087434 339404073 19 5
267486734 347421382 5 2
263597888 158935388 13 6
135335033 128452790 13 6
93534223 233276375 25 4
82442549 99134572 14 3
103535869 8189727 21 5
249547680 96251726 13 4
422758312 428839565 21 5
48894981 8717420 25 6
91168592 173279550 8 1
40677737 125993584 15 4
196108995 91609862 22 3
254008320 96277276 5 1
335876879 919697889 10 3
299653245 479833997 7 2
634970133 299349273 14 5
840016064 882687766 10 6
5141683 9643816 48 6
111665251 74473585 12 1
186826884 31111614 8 4
473620692 177432971 3 3
116884490 97642114 38 6
91051901 218143587 9 2
294744835 363285825 8 4
357442208 661595504 14 2
101991069 294071594 9 6
317402123 295186810 31 6
231466497 139479830 4 3
15906326 3205768 4 3
351389965 125078051 10 3
42954935 97484530 31 5
209561875 229100585 18 2
252993849 230574000 3 1
56726870 251331499 42 6
11097757 898233313 14 2
97235659 156318114 25 6
205635722 176692494 11 1
110598758 34666069 3 2
502619293 239817260 13 4
200056046 48837552 5 2
231660883 233733421 3 1
45003253 221995919 19 6
321734156 322090576 26 4
74485377 684986322 3 2
101075058 305877987 16 2
2270761 1935632 37 6
99412296 320804275 5 2
61146193 265532547 4 1
81605148 739126 30 4
412756864 310724163 15 5
99555271 195681485 9 6
59398344 150807178 9 1
20624419 15814454 8 4
544704853 160886166 20 5
659951997 296041509 5 3
405075009 462086435 6 4
193131906 286192522 5 4
260198195 532958290 19 5
2620045 3909525 14 4
353670554 89120700 9 1
13772552 13041496 34 4
67321837 97910427 12 1
178074269 125866015 10 2
232497175 114164887 8 3
1293352 776383 6 1
282537115 302408564 28 5
137336452 242560289 14 6
3742455 37823233 6 2
307698210 229795117 39 6
468846396 6391459 16 4
71314487 152681303 8 3
162970818 57474197 13 2
28248308 171947219 5 4
20539043 14655508 6 3
536798108 536085744 15 6
273514046 301579605 8 1
157504868 126404777 21 5
605321721 755430775 3 1
189241927 38335760 25 4
64986720 457079067 11 3
45200531 99927850 15 2
213420123 87398625 9 3
72161021 612662823 26 4
97111969 281827648 17 2
23775279 45269932 6 3
197659181 241621237 9 2
52924503 217292665 5 2
450012059 707396144 16 4
260582420 496033851 8 3
268885702 281748148 25 3
117936100 131073981 9 1
228667637 236605654 5 4
161509829 284261842 22 3
28487385 20635449 12 3
145258330 308573058 15 1
53537426 82922403 21 6
120925631 41599055 7 4
86351513 59568459 28 4
480812524 64456299 9 3
249608002 284208047 15 4
93261560 45694528 11 1
92752790 87426952 8 3
212087854 51630020 23 3
134066217 94081095 12 2
606679151 121059583 13 3
586858964 204173636 14 3
623710592 289992726 33 6
792845298 849816315 10 4
145230696 319763146 6 5
146091399 33859672 17 4
113487736 137411594 24 4
305832678 473005180 27 5
91050683 454628420 13 4
210432715 276661658 15 6
13041528 7482210 15 1
351864781 308829534 3 1
47896164 53207007 24 3
181774064 147880853 30 5
279436505 184210104 6 1
490368168 114246962 20 3
126250903 147190421 11 5
364211979 692378701 6 4
17802675 18865144 13 1
334586064 278737024 12 2
28756721 94090050 36 6
187759125 314104710 5 4
4140262 279728211 11 1
83854157 81534775 13 1
263490344 272779459 7 2
24307396 150532830 6 3
26020040 45504775 16 5
303540527 349467370 18 4
66353949 319251818 14 2
105296288 439602108 11 2
114716768 53568582 10 1
471443982 749320027 13 3
101801521 14077026 13 5
140040024 495953288 7 4
36305775 172683006 12 3
173969996 190304977 12 5
269834939 373751248 4 5
143822780 31287180 27 6
494803919 80016542 14 1
101277603 37510305 16 5
225392534 261031417 13 2
296389886 10986058 5 3
224755389 494630519 13 4
81456757 222991940 26 6
163409901 438899992 8 2
51009360 141637388 16 3
170188682 233133904 7 3
195830938 145959694 9 1
45532980 93050445 8 6
367668998 160972561 10 1
102049396 11136604 11 2
56321915 224854289 16 6
215569789 196435133 26 5
6194203 8203725 18 3
131811080 770868134 14 2
405400189 170381811 9 4
620505831 866333708 20 4
128995028 84203763 7 2
242940809 49774201 4 1
191746477 266548689 4 3
287194781 250976317 7 2
60244444 14448903 16 5
186825286 229207765 21 3
2980204 337514307 22 4
278506350 258502867 1 6
69689723 93361598 12 2
226790753 138322782 2 6
86460683 591181147 10 5
64320192 302268129 2 1
221424137 119796287 6 3
550918019 628789626 2 6
566449571 47093002 14 2
478849101 366599167 4 6
447876685 196265199 7 1
7661154 91933167 12 4
485989794 369788101 28 5
43614232 40941204 13 1
631519333 122265286 11 5
155939511 86121196 32 6
5728685 307627096 11 1
66280690 652155586 32 6
809018129 237361412 12 2
19826661 95578255 7 1
597514930 120191277 9 3
372660887 165857007 15 3
486813706 22841223 22 4
238821548 52775553 10 2
154190694 103601427 16 3
257064360 179964092 26 6
42230910 68827519 40 6
8464477 31301435 40 6
162797985 167370461 8 5
89230999 207697934 34 6
899966136 15816108 12 2
204071278 256526510 17 5
142851805 716385664 28 6
49466774 3825105 12 1
280194630 566049428 19 3
256593694 353063392 24 6
174152223 225724132 8 3
72288096 41773502 18 3
330935636 204094790 18 4
68606954 60735455 9 1
184872633 221352043 17 4
709316153 58088298 18 4
76976366 202475208 33 4
394990390 411721203 7 1
431879584 88621096 17 4
2551631 223150141 38 4
147550710 170043365 16 2
128867626 96564222 18 5
48717739 22944801 22 5
87021338 65993486 8 4
476596617 109798526 12 2
501527666 116700503 8 1
163706800 628109401 17 4
565817788 202392861 7 6
34044583 387650062 18 3
62962648 222164878 17 2
344996019 948730215 9 5
12193608 29639349 18 3
367974505 794650752 11 2
614105575 163153734 2 3
69056588 212446538 20 6
139827183 7946501 32 4
452839641 164100952 12 3
513353274 32343696 12 4
657606977 48545178 3 5
181717194 3295425 20 4
13803724 347298560 34 6
235938439 180331668 11 2
250405334 93441105 19 5
152402124 10990709 46 6
13502207 43393924 7 1
95478217 729740337 1 4
120000333 135821921 5 3
73424642 105553105 10 2
128463919 116862847 19 5
122275849 71285944 12 4
113616054 155637863 6 1
77842653 225871426 20 5
26786602 188785442 17 6
147561829 28802897 19 3
426650888 344860683 7 1
41577899 6815278 12 6
452959228 475961652 13 1
635479283 454687253 6 5
589356133 811840215 16 3
216021864 111396994 5 1
365563582 389945856 23 6
79706138 261953589 16 2
34660594 4548883 13 2
518318290 480264871 19 5
254908789 619999366 5 1
183922491 112528052 17 3
231934076 104676336 26 4
88742523 62410950 16 3
134847093 681998338 12 1
246231746 175100189 26 6
27620052 46346328 3 1
680555334 868613966 15 4
282011739 171907761 18 3
322113863 210660215 5 5
134518127 177871417 4 3
194040216 91117122 30 5
239792587 310955676 12 4
44861049 138094101 11 2
468490986 402500317 19 4
45721858 331007694 9 1
47482242 87704482 7 1
201074851 169839609 9 6
88524071 99960113 22 3
752091213 674064513 18 5
254094230 226624478 10 2
346460530 67897963 13 5
37843236 127994696 18 4
501767937 276106877 14 2
186174100 322036498 9 4
203746617 60949336 10 4
135178772 177107526 17 1
13186171 109130 15 4
66003603 299736938 4 5
291014861 296343523 5 2
8878864 28154397 15 2
629098729 493842935 6 2
62316628 679101313 10 5
76714777 69298756 8 1
165256484 48962684 11 6
173666167 293907353 11 1
189383515 305457371 10 2
352467676 450903075 19 5
253145597 248028942 20 2
3846148 75878068 18 6
100191196 88459599 11 1
115589330 71087187 7 4
536568471 632938334 27 6
103971870 70045481 26 6
245756396 62298380 11 6
628588702 44516698 4 4
5423911 524784543 15 6
31218771 512625536 16 4
58072690 348323011 18 3
64794762 27710643 34 4
15581119 1478626 27 6
164360409 158286229 10 4
104422471 114695201 25 3
27452158 78896187 7 2
100679003 106448382 13 1
783336701 63703787 7 2
88460681 85278799 21 5
569158240 219795209 17 3
680768850 922702552 18 4
90159299 438020277 19 5
168282670 214287454 20 3
33949445 22690146 4 6
25530496 326341170 10 2
314133462 7080189 7 2
409034901 102073115 20 4
257681980 205654736 8 1
19388994 54812026 18 2
146622294 148692415 5 2
224297606 194397763 10 4
410764547 402567253 12 2
204627990 3689454 31 6
34960425 46991134 9 1
412437262 28251075 1 1
124841149 101449900 2 5
13163139 28237785 15 2
339476054 301619282 8 5
323614890 189955567 7 4
25001425 259949877 30 6
280204283 608433520 4 3
63623000 74633032 46 6
141081752 249160709 21 6
222536993 51994402 7 4
72310199 99492669 37 5
2102523 6942071 11 5
457689209 564001257 9 2
21573684 2484943 6 6
111254764 543204008 29 5
887794728 350536528 5 1
511241492 224450909 14 3
30943559 770997 10 5
320018994 539619962 9 2
17235615 56191517 14 2
104942052 560234200 8 3
775067272 788464587 13 2
548608956 114566156 17 4
117722048 816742017 29 5
7175135 3804079 7 2
371798171 165127365 9 1
223689148 114633055 2 2
622892132 736844782 17 4
149162971 49157144 36 4
103363353 84629314 10 1
362064114 56821435 5 2
176474930 337183918 4 6
505912811 542696551 8 1
71077276 11146074 14 2
10806808 12328417 16 1
458328976 458663810 15 2
45868299 384865366 1 5
381126985 327425650 25 5
54521778 100223610 16 3
484511369 486004544 9 2
295394904 2039386 6 4
71811084 282066820 8 4
97520987 867277073 14 6
38152510 50408234 44 6
354107538 82719602 9 2
553850912 879570612 33 6
69353710 17851247 16 3
239176706 763785666 27 6
146012755 39849672 30 4
62865996 183953061 20 6
106700367 175816976 23 4
10262873 319525775 22 4
332846371 339610349 15 2
103151493 75582716 16 2
266233526 277297223 17 3
97267879 114370306 12 5
158115384 146559333 6 2
3055747 10354538 5 4
300096936 330333294 16 3
76835012 96480114 11 2
34632279 181301711 8 6
62999516 125701501 22 4
1785977 6861006 11 1
430991925 647879268 33 6
65670604 826648749 14 3
173898045 163152971 7 6
50570401 54529796 15 2
520066960 564251692 7 5
88958516 104429181 5 1
90279878 22847382 10 4
676601588 177885231 17 3
69307823 377193391 5 3
270640550 53016700 6 5
247274415 124735679 14 5
95678346 27713134 28 6
82262483 348603100 10 2
38513439 263471599 6 5
184195051 188711911 12 2
3
4
0
1
