1000 10 3
675157042 12359813 25 5
277968875 533124187 8 1
332344484 123262373 10 5
687216434 5167563 16 4
21552233 789226486 39 6
93422582 175976216 9 4
51398430 169644805 9 2
221963828 108069551 12 4
164834987 220155752 17 4
215018780 44293304 7 5
433963179 51666148 11 5
514344715 12037779 8 6
56480890 31489739 14 4
153787722 184875488 8 6
379378431 13726066 10 4
32944912 449813923 28 3
245366277 34638186 25 4
64061780 8304278 20 5
3159347 929698584 9 1
192233378 68965742 6 1
302534482 10188171 28 6
32890424 164457786 19 4
384834596 76570312 10 1
181505104 702249151 14 2
13639298 78020461 10 2
279055986 291654860 6 1
48404884 231871360 32 5
455419299 36375518 30 6
7243100 43732591 12 2
56719820 266902530 12 5
21537931 688989080 22 6
381063599 111845457 9 2
65087262 878972892 20 2
551199331 51871901 14 5
33594504 33506436 16 4
87583992 85090889 3 2
61990780 391276782 5 5
451338059 82927933 7 4
34800698 55783152 11 3
92597360 366381588 7 5
226287802 345578669 25 4
90701417 864802082 15 3
19925774 160560778 10 1
760336427 100579 25 4
608942428 115516718 9 1
48030570 46044746 9 3
154874898 642044947 32 6
28755530 555154171 1 4
148028436 204506277 16 5
162526311 341060209 16 6
493316494 49913773 12 2
138587156 301146077 10 1
41256142 988355 12 3
44336080 389970678 17 6
286060136 58249092 26 6
52182621 178376657 7 2
133783601 63002591 21 5
22991473 223198444 11 1
82091992 197938606 9 1
27705530 156797667 13 5
191816037 300220210 22 5
143453941 77171673 15 6
25554608 384666644 6 6
266832335 556161557 21 3
303612051 25672035 15 5
34234498 448414394 16 4
187734012 97141499 24 4
63111291 511156385 13 3
162107214 801072619 14 4
298741812 154121321 13 6
67809890 155761593 19 6
214417628 97563131 8 1
795285342 7409142 14 6
211152462 52532005 14 1
58527210 60020063 7 1
321200957 630972939 11 6
314256661 374964735 37 6
872988928 93981830 7 6
15512126 233149978 6 1
2231125 524898172 36 6
858027597 95232654 22 6
13521316 392941831 10 3
5748726 521729651 17 5
348140876 348815162 12 1
19805949 382853239 9 4
175768282 180803605 8 6
12646128 137900702 13 4
223956372 3231716 10 2
130542612 5648065 7 2
55776436 357097113 10 1
129951128 33677129 16 3
174199565 269645670 16 5
227222272 173328125 17 5
56229509 260137496 8 2
643507903 53792785 7 2
113701885 68175555 1 5
332558337 299219162 12 1
279941298 38057541 14 3
30882720 910449 5 1
73768450 599056768 11 2
242424481 29957021 11 4
360533682 67804830 16 2
73751471 339933634 5 2
248349543 167606400 16 3
841428566 36548012 12 3
51933564 148719296 33 6
29080773 700797759 8 4
663620476 141273279 12 2
537227181 47591235 16 3
321171701 306033912 9 1
13177431 220856312 19 4
711937376 131530270 11 2
50609212 295353341 31 6
410887234 100442671 22 4
27274802 927884304 13 1
139289557 310032680 15 6
69025420 126008208 21 5
198717686 181695995 17 4
38415963 465645221 6 1
5046321 362533032 13 4
362894250 122315961 7 3
58531167 205483168 2 1
763901881 94432862 8 3
14739722 31481169 10 1
251830313 529168430 16 5
629496172 7930016 21 6
35394968 236681643 9 3
788366082 121245534 12 1
238344102 676900138 15 2
435469421 102215888 18 2
248632562 292533106 4 5
1139313 327753993 14 5
59437459 86255659 9 1
158942037 316181058 1 2
695260443 14882950 4 2
342752 324104383 8 1
750571311 61532260 18 4
473219169 73990306 5 3
21876423 71775711 13 6
628736 348486410 20 4
28838379 285388632 12 1
292528190 550237537 12 4
54271781 182331907 4 4
302561533 209854211 8 3
148147460 227016782 15 5
224700829 709440856 33 6
141491044 425011837 4 1
37567594 29887653 5 5
192948663 163922534 10 2
151017078 410563236 9 3
600290262 37435026 15 6
220947327 17326623 12 5
281371315 629913709 13 4
182797452 386666773 7 1
398529420 330861680 11 3
121504836 778963433 8 5
33764650 223254029 9 1
330854950 6906882 18 3
180569392 17634443 28 6
42581247 44427382 1 3
687638746 37962543 24 6
86675116 680734699 15 5
5948154 329817458 7 1
747001979 47551623 19 5
317118266 98418670 6 1
110330351 111234928 29 5
44580683 797173770 9 6
106443882 288532680 14 1
139625936 99295534 16 2
330843557 30329616 20 6
45011340 17187613 18 2
46227329 244564359 25 4
588038853 170472037 25 4
149415167 305933474 3 1
125436342 198803612 33 6
159905653 26802953 9 5
37920664 98430533 25 6
75838418 167496046 8 1
391550941 276324513 15 2
39272227 40039107 18 3
44344219 110841764 17 6
835928849 141072721 8 3
123162153 135084840 8 2
206646674 260897395 6 6
406088123 126098014 18 6
401236756 341882104 5 2
169806904 598066659 8 1
407282071 131887133 23 6
70214091 201024757 5 1
210578957 736856709 7 2
554364959 252154035 10 1
85129104 365965014 4 3
23225721 191472755 22 3
8937890 640642154 12 5
32667916 21659382 3 1
55972717 673786971 7 1
41015526 436282000 15 2
200576862 147060343 23 4
114917120 674904 12 5
872422538 73754103 12 1
182121705 10108004 5 1
7676709 305376835 25 4
322173330 501621360 14 1
179095499 63841163 19 6
62961062 195021224 10 5
34827683 334092661 7 2
73742824 91793508 31 4
113621260 235691097 21 4
194775721 66511260 7 5
840900203 16316162 25 6
120743485 54253233 17 4
21542273 123346202 8 5
5107994 437397776 14 6
466571285 17666283 15 6
432286408 363602427 10 6
123206009 54607716 10 1
191249504 509694844 8 1
323472388 512798083 2 2
225636320 230718794 10 1
447131178 73680473 10 5
15040252 155164464 27 6
279791412 164638287 7 1
14813633 519932610 2 3
876719615 26227336 10 6
210881395 132752082 9 5
361897423 20615326 8 6
481504898 186245188 28 4
138325674 357744373 6 3
209430725 42019704 14 3
16352126 411614200 3 5
148675293 158778998 10 4
342933031 29688301 26 5
326088757 251624216 32 4
67931748 60917570 10 2
219824411 193335010 24 6
412413485 491952337 12 4
373922908 195800468 7 1
782812971 27737487 8 1
71245442 608664946 40 6
52196923 6684366 14 4
439595894 37842240 21 3
114851678 60589524 7 1
198928280 139713420 18 5
38694003 225901315 31 6
123961784 4560075 26 6
295406577 89615598 16 6
208240191 161466355 24 6
126803117 66720015 3 2
8947919 373068868 19 3
308226154 2544367 9 2
24638260 554166264 13 4
403511643 271292461 16 3
146251147 67906674 9 4
65244992 350478441 5 4
42774 260834262 28 4
157191506 474002018 3 1
226575579 129064192 2 3
412310186 147774091 5 2
269202943 186283941 20 4
78212821 600701186 16 3
114533062 72999461 10 1
348002992 244122856 7 4
114503850 186345715 6 5
19823964 208477798 31 4
310122494 269519 12 1
53525524 280428933 11 3
182407475 267613109 18 2
24367265 268473316 7 2
115621341 385391873 18 2
6813424 33347478 8 1
161067503 24939708 34 5
430167199 137826617 6 5
50914532 285810889 20 4
151379929 127937630 4 1
16943557 55358230 13 4
662453586 239919165 10 6
353613703 100025677 23 5
247837893 70267436 10 6
354176889 250053420 6 4
632993484 37420885 3 1
58011918 271098494 15 3
227041970 132735253 14 4
209181401 69244552 19 5
245747451 122890579 19 5
241084727 599112726 21 6
68237518 332838105 5 1
122790397 742855200 14 4
107031133 23390604 11 6
113895928 259629193 9 3
590049337 4653059 6 5
284334104 283105629 26 4
444351317 221315596 29 4
92608152 16249944 13 5
127302726 91132856 9 1
678046988 55254081 15 3
11186465 161839639 15 3
209985409 706377034 7 6
6214003 261568896 22 3
149813954 493378974 4 2
497049456 108674653 5 1
515452506 154060484 22 3
87400446 63328143 10 2
307708257 118024178 10 2
153760012 45614246 4 1
551523781 113426831 13 1
131309111 72924957 5 1
236102238 388384742 6 4
109589122 430940754 4 1
117907419 431926781 15 6
59969548 331480852 13 6
37470705 640971635 8 1
268248850 152207644 17 2
238234719 218480785 3 1
610426568 308426107 22 3
150885754 270365211 17 3
383002834 228330630 5 4
157650010 410952042 24 3
834724497 1539005 16 3
146117484 40913225 23 5
258938789 436360499 14 6
477522395 102678531 3 6
226198618 222571012 8 4
91944671 121710503 10 1
588367157 269312978 34 5
58725525 371897769 25 4
13240192 315677303 6 5
272837330 47142641 4 6
24597133 577919800 14 2
105028788 304664769 8 2
26914796 77391836 12 5
16532651 11784925 6 3
521709049 21584213 4 1
157983364 155673460 13 3
1937380 55860662 15 1
271502283 105698232 13 6
487785508 8808154 9 2
340313360 67046260 33 6
115642429 236926289 2 3
93816453 57815108 15 6
105617191 542410442 3 2
629446375 31684484 7 1
19249897 345375925 6 1
101028553 73726902 16 4
222706117 137336791 27 5
73030 870133574 9 4
74639314 475563810 7 2
893311398 33836918 13 5
69413574 635721087 8 1
493875465 39314792 10 1
402909441 184929989 6 6
416210927 19299232 2 1
97337298 145708975 7 5
111008726 1881875 24 5
25287218 850302352 7 3
190801130 464242143 15 5
22278925 217350402 21 6
251067024 171021631 22 4
41142759 89692680 13 4
780006351 9699653 25 6
70707911 289355515 10 5
585547908 510847 11 3
109967652 563544121 16 4
256380940 187035338 13 3
759208411 171099850 20 4
76830657 343373115 10 1
406117278 82110127 9 5
109769320 58727762 13 2
356772936 318084759 13 3
110485607 9449179 18 4
6704776 711042131 29 4
14995895 768837121 11 1
22740795 166529497 26 6
928597726 1705893 22 6
332431681 12810233 25 5
319145491 154306601 13 6
53240479 304852201 10 1
402638787 57226844 11 2
866960532 36826009 26 6
853058163 90600035 23 5
590959279 99380128 15 4
58521613 258895552 32 5
44492257 86944027 10 1
321730899 1391670 10 1
701098580 45128852 11 1
206698054 86472955 15 5
46479449 728972256 33 4
333884090 141484073 10 3
40798077 7609408 1 4
370117563 248584066 16 2
368103963 97607521 8 5
88128688 124557938 3 2
44848496 195263820 23 4
31319815 288305209 4 2
43400586 253157027 31 6
4634439 150218914 10 1
100794114 136774289 22 3
76599741 3568175 7 2
167258522 239784313 25 6
172102097 100918722 5 1
15620546 65808232 18 4
47341289 51441147 19 4
276077925 72387507 9 2
935713855 43843860 10 3
229397052 16391679 10 5
337921244 367982820 33 6
124331907 179669894 19 3
60769996 179802525 15 3
97212168 496033185 14 4
57494651 170214138 43 6
589043408 101744186 18 3
291850524 48301417 14 3
354347781 173315009 21 6
42549980 687864186 5 4
668075380 139275346 26 6
94280162 20823106 11 1
236115705 441140610 10 5
881667054 12826789 4 6
771288548 83787644 3 1
15917350 41987490 19 2
498117340 287113521 3 5
37882172 76400144 7 6
585759812 64797252 8 5
3190935 985909037 13 5
67244983 820335477 28 6
74427902 2921907 9 4
301288428 592667105 9 1
4953264 368610932 7 5
26727724 150295416 33 5
53384576 179047276 5 1
437367582 6751625 14 5
8715778 435458228 27 4
23383919 360638218 9 3
228219723 471537278 24 4
60030326 74776351 10 2
649592953 76336704 23 4
445364574 324087829 12 2
124334639 31577516 28 6
126323404 9841869 5 5
189424676 220697476 14 3
610760315 75413700 9 1
132907529 175041170 5 1
30194357 218232172 15 6
114702278 744201564 5 1
233492946 5298895 3 2
74362992 183022492 10 4
82810232 158324069 8 5
4666679 140764392 7 4
52189196 162691216 5 2
732382017 19764372 16 2
66014612 828439592 42 6
367865037 362376160 10 3
845012259 124552255 20 6
372130894 100200452 9 6
348946670 1733090 25 6
253492342 451887045 2 1
88475405 623844229 7 3
181673098 135129501 30 5
477176543 168087463 14 4
69117204 142335517 11 1
686202900 11229382 9 5
53327670 733345544 9 2
163769927 723262979 14 2
255422682 691845313 24 5
57742553 363207265 7 4
645666964 171867553 24 4
182572889 472109363 23 5
21388502 312278902 15 1
9039978 51799328 8 3
38516966 37130765 22 6
130842023 113443511 9 5
651463466 32459345 1 5
144887947 292348942 15 5
34888040 223979204 10 5
87448327 582100765 31 6
456917962 173663907 9 4
129544794 174639656 19 4
200228833 10081322 8 1
64977312 17298976 24 4
76446270 226510526 16 4
414005108 31204575 1 3
368102579 7112025 25 6
196081447 54591512 5 6
332961639 24953073 6 3
50758237 81205394 17 4
302140672 295168221 12 1
114356967 198374563 6 1
162952627 551861102 30 4
438118150 137542431 12 1
708262154 46847896 21 4
4983359 509871288 11 3
103654156 165674408 7 1
165754821 258301392 26 6
324137288 58975379 18 5
378323849 250484475 9 1
784800482 99796894 25 5
217854480 493171973 6 1
65178876 85125063 9 6
676382887 241801875 5 1
623025708 77856821 8 2
792726348 25786710 5 2
27616133 456834226 8 3
815242839 11835522 32 6
162232662 82814163 8 1
207051624 166316178 2 4
160209847 20853148 16 4
200563645 416777470 11 4
29807572 889828972 9 4
442069989 41515512 19 6
356261830 96275311 10 1
70759776 240364280 25 4
51378556 337757285 35 5
112946073 6257290 15 2
449356342 51007090 15 5
435937822 11782624 8 3
223155131 393852393 6 3
16460004 81222307 7 3
5480616 752822581 27 3
175596682 82431226 33 6
540114791 116912386 13 6
130301557 81215930 22 4
395492124 22191226 10 2
221563829 388393759 15 5
29320304 468443913 13 2
708521773 200373837 10 5
22328651 552886582 8 1
1091504 706279952 3 3
642102340 20371625 2 3
257930094 122479692 18 3
157623671 395247948 11 3
7627419 421025957 33 6
68290481 16263976 16 5
156123694 129191312 3 5
59988399 374556904 6 6
614884822 68035898 15 2
432412965 135808874 18 4
145642558 99154667 10 1
60769204 460544890 11 1
122874112 78946205 5 2
150354888 18258001 7 1
55146221 299778507 5 2
600870174 42365554 22 6
102641435 139117439 11 3
85228580 562551143 10 1
9310475 121773263 19 4
76609811 190857940 20 6
260315592 696290229 4 2
128291739 75349024 13 2
222326305 92733967 16 2
928847 451428006 15 1
22387719 23795015 11 2
81663823 208008819 10 1
20707209 60173669 10 5
67057726 10895577 21 6
197153957 145615 7 2
198181373 18722849 16 3
92968732 297529722 32 6
641517621 158649842 1 6
174521655 135171764 19 5
375006314 87724548 8 5
21499160 544306643 14 3
357926114 258671782 2 6
421678478 329810501 26 6
59135562 5917640 11 2
213184072 211836128 10 2
421367118 172023549 8 3
92705092 681311031 19 5
6040732 35062244 14 1
17449942 396147767 13 2
12175324 176735223 14 6
78895699 202267980 22 6
538058248 382991686 15 2
159363526 264721222 15 2
116316429 136651618 6 3
83001781 185717497 13 3
224698361 64444522 21 4
27594406 424948379 4 3
91627240 533174054 1 6
194663993 466692044 14 3
221846075 45365924 10 3
30549722 291158144 11 2
161205624 348312410 10 1
50712530 12638019 5 2
198053287 187016645 7 2
24541090 4895826 6 6
101277118 543147651 15 6
788683237 14528093 14 6
16991852 307547425 1 4
524862995 14330530 17 5
67342428 867280909 11 1
277734395 441467381 8 4
65631221 637718835 16 3
35679931 411778200 7 1
154429108 206770484 9 4
191023502 13533690 21 5
367827367 364373506 31 6
260156748 481666120 1 5
654429861 190857803 19 4
75275649 222187032 10 6
309513071 247694209 22 5
331094501 307928881 33 6
241244461 139192633 12 3
33380569 817457291 20 5
710979091 45326693 6 1
333989471 157013116 15 5
250849334 87324597 4 1
324250207 10700247 19 6
561146380 35403855 26 6
509308992 107370571 23 5
185135407 217747452 18 6
244644596 434051587 11 1
168975213 79621678 13 1
585009978 35820907 22 4
164210150 300310173 35 5
552510789 22758461 12 1
162648655 712971816 18 5
130630345 126336302 29 6
744478902 18095277 11 3
317884672 488698647 16 4
421672728 62264988 7 4
67016061 74193461 9 4
4088454 412017877 22 3
174863063 40615319 8 5
203968236 212047551 8 2
11204335 97767330 7 2
105072284 97120168 25 5
299524296 236553508 25 6
187323872 72671401 5 2
127756352 450381618 22 6
276036028 71309043 2 1
2961402 433668427 7 3
61024142 29780348 16 5
192273210 65326947 15 5
13951513 125217326 7 4
61398068 249574131 28 6
226667876 369025650 7 1
209187521 154810022 13 2
81570472 505562338 7 2
229223399 68813806 25 5
461257374 49333984 8 1
173491162 158156806 18 5
29622336 575684673 13 4
95223283 261309425 33 6
341230823 475257303 5 3
28913715 23738937 29 4
307048533 332648146 16 4
371522708 422509651 10 2
11890664 587188736 30 5
180958531 249457009 15 5
46751454 262703557 10 4
25295313 182371731 6 1
147289667 489931548 15 3
267058698 59491800 18 4
461778282 60977658 7 3
10553388 573988228 8 1
729032744 162675470 10 2
180856188 88525469 4 2
483930100 27837482 16 3
83900320 225241285 6 5
242495178 181671112 14 5
4992479 634010301 11 1
391797935 480559501 8 5
91354194 311604246 11 4
135246864 44707397 8 1
376297697 407915256 13 2
236268547 643506221 16 3
493154879 181019197 17 6
80718137 84142367 4 5
73404311 41104667 6 1
77679309 138712235 19 5
145346520 127470793 5 2
185244087 20808002 8 1
43025679 609649864 13 3
198579199 103249464 11 1
54572001 482429628 22 6
519883526 21250048 11 0
26553742 124003441 7 1
275626587 150544988 10 3
81384474 331129488 8 2
121394590 395066396 23 5
432302604 92256761 14 4
212356254 200150143 20 4
400804156 282004171 10 4
641183552 14583957 13 3
465915534 327200680 2 1
443144986 490453620 22 5
98525421 751664385 13 1
127793582 153741733 11 1
383238299 193442512 8 3
21259932 339147200 16 2
705703873 40322317 4 1
822826210 607996 3 3
9663135 36140172 11 1
383616501 67883072 6 1
180992792 481586698 19 6
472361326 19606592 28 6
100058687 194881235 24 5
244170982 141693351 13 2
161641631 524282034 38 6
2592981 67545708 11 2
17273400 88447919 12 2
887854590 44290484 24 5
239590936 76093636 28 5
152847161 328556696 8 2
632845806 23047715 6 5
214810785 63244625 12 1
213452036 86793779 30 5
73378885 587176593 8 1
261175096 293494907 8 5
110877965 749191038 21 5
263380391 52574482 27 6
198591552 73298263 18 6
35552788 956238096 14 2
101578030 283196637 6 4
45831377 256554378 1 4
326027797 1725679 6 3
7264928 54328360 9 1
338572532 352413479 5 1
822855126 5966719 22 5
143744289 413216411 31 5
161677092 609976838 12 2
148137171 55755806 28 5
335836920 125572313 20 6
570745481 35733574 21 3
431613372 242251377 12 4
10186177 228565417 2 1
183316726 13967016 9 4
43124943 283713518 14 3
18200450 29431334 2 4
58188691 138728626 16 2
193424484 334978156 13 4
35751995 188501699 22 4
174729974 47233306 8 1
508766799 199814720 12 1
55971852 24639473 10 1
251563640 273964944 13 2
37129918 477933319 6 2
2668826 401222502 27 4
742131030 7509835 4 1
28894280 195313493 16 5
978738285 319913 7 1
197672747 353652163 22 3
326561895 232080466 9 1
92026133 131978333 9 4
32030078 414735622 12 2
28117205 263607438 5 2
318560273 18147387 28 5
286567517 251399835 21 3
77751376 111971918 4 3
5506396 158150284 19 4
168872772 640210195 10 2
190439485 154663429 26 6
86078227 38370637 15 2
197030324 85932554 1 2
256332451 192120981 8 2
216351155 162250015 8 1
53298976 15909983 7 3
1266998 529591423 7 2
127887145 45343566 14 1
247317893 86846309 4 2
140985640 56371033 17 2
199802052 403128464 7 2
52559439 226928762 11 4
32094160 845508125 38 6
5665129 375774448 19 6
7518702 243187147 14 5
673239632 35156157 13 4
681299481 84529220 25 5
43957037 5736586 3 2
621063823 126191113 19 4
23793857 360632030 27 6
128120470 169797922 27 5
3612169 980836133 25 3
213178520 64243368 5 1
300498325 531712294 10 2
472660877 51621827 16 6
16142727 261229729 13 5
102636467 251499600 6 5
235287863 308768335 9 6
222935183 122559141 15 3
134232591 588667919 3 1
222672836 208293746 4 1
123081297 194519499 27 5
216709814 41724025 12 2
153079066 764460075 16 5
46785338 111040457 24 5
141548111 307966124 2 3
481266424 118505108 9 1
91954950 252634829 13 1
184555855 165628266 13 4
218086629 403519053 8 2
686947891 70387472 12 3
142087236 114253614 15 2
105015603 761701832 11 1
7300974 836548418 19 4
25478631 401171285 5 2
127870274 137305990 26 5
62559369 414640799 16 4
474803664 19666927 13 5
132473590 122569110 16 3
2237042 451190323 21 2
387138264 76287903 10 4
37061360 177952054 3 1
72912755 305038414 4 1
624432915 13871526 5 3
157216002 225129179 12 1
53836442 384202042 14 4
201444972 198418303 30 6
93835347 751080611 1 0
876753512 2207796 26 5
134702535 76185366 26 6
103248950 864082814 14 2
247313016 83720766 25 5
480759681 198055194 14 5
341674757 296811321 3 5
447728407 163598753 10 3
330443842 336026497 16 4
22907395 600585025 16 6
278770735 163230435 5 1
94941461 92291087 25 6
476137986 186827380 5 1
6888880 101188759 18 4
606850951 29020145 7 3
516287287 190939179 8 5
983729887 8903722 16 4
632891755 1460391 14 2
396929010 99099233 23 5
176738748 345326684 5 1
74924928 8945567 18 5
234436039 105949703 10 1
183028567 21300849 17 2
153983278 45794364 25 4
145068379 723788851 44 6
15265111 13072278 19 6
74101814 347047293 12 3
309062505 106225602 25 5
13517383 523876269 4 1
287987585 215662505 3 1
627009031 79458737 6 1
8090410 847570170 42 6
60186096 145711889 10 2
286406767 39489076 16 4
16751170 78856667 13 3
344497183 60172640 4 1
59409041 2683796 5 6
670340298 85496536 5 6
449356692 325681231 11 1
110164338 136493037 19 2
208692082 320084827 20 4
218292442 23643038 12 5
139314947 208280177 24 6
276316619 189116063 8 5
85692805 251670517 7 6
189482589 17659325 18 2
19258291 149959186 13 3
404343680 5196045 21 4
51515376 88885322 14 3
30529803 467986605 9 1
282817003 213364266 13 6
387012149 72288713 2 2
152575070 63106516 4 4
455181020 92623919 11 1
21842771 491792524 5 2
137293804 247621336 13 5
2030777 179607337 28 4
361058366 290849646 16 2
105039678 417459302 8 3
83814913 145741875 31 5
326976882 106667305 35 5
289945541 307121524 18 2
37637282 663898723 28 5
418006677 147675127 18 5
349231113 105686420 5 1
136151860 132938916 12 2
270960423 28932205 10 1
1144489 90626662 4 1
470193048 314989594 13 1
613658444 146474905 14 6
362733412 9817375 33 6
26031460 752761916 22 6
250269151 113411172 22 4
197447226 4264473 31 6
37474259 467134074 37 6
7989516 157423622 6 4
6465024 562018308 7 1
29941223 959448242 4 1
287446997 70283033 6 4
187528075 291789924 22 4
18883750 68134423 4 1
323801716 8928388 7 3
150387761 201525793 21 4
2893993 160431323 20 4
639876126 244043114 17 4
36818893 314092379 7 1
258678328 115861601 12 3
3212870 26607934 11 2
930519670 12848960 10 4
93993534 14142354 22 3
605049671 219366130 4 3
528008621 199814949 9 3
121722304 80743933 24 5
156623120 192516949 21 4
51943498 578087797 15 3
236783790 165128403 17 4
35579068 225004048 10 4
31073021 545010081 8 3
28781766 686622992 14 3
79411631 28956542 27 5
119493479 145476556 15 2
108724128 56161036 21 3
384666048 568842 1 3
98839452 433718539 12 6
57246828 799032893 8 1
555603431 18594631 8 1
697668137 215902746 8 5
228289648 300681472 29 6
229618900 125162331 6 1
54798143 31887000 7 1
293366 240704240 7 4
955289086 35874283 16 6
26344297 308278163 10 3
307462277 107198362 7 2
279473088 141106852 18 4
22423887 20409005 7 1
38334666 294151954 26 6
119981749 244208002 16 5
341217478 111159044 11 2
90535080 785227554 28 3
159639673 341349563 30 5
190858747 446449955 8 3
22109126 708340050 14 6
83316239 100088878 14 1
196839658 201760589 22 6
249371882 355293948 19 3
204006427 325491368 9 2
28368816 654282376 28 5
138493492 74816429 28 4
204621957 337842351 3 4
168554927 33474005 15 6
3244492 616051861 31 6
49090040 487654223 11 5
98132675 126193117 7 6
707998539 36616146 23 5
740027166 18893525 6 4
255134202 189767387 4 3
37668712 701897236 8 1
424020290 454059445 5 2
146640310 76199088 10 6
569817668 36216173 9 5
3097736 240485508 30 6
86761365 130961717 27 6
111792923 468663020 7 2
105530514 601160201 29 5
230661013 95889359 10 4
23424183 7109384 2 5
1773634 70678011 25 6
4525167 926611270 26 6
590428249 63974425 4 3
633639246 292569 22 4
471688314 1363849 21 0
177319020 619710792 12 1
8165419 615284162 19 3
256675481 3249014 1 3
189197368 24952580 6 1
458897512 70672367 11 3
78803129 153470626 18 3
216822848 313705281 24 6
388511735 163049328 5 2
70062394 178986002 9 4
126571064 657189715 10 2
95325396 258582480 18 5
350355117 261722792 10 1
707945748 12535457 14 5
277738447 6421460 17 5
724288901 92062266 14 2
1871846 542666229 18 3
389246728 19141287 33 6
216571350 402710859 13 4
824510317 3857383 16 6
32447676 419390392 17 5
1987038 45054223 8 6
237709172 354855288 11 4
201344022 192870341 15 2
16942390 693980719 13 1
63733872 185311836 11 2
74980546 133941176 15 4
95648849 59334888 14 4
522524804 60197105 10 1
640674114 75448575 1 5
192321560 462829799 8 4
448956321 89560835 14 5
259328632 9020877 14 2
226004430 28108379 24 6
742171028 37507204 15 3
21211559 118115213 8 2
313735987 424287939 13 1
196064980 137588957 6 2
444525196 286881447 21 4
28289780 278790052 22 4
180907871 33379416 12 2
118396035 181195513 7 6
2
3
0
