380195908671
233406686092
345976542644
333052228284
406844958210
69714517510
142464851588
336283306874
374010214221
390764507698
402713177482
148955459452
386253602241
401836474852
256955677666
349207621234
392193758848
77963492120
384300413471
179650831238
397885181608
321534271356
404798957420
406986284940
342745464054
339514385464
290071115996
286138221576
396481512298
9473880095
167493619918
395052261148
218127889354
85649981585
202801487734
376074041521
364387970486
361940154576
406133807702
309735588096
0
52931061684
352394442666
223236689894
387808429258
378137868821
371731418216
61439587754
161415014258
355576346636
366835786396
247814756158
329400060196
18169049275
26864218455
243110351188
269894800336
99895085888
282077366266
405726331532
406541283872
393623009998
273955655646
400959772222
405274602852
213019088814
252474513056
358758250606
173572225578
128274929688
114085007788
382248161071
305802693676
44254556815
317601376936
228345490434
404317332800
278016510956
389318993858
399156341682
207910288274
121179968738
400083069592
313668482516
35559387635
135369890638
297936904836
294004010416
197692687194
403574566602
92773985905
369283602306
325467165776
185729436898
301869799256
238356803692
106990046838
265833945026
155222361030
191808042558
