259074329832
60333205634
400207390025
383830681272
379799943612
348525714345
285622981692
52484542974
307251607466
399047282357
338959091535
232525677972
311487497906
335770217265
44631749476
18884833951
400629984225
179537260413
373726192318
272348655762
27499908651
0
174438400373
394640755591
354903462885
153310070096
10269759251
184636120453
114029434817
329350375962
290047757002
294472532312
68181868294
281198206382
377784574782
322905357262
395614311651
121634426847
36114983351
228100902662
342147965805
209757505866
345336840075
402312396385
396578980085
164240680293
401052578425
387611015856
319486378459
169339540333
332572885312
204803350353
254649554522
392558796273
393667199531
83609466697
223676127352
371348186593
363833378649
276773431072
245800003902
389372988766
381815312442
298779826586
368943945603
391126037306
303015717026
401897766825
399731633248
219251352042
91214458727
189734980493
263499105142
361157231470
147350526336
402695167385
250224779212
98819450757
267923880452
128907209677
141302717163
315723388346
401475172625
375769205952
236950453282
385838518453
199818595443
106424442787
159116398480
241375228592
135135856383
76004474667
397533432438
398301749842
351714588615
358092337155
402879015715
194833840533
326127866612
214640262786
