337540171791
114663473743
68277791084
356227182241
419874364347
378126507138
388672458685
407794343066
137320344913
199801083536
367439388511
272081152072
320658692564
51630891124
333569611816
397817290386
43075037734
228195487522
401917179266
306214446722
413174346575
405835288466
428878090009
359964584331
237947857422
99558892963
152417947587
174724806641
159858176313
144872635303
393390267245
418283301455
426583098644
341277573881
247700227322
257452597222
348752378061
60186744514
281833521972
217831772732
315853395694
432689457431
329538682686
76368837654
423026358747
187761716136
223319302572
267204967122
92006602573
430891005825
432192841637
291585891872
427500009705
296462076822
381019402938
8851624174
84395228713
325434029225
34519184344
25963330954
311048098824
371128296072
433092893170
107111183353
181634590593
411471361615
129768054523
345014975971
391031362965
429561231759
383865673642
414877331535
276957337022
193781399836
211840450936
352489780151
421450361547
0
409727381451
252576412272
301338261772
425574427024
403876233866
233071672472
416580316495
242824042372
286709706922
363701986421
386313554405
431546063395
399890195539
122215764133
374811815352
262328782172
205820767236
167296002863
17407477564
424477053984
428194948259
430235948255
