2059262664154
3174351589555
4641058649249
2947738885887
3805455562770
3690664720127
2930281338507
4477296144587
3677236551287
1026172315737
644443410136
1846853114065
3699616832687
3903436669933
4134521877065
4687845215552
4170233998283
4725252825177
4591516547935
2453449779982
1375461404613
2023670882404
4595140503135
3034461463805
3447693492177
1787263833585
2683517434066
1000740086847
3118395539255
555069878060
1943685694845
4684655087414
2258204166940
3857617600651
1742571873225
3428478170483
1913891054605
3235079645963
564120971446
4465271326637
1504214751305
230912098877
4720915096362
4425445517096
2101972802254
3423660712923
389914024703
2318790036336
4282591473989
3818517990570
4742506120962
4484148217612
2802259324387
4488547126672
4455418949551
463427557160
3895119323813
1615944652205
2994292345567
2603538604556
4166851693723
4501671903504
2971015615727
2819716871767
4519111971424
4217028937504
4156584799674
3533436845637
4490746581202
3940119031582
3835934560970
3207924857929
1898993734485
2860451148987
2130446227654
4721549115162
135632239844
3890960650753
3245879736483
4049368656445
3288621861046
3928264380710
3962929153822
1276826112360
3770622421970
3240479691223
3721997114087
4730509683105
1653187952505
296864115147
1100796700154
4173616302843
2215656373600
4686807834094
4312303947132
3267479917523
3590243519792
1206336955192
2116209514954
4559728705773
4540242030473
1068103384274
2720205581926
3334753773424
4736099556055
724765848826
2325316740036
4163469389163
3681712607567
2279145994543
4575034301692
4688862608032
4631067931500
3713045001527
4090094109785
4365138919678
1314795075573
509248717610
4645971814786
4596952480735
3919996043610
813934689823
1750020533285
1980718329214
4733221295325
3213452180323
4561677373303
1809609813765
2959377250807
4634008473460
3490565863557
4145628818885
1284421344130
3218879510183
4075284854025
1958577872765
3974294396508
2936100520967
3519147444477
4584268637535
426770628800
4445534652776
3107204329195
4743546199098
221490382267
4026895409868
1413377860263
4309366918732
2572603103806
1973377071126
4716335197000
1489210771563
4273412302477
3604234502282
3056843883925
4407867523376
3461984282637
1261635648820
4715636992424
3924130212160
4329926117532
3011749892947
518412949700
4549985368123
4657456599386
1876647754305
1668085272625
4730057747735
4472486217407
4582456659935
4719647058762
4632538202480
915965990547
3708568945247
2516919202456
3528674638117
2831355236687
2918642973587
4698345549354
899011171287
2541667603056
3978051611748
4229998992546
626593979316
4435490084936
4589704570335
4712808702024
2529293402756
4261055082477
116375377081
4609504989769
1230466293892
3993080472708
4356350680618
2597351504406
4743958536065
4649417250166
3045652673865
371484215123
4285569021349
3645366439471
4450492214171
4223583354886
4643674857866
1246275345094
4534228597383
2137564584004
4460345684931
822670592686
4722183133962
4443023510816
4709847088876
1534009391545
2646822564904
4382478274966
1383044695743
1869199094245
3783684849770
3079226304045
4662046043667
2854631966527
3355169975664
174113617604
2094854445904
2109091158604
2695746816686
4666580363387
2547854703206
4635478744440
4071582540085
1157985562927
4353421267598
3304129470064
2285972087779
1779815173525
4397822955536
3000111528027
334550981587
1638290632385
1051585373012
4741464575510
154872928724
4291524116069
2813897689307
4270322997477
1645739292445
3418843255363
4101201051605
4492946035732
3951524092702
2251112868050
58233881341
1420961151393
3157564774465
2292646480614
2244021569160
4108605679485
3394755967563
4023138194628
2965196433267
67924130631
882056352027
4565574708363
1601047332085
3191138404645
4732769359955
3360274026224
653368125546
4727045817378
4651714207086
1936237034785
1965978090486
3068035093985
751539995056
3672750001117
715841133416
3344961874544
3717521057807
907488580917
2652943977516
4187025551914
4542190698003
4706003461276
1398211278003
145252584284
2166017281370
2299209925236
2087736089554
4656308120926
4679049742617
4578763063572
4523471988404
4724055658677
4742947279168
3792393134970
4655159642466
490920253430
1571252691845
3955325779742
2701861507996
3936310885935
2459836814682
4741646974650
1608495992145
2796440141927
1675533932685
949875629067
4587892592735
4527832005384
3112799934225
4741058033102
1166116842816
573045686856
3389938510003
2953558068347
4742661603558
2609725704706
2383192398282
4470081253817
4207027808974
4415400949256
2659058668826
4728164538313
4303434305509
2615912804856
4344611259532
2395966467682
4123414935245
472591789250
3744377395487
2738248317327
3202329614705
4598754077095
2761525047167
4315240975532
4548036700593
2622099905006
1519112071425
3471511476277
3989323257468
4667713943317
4242519252477
4691914371904
4112307993425
1436127733653
4251787167477
1034649725367
4452955581861
2201473775820
3985566042228
3870167285453
3899277996873
4183691842404
4521291979914
4512571945954
2773163412087
4427956659056
4700104385874
4735695168495
4705219563486
4532110381863
4362209506658
4722817152762
4628127389540
3874325958513
4536313885821
4742172274710
1043127134997
1009217496477
2158919653054
4642407063332
1254021117870
671217556366
1511663411365
454263325070
4400334097496
3576089133798
3370468666485
2002315813354
1712777232985
3278208615714
796155677694
4659753556306
3324545672304
3319441621744
3084821909075
1443711024783
2866270331447
4638326408649
4639692528949
3040057068835
4743932778793
4248697862477
3566610925298
3796747277570
4569410843561
3627103987391
3005930710487
2924462156047
4368068332698
4604129548225
3404390882683
975307857957
4740336177602
3101608724165
259177248707
3229679600703
4690897392992
4525651996894
2732379676805
3809809705370
1345128240093
4739062412248
4467676290227
4605921371935
4726449991677
2628287005156
1884096414365
3135182354345
4743658715145
787238856696
3514383847657
3504856654017
3814163847970
3051248278895
2265288667759
4725851408427
662292840956
983785267587
2941919703427
1623393312265
599819833086
1682982592745
3350065925104
4405356381416
1586150011965
3947722405662
3631669600411
2440675710582
1352711531223
3636235213431
4011866548908
4294501663429
399128929493
958353038697
2634467093253
4697464897668
2338370147436
1660636612565
1133490016034
3865986020261
1705328572925
3779330707170
3495329460377
2767344229627
4738043315115
1839404454005
2037907595104
4239429947477
4245608557477
4387778387696
4257965777477
3196734009675
3538176299798
4717729635480
1149824091287
2749886682247
1995197457004
3385121052443
2912823791127
4508211928974
1299611807670
3542915404048
3774976564570
4724654241927
3399573425123
2491771988182
3761914136770
4563626040833
4740817414602
306285831757
2370418328882
1988013997946
4728641611313
4708321611886
325129264977
3585567342298
193225232437
3090417514105
839669303877
873578942397
4557780038243
4180358132894
481756021340
3380303327786
3409208340243
3654497665511
4335800174332
3608841535311
1292016575900
4739332599208
1690431252805
3523911041297
2808078506847
3500093057197
4658605077846
4546088033063
4141926504945
4326989089132
4703590835884
3996837687948
865101532767
0
545905645970
4593328525535
4607713195645
3911727706510
4732317424585
2790620959467
4412889807296
4300456758149
3547654508298
1214380068092
4410378665336
4706787359066
1329961657833
4734886393375
932920809807
4392800671616
4648268771706
1481627480433
3659063278531
1541458051605
1474044189303
3283421160736
4440512368856
1367878113483
2988473163107
1174164503592
4516931962934
4203694099464
2591164404256
2578790203956
3309233520624
77614379921
2744067499787
2895366243747
4668847523247
343839500753
4616099026484
3096013119135
1951134354905
2151801296704
4727622939366
1141662619647
3140777959375
4093796423725
2837174419147
3023270253745
4699224967614
4702732770724
2554041803356
4341674231132
1390627986873
1084450042214
2415127571782
4743309872438
2498159022882
4056773284325
2677402742756
3704092888967
890533761657
3251279781743
4718379021162
4506031920484
435934860890
4619244582172
3766268279370
4739602786168
2707976199306
3299007676922
1720225893045
4739850959792
4743774722937
1563804031785
4714222847224
2976834798187
689066987186
848146713507
924443400177
4612928092916
1451294315913
581970402266
4008109333668
3062439488955
4457882317241
202646949047
3861802362751
4254876472477
4743191709108
3943920718622
769389425876
4654011164006
4279585454249
2052144307804
4138224191005
3262079872263
4735290780935
2066381020504
38853382761
4385234191265
1928788374725
4395311813576
4701858547164
380699119913
4617680758624
287442398537
4696581367988
3757559994170
2357644259482
3735425282927
4580627444512
3726473170367
4734077618255
4693817251040
4197026680444
4078987167965
1757469193345
2778982594547
4743428035768
2566416003656
3649932052491
3788038992370
4264144387477
3970531811419
4486347672142
2194382476930
2222747672490
4019380979388
3481038669917
4190359261424
164493273164
4677916162687
4004352118428
697991702596
2523106302606
2408740537082
1593598672025
4030652625108
4742815986898
4669981103177
3365378076784
3915861875060
4709088738296
2331843443736
4053070970385
1578701351905
4717032416240
4432978942976
4738766732545
126011895404
2389579432982
4210361518484
1817058473825
2236930270270
2889547061287
3571350029548
3442925856441
3375427686954
1697879912865
3185542799615
4402845239456
2173108580260
4200360389954
3840288703570
4741997174690
805045990574
4422934375136
2229838971380
2016552526054
1831955793945
2640646402233
3668194504571
4417912091216
1307207039440
4623716576600
4571288405071
4675649002827
4695683030320
4510391937464
4719013039962
2123327871304
4674515422897
3163160379495
2478997918782
536741413880
4119712621305
4038167055588
3552393612548
2045025951454
3753205851570
4586080615135
4711363790036
1496758304984
3414025797803
856624123137
2907004608667
4731413553845
4497311886524
3476275073097
4104903365545
4438001226896
4041924270828
3580828238048
1222423180992
635518694726
4233196360555
3329649722864
4379642438696
3907593537960
4622246305620
4116010307365
2466223849382
4734482005815
4390289529656
3686188663847
4220327183761
4689880000512
1337544948963
2714090890616
4015623764148
4479644016092
2030789238754
4529992166343
1548906711665
1735123213165
2344859567111
4576898682632
2848812784067
3853351131370
1428544442523
4370997745718
4714929919824
48543632051
1059909869434
4503851911994
2180199879150
1322378366703
3822872133170
1526560731485
831191894247
4193692970934
4499491895014
1108970029124
3848996988770
3663628891551
4673381842967
1117143358094
2364031294182
2421514606482
3314337571184
1630841972325
4713515774624
3966730840862
3146373564405
3827226275770
4743894869193
4723451171562
1854301774125
3557132716798
4544139365533
3932343767100
2312263332636
1772366513465
3844642846170
1906442394545
4647120293246
4321115032332
4743720405645
4538293362943
4743856959593
4707554485476
4712101629424
3272879962783
4736503943615
2584977304106
1198293842292
4743817980417
4682444877534
2825536054227
2504501713897
3695140776407
3640800826451
3613407148331
3959127466782
2560228903506
4082689481905
4652862685546
4625186847580
278020681927
992262677217
2144682940354
500084485520
1125316687064
4629597660520
2842993601607
2485384953482
2689632125376
4064177912205
3452457088997
760464710466
3509620250837
4665446783457
3457220685817
4600545900805
608744548496
4567523375893
4737675060455
3123991144285
1921339714665
4318178003932
4276501607477
1405794569133
1238438175026
590895117676
3433295628043
4700983804134
2427901641182
1466460898173
87304629211
1794712493645
4149331132825
4448028846481
29163133471
3073630699015
4740576796102
19472884181
3028865858775
4676782582757
4681316902477
4660902034766
2402353502382
2073499376854
4555831370713
4741277310290
2187291178040
1861750434185
4740093630082
4086391795845
4730961618475
2535480502906
1269230880590
4097498737665
408343834283
4741822074670
4720281077562
3293822561356
4324052060732
4213695227994
4034409840348
3561871821048
1556355371725
96994878501
3466747879457
3981808826988
3730949226647
2665173360136
3224279555443
2671288051446
3256679827003
3748845937756
4694750140680
9782634891
2901185426207
4742345888022
4373925176589
4067880226145
4614517294344
4481923116972
4743073545778
4738411569775
3485802266737
4153003651711
1076276713244
4551934035653
966830448327
3801101420170
4685736141914
417558739073
4236327955495
4338737202732
2472610884082
2080617733204
3168755984525
2982653980647
2883727878827
1092623371184
733690564236
1190250729392
2351257224782
1360294822353
3594907180622
4663179623597
353054405543
617669263906
268598965317
2272272290375
2755705864707
4729595757313
4267233692477
4306411852869
212068665657
4462809052621
3886801977693
941398219437
4347548287932
2726320273236
706916418006
3617972761351
2510732102306
2784801777007
4636948054712
1017694906107
4573165966581
3831580418370
1727674553105
106685127791
4474891180997
4692880381948
1764917853405
742615279646
4626657118560
4332863145932
2434288675882
2447062745282
4495131878034
4359280093638
4420423233176
2877908696367
3017566971297
3878484631573
4664313203527
445099092980
3151969169435
1458877607043
1891545074425
2376805363582
3339857823984
4553882703183
3622538374371
1802161153705
4297479210789
4045666342505
4729118684313
4620753091582
249755532097
3129586749315
2872089513907
4736908331175
4350485316332
3882643304633
4127117249185
4650565728626
4671114683107
4060475598265
240333815487
3599570841452
2208565074710
778314141286
4430467801016
4602337724515
1182207616492
2305736628936
4737304835023
2009434169704
4672248263037
183733962044
4160070528894
4683559774554
4731865489215
680142271776
4644823336326
4226791173716
4288546568709
4130819563125
4514751954444
4000594903188
4176998607403
527577181790
3179947194585
4704424663444
3739901339207
315707548367
4710605439456
4680183322547
4611269078051
4733673230695
4376806602426
1824507133885
3438113085603
