2 10 1000
259797249 60066473 9 0
657887346 358579182 4 0
186
129
274
463
677
637
835
737
751
867
121
884
344
551
269
705
547
206
401
882
218
243
151
238
105
228
755
135
260
886
578
757
687
207
1000
383
52
541
756
941
811
203
543
76
622
680
697
892
429
852
678
968
143
166
248
280
716
590
712
497
611
862
881
423
619
851
930
37
806
674
296
9
724
832
69
654
503
913
173
877
337
980
839
927
382
59
901
118
883
993
305
495
61
848
14
82
496
583
34
684
361
864
440
168
311
683
341
75
766
411
821
742
241
421
830
438
326
159
588
222
563
910
171
802
653
773
603
998
770
149
969
519
733
929
859
522
104
567
433
785
801
987
921
50
945
560
132
668
209
507
645
468
367
362
17
167
780
562
648
520
320
977
673
682
452
502
379
119
371
997
134
971
484
951
373
807
158
717
183
133
762
77
342
617
403
278
592
954
261
876
658
89
236
53
229
710
704
381
282
319
237
559
707
776
98
177
412
679
139
525
336
457
857
39
501
738
789
70
605
368
4
66
136
714
688
328
508
477
112
820
661
128
384
162
521
999
286
189
81
255
387
747
633
935
208
63
602
488
291
749
399
576
805
26
601
214
813
585
464
900
642
566
343
985
254
979
85
530
759
359
152
924
735
492
572
870
335
182
823
454
247
896
792
718
500
760
729
310
174
537
436
815
868
991
123
481
652
545
671
21
959
698
794
973
630
639
777
983
27
7
40
169
829
957
377
405
947
329
899
217
847
893
533
638
145
150
35
976
694
597
115
598
428
723
514
937
936
122
692
691
366
880
29
666
651
444
83
347
301
866
406
596
903
257
242
769
498
844
869
103
443
60
569
510
30
78
213
434
984
593
38
783
408
298
506
80
437
251
175
199
487
667
221
573
527
397
974
819
339
966
467
753
750
394
396
375
349
708
856
94
12
897
600
843
752
125
584
124
812
100
194
909
8
67
256
659
657
964
879
51
686
106
201
348
259
211
791
442
223
289
225
279
740
144
142
568
352
265
956
93
928
414
90
676
627
272
728
239
610
743
846
292
84
860
402
681
922
62
553
49
380
972
854
579
490
822
15
73
461
43
842
395
758
350
613
962
163
703
318
216
720
650
725
817
586
46
850
404
644
370
719
606
548
3
180
711
591
634
561
417
926
197
965
372
117
465
419
816
763
629
24
961
393
558
898
418
363
288
287
422
840
685
317
535
828
861
534
86
198
907
87
224
781
827
581
557
28
544
647
469
779
179
44
439
872
795
188
517
863
273
120
920
889
290
131
96
71
741
865
322
10
234
967
88
309
160
114
97
978
356
99
797
614
539
64
154
515
786
826
266
730
810
299
351
141
1
713
531
473
354
283
48
486
369
184
761
878
300
917
331
148
744
923
165
626
246
146
262
746
540
960
470
130
834
47
564
552
915
20
357
140
334
340
108
390
709
646
271
975
853
42
294
480
768
176
672
814
204
772
914
599
554
102
824
989
690
277
11
721
200
164
72
268
946
364
126
518
212
949
275
110
413
389
303
137
774
202
333
466
170
571
365
550
536
314
556
938
727
693
825
748
505
33
388
944
472
489
796
252
632
475
482
905
410
430
565
701
113
302
270
532
196
831
523
663
456
226
754
594
157
313
346
267
631
276
360
192
462
837
332
912
504
445
908
91
187
25
890
799
604
432
427
450
324
101
953
22
608
636
950
18
263
312
36
425
662
855
800
731
624
790
635
871
109
732
895
2
595
615
925
665
649
358
374
400
190
327
107
538
511
476
308
932
509
253
355
471
764
934
420
887
804
345
587
230
778
546
736
478
970
607
178
264
874
784
205
491
195
155
906
330
57
623
316
325
803
45
542
513
65
695
628
58
455
245
589
41
449
231
669
620
0
32
378
528
836
963
526
448
955
992
13
911
918
888
833
483
699
391
734
284
441
19
655
258
982
55
235
31
739
485
902
916
285
931
407
306
952
775
948
95
474
990
641
582
111
745
575
771
555
787
446
54
385
706
689
398
940
675
875
996
23
524
304
767
793
580
147
625
798
664
240
338
321
656
392
185
74
479
788
512
609
616
873
409
986
153
127
765
958
715
529
56
670
323
79
220
640
435
493
453
808
894
845
618
5
210
92
116
988
891
809
191
295
574
172
250
416
249
516
726
612
233
293
426
431
942
227
933
353
244
161
315
297
841
138
386
838
577
570
818
696
415
660
981
849
68
460
16
447
156
643
885
995
232
943
494
307
459
904
782
702
281
6
621
994
700
215
919
722
458
193
451
219
858
499
939
549
376
181
