4 10 1000
33948837 28049112 4 0
298287997 181421719 3992 4
161609860 108313774 756 1
648188106 116922725 507 2
637
315
392
357
205
560
581
199
875
653
147
632
368
721
107
57
49
990
50
284
328
727
708
870
47
298
552
293
894
336
737
679
802
12
155
999
943
204
892
474
909
722
908
446
207
828
25
645
599
161
611
598
606
533
546
1000
206
211
158
902
491
754
427
243
764
907
172
459
272
589
450
757
592
417
543
179
484
710
201
515
454
386
395
874
9
52
746
235
880
804
654
70
536
401
853
854
426
149
378
823
951
956
282
748
311
647
455
163
165
782
777
197
404
642
447
46
108
655
535
136
634
638
129
335
603
281
438
939
627
740
640
500
382
913
4
839
694
419
13
622
402
187
712
709
390
573
21
508
487
720
140
97
888
571
260
486
723
219
673
54
466
878
986
323
700
842
418
786
817
456
626
191
830
955
504
228
767
772
584
912
389
553
523
467
663
341
969
316
510
618
134
649
333
121
451
34
697
987
27
303
607
897
973
613
671
962
859
326
229
678
141
399
662
331
864
485
728
877
692
784
367
744
683
657
142
812
337
867
288
861
701
403
233
15
829
127
931
458
714
440
726
807
496
518
405
808
957
816
751
522
840
476
85
648
904
698
95
517
314
78
503
824
963
600
674
643
677
704
630
75
783
945
479
871
425
765
28
501
495
921
53
670
270
289
208
749
896
900
929
276
759
99
672
876
268
144
339
65
449
322
265
283
810
850
849
612
975
26
241
14
918
253
306
353
882
494
313
557
558
81
542
212
105
776
346
396
250
917
76
665
125
793
6
741
351
659
93
594
381
966
421
271
334
688
891
885
866
905
415
64
942
37
291
72
307
690
152
506
31
532
669
267
847
738
384
345
625
69
927
631
910
210
575
145
770
547
264
591
394
77
940
225
319
463
227
287
478
660
10
362
237
245
33
310
424
327
156
266
982
935
98
883
11
274
360
992
961
803
813
223
373
578
400
453
970
614
773
620
499
915
170
761
984
719
234
118
559
387
574
457
569
981
528
616
825
96
366
735
609
794
635
473
224
924
771
492
468
650
602
893
361
795
852
433
91
668
330
989
363
916
703
80
991
636
582
541
707
960
465
213
128
259
312
352
74
236
258
325
742
681
936
815
675
516
461
391
821
791
369
482
220
182
941
255
750
540
371
273
788
814
570
983
736
565
718
269
763
164
889
42
35
217
104
511
36
799
471
257
412
385
448
67
851
73
176
639
290
713
628
150
610
835
623
633
294
753
188
2
922
914
661
934
811
200
414
952
5
843
781
580
477
886
184
439
483
512
309
146
167
295
114
792
818
994
977
460
317
502
329
731
305
215
304
194
238
950
604
563
44
61
193
116
689
585
321
576
562
308
926
106
755
143
890
832
826
180
899
320
120
90
489
954
39
797
911
789
787
432
383
38
249
221
374
372
685
901
397
117
350
555
534
579
976
855
778
856
263
505
68
758
88
695
185
831
157
87
595
513
780
621
881
711
226
834
624
222
244
247
154
845
195
800
972
286
416
548
123
3
760
968
347
898
702
254
110
354
296
923
526
796
822
84
544
393
608
521
836
862
30
903
196
507
411
617
651
857
549
124
445
567
19
577
248
344
131
527
684
464
583
967
805
732
173
680
586
766
198
102
686
564
63
55
151
550
715
246
687
231
667
525
873
202
301
699
472
819
488
597
734
841
858
539
846
958
356
844
997
181
601
338
159
682
933
906
100
166
112
423
178
561
932
524
364
280
920
409
615
162
593
92
375
278
442
8
498
153
937
348
693
20
431
717
436
324
785
340
769
798
137
588
135
0
729
109
696
949
86
964
590
820
996
863
930
45
355
919
978
413
66
938
370
32
691
434
62
358
944
292
94
887
988
762
520
644
646
60
16
23
995
22
41
177
24
928
509
519
779
209
971
469
79
240
879
705
17
514
256
133
420
332
641
168
302
262
190
444
297
1
408
724
676
587
790
838
452
470
605
974
752
138
318
775
985
568
801
239
83
122
279
115
429
232
572
380
837
132
119
706
218
428
596
530
551
82
59
407
388
242
169
7
865
868
480
848
186
556
768
216
40
230
806
430
872
745
884
171
946
214
101
111
56
443
300
48
376
725
130
285
733
342
175
359
58
947
251
365
554
827
43
89
277
656
747
490
103
441
619
925
730
406
529
860
349
833
203
51
895
980
993
979
497
377
998
869
959
481
435
126
743
183
629
252
398
343
531
275
261
189
379
299
756
18
739
566
545
809
948
652
666
462
664
160
422
965
148
139
192
475
493
410
71
953
29
774
716
538
174
658
537
113
