1408239964695
2428650311888
1690063623827
807016375418
2804370015816
3351640482664
1508577428600
3015813129589
4408338980093
2989066859945
4283150273184
3408419615551
2579315952454
2001405943947
568745307516
4071861317440
4577701053189
2100166066807
3047906829889
2510399176292
4569478201475
2660690919009
2924788295705
4557051195385
3651821805699
1125463212377
4470468936225
4484008109607
1644907435844
4575902300801
341994081841
2211315166007
3170619060617
1569181468644
1043916779377
2962284124845
4438090699765
2876567405486
3683550190819
369631221331
230922100046
1068380709277
3391087254621
4578605881285
2169634253807
4461135707924
3451341201827
3080000530189
4465393237065
4506208391036
3986821396213
2956927577825
725012439418
4292713194464
1895591526597
3960368542611
3843541837232
4169934419770
1832102876187
174855908186
4491136546887
4413570474983
1500888500460
4527586364825
4385161271513
2466421670468
4280759542864
3337738049404
3069302630089
2339597633507
2951571030805
4444462549165
4578011130541
1291060130757
782415194618
4370052962648
4410094832963
4533584813155
2881935919545
2762659457836
258955195976
3455632774077
305144562521
4449147791380
3850974187252
3202217570777
3464215918577
3647850700079
4563901152371
1212700907281
1754505636797
4172875197890
2326844638507
2816287318096
1400462136885
2604373820094
406443301743
1181255372841
415468487033
3489965352077
3096047380339
2377791984668
2732866202136
4320117350753
4578930416298
3472799063077
184200273496
4239589899676
4542540343789
3395440676691
3963694928123
4514080772056
3727176720359
4571289444450
3983595058373
4563392678161
4160913827860
4566950712175
2780535411256
4469200011435
4441276624465
3481382207577
2673160061805
929751773177
4402990278113
505720339933
4558201361725
2176581072507
4065690437740
4578830114418
3957036223291
4335280189720
2314091643507
4224904551256
3138838980739
3404098724421
3967019830183
1561608871924
4576832564938
3862122712282
3789824289761
4404773178773
2422348092278
1768614225777
1439351275935
4068775877590
4266415160944
1987297354967
4275978082224
240266465356
4466662161855
3604154630189
2560522551724
3507131641077
1423795620315
4475544635385
2029623121907
4229799667396
1867374348637
2554258084814
2648184126689
286719802861
4467931086645
550846266383
4485196182487
2774576760116
4516330023776
3323625693293
3890305947791
2930144842725
1740277877497
2691152239685
4378029668873
3747006961059
4578724460406
1747451342307
4565426575001
4520827538370
3976994536363
4111912391398
2294676990407
3600140866584
3993274071893
1369350825645
3133490030689
4577060488178
3953703903971
3333038756513
1100999282477
4133476248328
2810328666956
4552739474247
268261511571
3933709988051
4222456993186
2197421528607
3990047734053
4244483199430
2654437522849
3691482287099
4577870708819
4507333016896
1384906481265
4505083765176
4577288411418
4536112649845
3917048391451
4261552532410
4578132062991
2479012123328
4551449867427
3947039265331
4372067938858
2246049259507
2307715146007
2409617775818
1591899258804
3687516238959
2768618108976
2064894594357
1196978140061
4397641576133
1298895533487
3923713030091
4148879003278
4190638738276
4328842489270
888938018515
3421300196077
2522935750264
1236212311647
4278368812544
3266617066058
1660052629284
4529300207205
4476792802107
4519703515856
2287730171707
2218261984707
3703380431519
487669969353
700411258618
3900386794851
451569228193
4285541003504
2015514532927
3824527705841
2871193762696
3592030552144
3247512200738
3090698430289
3937042307371
3295191149138
3562582355279
3667685998259
4508457642756
4503959139316
4157906963890
4575429883601
3663719950119
2547993617904
4546528025689
4574227644806
3886923080651
4359978081598
29430791104
4256675580130
4037921479090
2259942896907
1629762242404
1470132787900
4509582268616
3596085709364
970524989677
1937917293537
3624016480139
49050939564
4053348678340
3549805636139
4093429085458
1084689995877
4366023010228
4087267983478
4306628088893
1189116756451
3386733832551
2447535991178
3356123220801
4486384255367
913442486577
1733104412687
1782722814757
4530157128395
2940857936765
3865725497260
3318919161683
4535282370645
4220009435116
277507423031
4562884203951
4576604641698
3237913537578
4383378370853
4564409626581
2844325548746
4418564307823
1810939992717
4566443041375
1392684309075
4511831520336
4395858675473
4315620930133
3858406537272
460594413483
2472716896898
4531014049585
1916754410067
9810332600
4560850307111
4210219202836
2204368347307
1839157170677
4421869263240
3468507490827
4510706894476
2714990248716
2050786005377
1874428643127
3812959900481
1516173291604
2415982934048
4552094670837
3893688814931
4578373927891
1704410553447
4290322464144
1361572997835
823417162618
3429883340577
946061059777
4390509973493
3058604729989
314356942351
2828204620376
4353933152968
4568472736875
1338072547137
3252311532318
3943706946011
3228115242045
4124234595358
4025537450293
1980243060477
4479226861347
3191684734057
433518857613
1306730936217
3774400549281
4494700765527
3671652046399
3579617980799
58861013794
3836095511201
2935501389745
3554064542519
3566841261659
3085349480239
872570820255
3342372193824
4572426750058
2345966193518
4237142341606
3223210840795
514745525223
1173393989231
1607044452244
4573949044616
3805248030241
397268360821
2967640671865
2726907550996
1345907949867
921597129877
4411832653973
3631961220119
4217561877046
1546463678484
4317869140443
469619598773
790615588218
856203621995
4497076911287
1431573448125
1902645821087
4524986030399
2972997218885
4006179423253
4562375729741
2403252617588
1251883117107
2301338648507
1775668520267
4481631963847
3754939057339
3128141080639
667609684218
626607716218
1923808704557
3839825662222
3950371584651
3314212630073
4555894725627
4571708430660
3545546729759
4114992942388
1697237088637
1817994287207
4474275710595
3766688679041
4573080431232
4205324086696
4487572328247
4561867255531
4463984649695
3196951152417
4515205397916
1944971588027
4547310862099
3515714785577
994988919577
4337422039080
3485673779827
2190474709907
4308876299203
2183527891207
3872874372200
1853265759657
2114059704207
3778256484401
4102670738428
684010471418
2598109353184
3719244624079
4564918100791
2616902753914
3970344732243
532795895803
864387221125
3643878330089
4271196621584
295932182691
249610830666
1416017792505
2703072946436
2833578263166
4022311112453
3364966722201
4526729443635
4034836039240
3271379413238
897121617645
4565935049211
3459924346327
4154900099920
2086057477827
4015858436773
1909700115577
733212833018
3980319438423
1761559931287
4044092358790
4431684932220
2892649013585
332781702011
1930862999047
937906416477
2641930730529
4349903200548
3412717051577
4570398020564
4084187432488
3801392095121
4056434118190
3816815835601
2225208803407
146697134944
4560341832901
4492324619767
2535464684084
3434174912827
2497851142092
3996500409733
2914075201665
757814013818
3378026988411
4528443286015
1228376908917
4434904775065
3442758057327
4574485049201
3373673566341
4576138509401
4539350198269
4446055511515
4574721257801
1011298206177
98101310714
4287931733824
4374082915068
137038576354
3620044110149
3280904107598
4145798452288
1267553922567
3762809486673
496695154643
4512956146196
848018343418
2141846979007
2093111772317
78481162254
3659753901979
2629423938209
1149809838401
165511542876
4578465552211
4567458382975
2273836534307
3655787853839
1259718519837
2358696509978
4489948474007
3101396330389
4345805821956
3820671770721
3165352642257
2786494062396
4532727891965
2232155622107
2635677334369
815216769018
1789777109247
3880023247140
3735108816639
4550160260607
2148793797707
4538552661889
4136556799318
4572756525108
3154819805537
1322401741677
4009405761093
127380017764
2738824853276
4452208856300
3524252197859
2983710312925
4550805064017
2855072834326
4548758935159
1204839523671
4570845751874
1060226065977
1035762136077
4364008034018
4517454649636
3425591768327
3575359074419
4428413042560
2908718654645
634808109818
3218016825857
156167177566
0
2946214483785
3854690362262
1244047714377
4392292874153
4163920691830
3309478190678
1353743352597
88291236484
3112094230489
4439683662115
3063953680039
659409290618
3149536880839
1141772498977
4324516081278
2865820119906
4442869586815
2320468141007
4127315146348
692210865018
3106745280439
2266889715607
4459650147944
4569948403617
4050263238490
4059519558040
2280783353007
68671088024
3679584142679
4426777097730
4347882094686
1846211465167
1117308569077
978679632977
4574957466401
798815981818
3999726747573
2919431748685
4326692538330
4302131668273
3382380410481
1667625226004
3304715843498
4078026330508
2121006522907
3502840068827
2155740616407
1584326662084
2441240764748
2162687435107
4090348534468
3832239576081
3026511029689
4242037457746
4175551632610
4455193468004
2384157142898
1165532605621
4180814703770
3021162079639
478644784063
2666944315169
2333221136007
3477090635327
523770710513
3883540213511
2022568827417
3438466485077
4561358781321
4193086296346
4559833358691
3347006338244
716812045818
1314566338947
3869299934730
4498263962052
3675618094539
1052071422677
962370346377
4246921675570
4105751289418
2887292466565
2822245969236
4183296064066
4351918176758
4471737861015
2744783504416
4249360151710
3639905960099
1523745888324
4185743622136
1554036275204
4436497737415
4534435647405
3635933590109
3739074864779
3616071740159
3532770010619
4322332997698
4450678323840
4559324884481
4567966053775
3903719114171
2453831217608
1220541506187
2903362107625
1888537232107
3117443180539
1493199572320
2898005560605
1718757483067
4553384277657
4537755125509
1952025882517
4399424476793
3010464179539
3793680224881
4536940451078
1109153925777
3731142768499
2999766279439
4028665159540
3328332224903
2610638287004
831617556218
4573670444426
1003143562877
1454754931620
3973669634303
193544638806
3042557879839
2390522301128
3770544614161
4543337880169
3711312527799
3122792130589
2134900160307
4575666092201
4361993057808
1966134471497
4430048987390
4099590187438
4577516334658
1796831403737
1157671222011
3750973009199
577405354618
4555288125367
3723210672219
2008460238437
675810077818
117721459174
2756700806696
4401207377453
2434945538318
4263991008550
3930377668731
3212750407497
2994417329389
2573051485544
4545730489309
4388727072833
4368037986438
4234694783536
4482820036727
1330237144407
4578540873545
19620665200
4488760401127
986834276277
4202876528626
2529200217174
3541287823379
4311124509513
1803885698227
4074945779518
3797536160001
4447617258920
4578880265358
4462563394025
4531870970775
4578779071456
905287843277
4423505208070
4313372719823
2057840299867
39240865334
2541729150994
4379812569533
4339563888440
2504125159192
1860320054147
442544042903
4273587351904
3940374626691
2485303107892
4259114056270
4002953085413
2396887459358
4554673884477
2043731710887
3627988850129
3290428801958
4297455358875
1711584018257
3175885478977
3571100168039
4130395697338
4254237103990
4568975469175
3558323448899
3186418315697
2709031597576
4341653276496
4330992440210
2679225210345
3494256924327
3612099370169
4195533854416
593806141818
4019084774613
3074651580139
3695448335239
3181151897337
2585580419364
4232247225466
4012632098933
4251798627850
1959080177007
4572073517040
3847258012242
4268805891264
212233369426
3261854718878
351206461671
2685188725015
1682770419444
3160086223897
4420217655683
4578980567238
1675197822724
4227352109326
2036677416397
2516671283354
559871451673
1377128653455
4524055182069
4295096287479
360418841501
2792452713536
4118073493378
3785968354641
1622189645684
3031859979739
1652480032564
2079003183337
774214801018
4178198134570
3699414383379
3897043361771
618407322618
2107112885507
4579030718178
4151893235950
4197981412486
3037208929789
3907051433491
4578669849356
4041006918940
4333138340360
4188191180206
4386944172173
4357963105388
202889004116
3910383752811
741413226618
4544135416549
1576754065364
3876448809670
1614617048964
4558776444895
4096509636448
4525872522445
839817949818
4501709887596
4200428970556
602006535418
3399777833291
1725930947877
1027607492777
4554029081067
4518579146996
1538891081764
4544932952929
2252996078207
2720948899856
4541742807409
3809103965361
708611652218
4376097891278
4215114318976
4142717901298
4031750599390
1092844639177
610206929018
3587975394924
4499448627882
3276141760418
643008503418
3927045349411
3707346479659
585605748218
4416910959963
4502834513456
221577734736
4478009831727
3053255779939
2127953341607
4556476112215
1275389325297
2071948888847
4500585261736
4473006785805
2491577124992
3369320144271
3913716072131
3537028916999
3417008623827
4121154044368
424493672323
2860446477116
1283224728027
3285666454778
4355948129178
4540945271029
3758899063703
2750742155556
4458164587964
4456679027984
880754419385
4557626278555
4495888838407
4575193675001
1133617855677
3828383640961
4108831840408
2623167220824
1477821716040
3583876887179
1599471855524
2566787018634
1881482937617
4453707908024
1462443859760
1019452849477
4433309259109
4166927555800
3299953496318
4576374718001
954215703077
4081106881498
1076535352577
3233019643295
3242712869158
3920380710771
2798411364676
651208897018
1637334839124
766014407418
2849699191536
4480443890967
3144187930789
4207771644766
107911384944
4047177798640
2838951905956
3782112419521
4493512692647
4394075774813
3511423213327
3447049629577
2591844886274
4212666760906
4573391844236
1994351649457
2460126444038
4406556079433
1447066003480
3005115229489
2371426826438
4425141152900
4139637350308
541821081093
3498548496577
323569322181
3257092371698
3360567747711
4578252995441
3608127000179
2978353765905
1973188765987
4304379878583
1825048581697
4343729549226
1531318485044
3528511104239
3519993291479
3743040912919
3207483989137
4540147734649
2697114295296
1485510644180
2365061668208
378843601161
4062604997890
4523047747055
4381595470193
2352331351748
3715278575939
4299803507395
4548034898629
2239102440807
4521951412450
749613620218
4549482971689
388055980991
