20 3 20
96416430 56866423 30 2
396938719 227830843 7 2
599724674 408738749 6 1
187774150 532516315 8 1
310596338 53688891 18 1
5235355 148980754 23 1
25498474 192191994 20 1
114959291 45917168 41 2
279558306 241279214 12 1
723312454 520844807 6 1
358163490 175005609 35 2
186599524 6050400 21 1
415246062 361217965 4 0
205623954 168535381 10 1
36100126 431301651 14 1
67911328 17954390 17 2
47301659 29029396 29 2
313923227 166064551 13 1
404739539 720413123 15 2
53323664 6767372 40 2
10
5
9
12
11
4
13
8
15
0
16
19
1
14
7
17
20
2
6
3
