1946598772936
1871191552216
1446273718156
2093546177416
2093546177416
1708775999896
2039407659976
1399094761156
1202173897156
2093546177416
1797717849976
1542682891156
438806108344
1273967962156
1292429293156
2093546177416
1645245841156
2093546177416
1573451776156
719612330524
1867324515256
2093546177416
2093546177416
2093546177416
2093546177416
2093546177416
2093546177416
2093546177416
1078783079824
2093546177416
1698578575156
1454478754156
1134482350156
1927263588136
1536529114156
92696113564
2093546177416
151469508904
1665758431156
1581656812156
2093546177416
2066476918696
2093546177416
1782249702136
2093546177416
2093546177416
2093546177416
543292144504
2093546177416
1888593218536
1755180443416
523701012724
2093546177416
1983335624056
2093546177416
157999886164
210242904244
2093546177416
504109880944
1407299797156
1653450877156
1509862747156
1243199077156
517170635464
2093546177416
2000737290376
1598066884156
406154222044
20861963704
876341384764
2093546177416
2093546177416
1639092064156
1397043502156
2093546177416
1198071379156
1130379832156
373502335744
1561144222156
1485247639156
2087745621976
2093546177416
2093546177416
2093546177416
1805451923896
1489350157156
2078078029576
1766781554296
2093546177416
2093546177416
2093546177416
830628743944
2093546177416
2093546177416
1682168503156
2093546177416
2093546177416
2093546177416
1692424798156
1826720627176
1204225156156
242894790544
589004785324
2093546177416
2093546177416
1154994940156
1349864545156
2093546177416
1282172998156
2093546177416
1851856367416
2093546177416
1341659509156
1647297100156
1612425697156
2093546177416
1146789904156
2093546177416
1224737746156
1704732352156
948175534624
2093546177416
2093546177416
1249352854156
2093546177416
2093546177416
1362172099156
908993271064
562883276284
1278070480156
700021198744
1421658610156
1967867476216
1557041704156
1600118143156
961236289144
1152943681156
2093546177416
2093546177416
2093546177416
2093546177416
184121395204
2093546177416
2093546177416
353911203964
2093546177416
2037474141496
595535162584
1237045300156
1759047480376
2093546177416
2093546177416
1942731735976
2093546177416
922054025584
1764848035816
856750252984
27392340964
1319095660156
1118072278156
713081953264
2093546177416
2056809326296
2093546177416
1171405012156
2093546177416
2093546177416
2093546177416
1673963467156
86165736304
2051008770856
2093546177416
0
2062609881736
1450376236156
1253455372156
2093546177416
1405248538156
2093546177416
2093546177416
2093546177416
1516016524156
1046131193524
2093546177416
1413453574156
2093546177416
1144738645156
1741645814056
1969800994696
2093546177416
2093546177416
2093546177416
2093546177416
2093546177416
1267814185156
1859590441336
1150892422156
1511914006156
1743579332536
2093546177416
2093546177416
2093546177416
1554990445156
458397240124
2016205438216
1456530013156
1259609149156
2093546177416
1724244147736
771855348604
477988371904
2093546177416
1768715072776
1232942782156
1390889725156
634717426144
1936931180536
850219875724
1552939186156
2093546177416
1351915804156
1938864699016
1388838466156
1686271021156
915523648324
967766666404
2093546177416
2049075252376
1863457478296
2093546177416
2093546177416
1477042603156
2093546177416
1026540061744
2027806549096
1505760229156
1226789005156
1853789885896
1540631632156
164530263424
1487298898156
1033070439004
1181661307156
1880859144616
1757113961896
1929197106616
1234994041156
1220635228156
46983472744
1169353753156
2093546177416
1655502136156
2093546177416
1878925626136
1575503035156
2093546177416
1364223358156
249425167804
1791917294536
1882792663096
1569349258156
1728111184696
2091612658936
1688322280156
2093546177416
1726177666216
2093546177416
1304736847156
1706783611156
804507234904
2093546177416
2093546177416
1577554294156
1778382665176
2093546177416
2022005993656
1579605553156
2093546177416
177591017944
2093546177416
203712526984
615126294364
1596015625156
2093546177416
2093546177416
2093546177416
2093546177416
1846055811976
1784183220616
2020072475176
1993003216456
1431914905156
1380633430156
1483196380156
2093546177416
2093546177416
491049126424
1620630733156
1462683790156
1690373539156
1538580373156
2093546177416
2093546177416
131878377124
2093546177416
1105764724156
1472940085156
2064543400216
1671912208156
869811007504
2093546177416
2093546177416
693490821484
484518749164
1678065985156
1795784331496
1474991344156
2093546177416
2093546177416
530231389984
2093546177416
2093546177416
2093546177416
2093546177416
1497555193156
1339608250156
2093546177416
2031673586056
1667809690156
1911795440296
2093546177416
680430066964
2093546177416
2093546177416
2093546177416
784916103124
33922718224
1222686487156
1372428394156
1466786308156
1950465809896
1101662206156
1142687386156
1085313457084
2093546177416
2025873030616
2093546177416
2093546177416
2093546177416
654308557924
2047141733896
1520119042156
2093546177416
2093546177416
1909861921816
1616528215156
1786116739096
2093546177416
1834454701096
2093546177416
1604220661156
1973668031656
2010404882776
1954332846856
1427812387156
2093546177416
2093546177416
2093546177416
1884726181576
451866862864
105756868084
347380826704
2093546177416
1302685588156
2093546177416
2054875807816
2093546177416
1987202661016
445336485604
2093546177416
2093546177416
1975601550136
380032713004
1218583969156
2093546177416
1173456271156
1649348359156
2012338401256
2093546177416
1971734513176
1583708071156
1977535068616
1503708970156
1308839365156
1419607351156
1314993142156
2093546177416
112287245344
1306788106156
2093546177416
1196020120156
2093546177416
549822521764
1996870253416
1890526737016
1312941883156
1433966164156
2093546177416
1919529514216
2093546177416
1103713465156
2093546177416
1091405911156
739203462304
1452427495156
2093546177416
993888175444
2093546177416
1720377110776
2093546177416
1585759330156
2093546177416
2093546177416
1000418552704
2093546177416
1921463032696
2093546177416
1442171200156
1464735049156
1857656922856
1411402315156
1700629834156
2076144511096
1479093862156
1733911740136
2093546177416
1425761128156
1807385442376
2093546177416
1630887028156
1495503934156
2093546177416
2093546177416
2014271919736
1659604654156
1998803771896
2093546177416
99226490824
1702681093156
2093546177416
1493452675156
1913728958776
2093546177416
1382684689156
582474408064
2070343955656
1849922848936
1712643036856
1356018322156
1522170301156
1762914517336
1366274617156
2093546177416
1109867242156
1097559688156
895932516544
171060640684
726142707784
2093546177416
1288326775156
1722310629256
2093546177416
419214976564
229834036024
1772582109736
1628835769156
1284224257156
2093546177416
2043274696936
2093546177416
1200122638156
2093546177416
66574604524
1429863646156
2093546177416
2093546177416
1815119516296
1847989330456
2060676363256
1239096559156
1189866343156
2093546177416
1923396551176
1378582171156
1714576555336
1960133402296
641247803404
2093546177416
2093546177416
1210378933156
308198563144
2093546177416
1183712566156
2093546177416
1608323179156
497579503684
2093546177416
706551576004
2093546177416
2093546177416
1214481451156
1626784510156
817567989424
2093546177416
2093546177416
1175507530156
791446480384
1444222459156
1964000439256
673899689704
1368325876156
2093546177416
53513850004
1370377135156
366971958484
1822853590216
2093546177416
1684219762156
1126277314156
2093546177416
262485922324
1501657711156
1776449146696
752264216824
1965933957736
647778180664
2093546177416
2093546177416
2093546177416
360441581224
2093546177416
1591913107156
1979468587096
1039600816264
1206276415156
1801584886936
1185763825156
1228840264156
138408754384
1793850813016
2093546177416
2093546177416
1718443592296
2093546177416
1907928403336
811037612164
1789983776056
1593964366156
1159097458156
2093546177416
1861523959816
1216532710156
2093546177416
1384735948156
2072277474136
621656671624
1358069581156
2093546177416
2093546177416
2093546177416
1458581272156
2093546177416
2093546177416
2093546177416
2029740067576
2093546177416
1491401416156
2004604327336
1780316183656
2093546177416
1832521182616
2093546177416
216773281504
2093546177416
2093546177416
2093546177416
1559092963156
269016299584
386563090264
1187815084156
1255506631156
1138584868156
1440119941156
2093546177416
1844122293496
510640258204
2093546177416
2093546177416
1735845258616
1524221560156
2074210992616
288607431364
2093546177416
2093546177416
1107815983156
2045208215416
1263711667156
1347813286156
236364413284
2093546177416
1269865444156
1809318960856
2093546177416
1261660408156
1518067783156
73104981784
1360120840156
1327300696156
2093546177416
2083878585016
282077054104
778385725864
1481145121156
1905994884856
686960444224
1006948929964
275546676844
1329351955156
2093546177416
2093546177416
2093546177416
1401146020156
2093546177416
2093546177416
2093546177416
1842188775016
1438068682156
2093546177416
889402139284
1345762027156
2093546177416
1751313406456
2093546177416
79635359044
1624733251156
2093546177416
2093546177416
2093546177416
1140636127156
2080011548056
255955545064
2093546177416
1513965265156
628187048884
2093546177416
1157046199156
190651772464
1161148717156
2093546177416
1824787108696
2093546177416
1989136179496
1994936734936
321259317664
1739712295576
1651399618156
399623844784
2093546177416
2093546177416
1981402105576
1020009684484
2093546177416
1296531811156
2093546177416
1813185997816
2093546177416
2093546177416
1065722325304
882871762024
1637040805156
1191917602156
797976857644
1567297999156
1132431091156
1589861848156
125347999864
2093546177416
2093546177416
1013479307224
2093546177416
1770648591256
837159121204
1271916703156
2093546177416
1931130625096
60044227264
1830587664136
1323198178156
1093457170156
1869258033736
2093546177416
2093546177416
954705911884
1661655913156
1460632531156
1956266365336
1818986553256
2093546177416
2093546177416
824098366684
2093546177416
1386787207156
608595917104
1448324977156
432275731084
1177558789156
2093546177416
2068410437176
2093546177416
2093546177416
1602169402156
2093546177416
2093546177416
314728940404
2093546177416
1669860949156
1290378034156
1680117244156
2093546177416
2093546177416
1325249437156
2093546177416
1915662477256
1731978221656
1321146919156
556352899024
2093546177416
2093546177416
1917595995736
2093546177416
2093546177416
118817622604
1694476057156
2093546177416
1099610947156
2093546177416
2018138956696
1817053034776
1840255256536
2093546177416
1948532291416
758794594084
1507811488156
2093546177416
2093546177416
2093546177416
7801209184
987357798184
1276019221156
1333454473156
2093546177416
412684599304
1317044401156
2093546177416
1470888826156
1124226055156
2093546177416
223303658764
843689498464
1335505732156
327789694924
2093546177416
2093546177416
2093546177416
1394992243156
2093546177416
1530375337156
2093546177416
1622681992156
1072252702564
2093546177416
2093546177416
1940798217496
1749379887976
1618579474156
732673085044
1571400517156
2093546177416
980827420924
1894393773976
1676014726156
2093546177416
1565246740156
1876992107656
2093546177416
1696527316156
1904061366376
2093546177416
2093546177416
1760980998856
1788050257576
144939131644
1737778777096
1587810589156
1632938287156
928584402844
2093546177416
1944665254456
1468837567156
1163199976156
2093546177416
1179610048156
1606271920156
941645157364
14331586444
393093467524
1409351056156
2093546177416
1873125070696
1353967063156
1820920071736
2093546177416
2023939512136
2085812103496
2093546177416
1241147818156
660838935184
667369312444
1286275516156
2093546177416
1544734150156
2093546177416
2006537845816
1991069697976
2093546177416
1136533609156
295137808624
1855723404376
1310890624156
2093546177416
1193968861156
2093546177416
301668185884
1499606452156
1128328573156
2093546177416
1614476956156
425745353824
2041341178456
1925330069656
2093546177416
1900194329416
569413653544
1838321738056
536761767244
2093546177416
2002670808856
2093546177416
1120123537156
1417556092156
2093546177416
2093546177416
2093546177416
2093546177416
1111918501156
2052942289336
1643194582156
2093546177416
1528324078156
1563195481156
1803518405416
2093546177416
2093546177416
2093546177416
1892460255496
1251404113156
902462893804
464927617384
2093546177416
765324971344
2093546177416
1257557890156
2093546177416
1548836668156
1985269142536
2093546177416
2093546177416
2093546177416
1730044703176
1828654145656
1280121739156
1962066920776
1247301595156
1710709518376
2093546177416
2093546177416
471457994644
1113969760156
2093546177416
2093546177416
2093546177416
1374479653156
1898260810936
1208327674156
1753246924936
1245250336156
1052661570784
1265762926156
1532426596156
1747446369496
2093546177416
1148841163156
2093546177416
1392940984156
745733839564
2093546177416
2093546177416
2093546177416
1167302494156
1634989546156
2093546177416
2093546177416
40453095484
2093546177416
2089679140456
1836388219576
2033607104536
2093546177416
2008471364296
2093546177416
1298583070156
334320072184
340850449444
1165251235156
2058742844776
1337556991156
2093546177416
1896327292456
2081945066536
1526272819156
197182149724
1886659700056
1415504833156
1663707172156
1423709869156
2093546177416
2093546177416
1952399328376
1657553395156
1300634329156
1550887927156
1343710768156
863280630244
1403197279156
2093546177416
2093546177416
974297043664
1122174796156
2093546177416
2093546177416
1745512851016
2093546177416
602065539844
935114780104
1095508429156
1933064143576
1641143323156
1059191948044
1230891523156
1331403214156
2093546177416
2093546177416
1799651368456
1376530912156
1546785409156
2093546177416
1811252479336
1875058589176
2093546177416
2093546177416
2093546177416
2093546177416
1716510073816
1774515628216
2093546177416
1294480552156
575944030804
1958199883816
1534477855156
2093546177416
2093546177416
2093546177416
1902127847896
2093546177416
1610374438156
2035540623016
1865390996776
1116021019156
1436017423156
1934997662056
