1000 10 1000
523826881 267601488 1933 6
222759806 373521768 703 1
82973669 91707731 974 5
157987147 47647063 2329 3
836264202 15373500 476 5
62140592 434606429 3635 6
321065511 133757281 2529 4
159628661 34422463 296 3
346359931 66337259 1321 6
236466844 150347180 3623 5
415110138 80301411 573 4
93625046 31500243 400 3
28077574 516138480 3688 4
493324129 565939 39 3
521498304 15932953 210 4
209225311 104849609 901 4
379520774 242968457 1279 3
80871914 134664659 4947 6
111243197 87193111 547 5
12272298 341026328 903 1
355641071 36671119 1782 4
456743475 88557996 650 4
95770877 494705610 1393 2
9897480 699312572 792 1
611469131 151471876 1058 3
140244866 146988901 791 1
148114010 157057269 720 1
50524467 428794208 2008 4
77616378 286745305 1354 2
14184843 23481011 775 6
299502810 240837073 984 3
847740963 107031359 621 5
218095634 19138328 815 6
2859659 45195076 1367 2
116612320 102898813 3703 5
6664468 721557237 957 1
109866252 263500791 2812 4
444782598 297011476 1374 4
261050098 252870370 1543 6
52162311 235263887 1507 2
4647714 611878901 1891 2
210845755 7118647 2988 5
303713320 171257062 2908 6
30218842 126655146 2876 4
64183723 46656121 4229 5
1510176 749494844 2974 3
113868812 42207997 574 4
163268893 4329347 1363 2
73166471 462663320 3347 4
373785797 46410394 52 1
32567881 638893511 765 1
190774956 295157187 2334 4
413972311 763932 2018 6
179182371 184936200 2454 3
229743928 35153184 1422 5
400302057 1294533 1344 3
392591554 379737063 528 1
99462343 610106303 814 1
201054738 157134753 722 2
283583627 91441154 717 1
113357993 181983289 4412 5
308801870 132318618 2235 6
44075489 255990741 2722 3
8911865 235351716 676 2
3353851 740687282 1979 2
130849685 217144430 1107 3
87234224 122154031 2307 5
104933163 114907691 3385 5
358357522 39857213 140 1
152978907 147194930 623 1
618710015 58821719 1027 3
42288089 193173036 2636 3
186252953 445938870 2900 4
351380390 16277008 271 3
13226871 454055418 4772 5
577304622 135375257 967 3
10475778 194580685 1592 3
373351078 317787656 1582 4
69644 201358281 2582 6
466366083 317116025 985 2
330760175 121839496 931 6
325348257 368904615 1991 5
250214009 226355865 2017 3
39793449 79961585 3744 4
50097803 9723002 171 3
370231394 145341377 3775 6
921490479 26131753 169 4
142513961 238282746 1107 4
8693608 516213496 3949 4
168562652 169992563 3074 5
457486902 32943774 80 1
171670773 252351491 2978 4
667806172 94106307 322 2
20876220 97158794 911 1
86672535 59775641 1857 6
648436865 13562176 104 4
139876444 666183028 2693 4
78922806 409289691 1473 2
181274709 7123745 194 6
304268998 266226190 1938 4
52576044 626890428 2344 3
11346632 272225149 4856 5
94897390 226403381 3054 4
85505049 45492105 595 1
540756658 18783602 1098 4
37826706 8023503 396 2
219945453 423409660 3021 4
12389749 18752599 965 6
96640907 380147334 879 1
114847846 697916336 4292 5
103252888 59800587 70 1
220382199 18295613 625 6
321090990 59269197 477 2
379585348 79247 572 2
162473068 28511841 5 0
221572575 49811492 516 1
45673466 487315727 922 1
268379113 174328826 868 3
375996156 119115140 141 1
325040071 431839647 1016 2
333370951 132462213 3265 5
29311987 201886368 1604 2
410990820 7844743 2170 4
205136617 8696633 1530 2
291898409 132148034 2079 4
111094338 52056494 4171 5
54666572 249352188 1782 2
63824129 122413475 688 3
418447052 30592002 992 2
56164727 178998230 4194 5
61486228 231901016 3998 5
180631977 175529505 511 1
398222555 123455951 317 2
537919189 24419970 786 3
102214540 34082767 1440 4
205826112 58530343 472 1
140055795 208096636 407 1
72779275 254045858 338 1
7677688 99135102 1421 3
290296950 612612824 680 1
23966400 199979180 2252 6
774520 316367592 1323 2
630891798 40706621 250 5
647150832 37760344 479 2
239932684 109306615 1392 5
110829032 180306169 3169 4
45532975 156409253 893 4
32952109 258086126 5398 6
3330499 217315761 802 1
218000849 133781445 3883 5
22759186 153620868 4816 5
292941302 373689413 2130 3
121240830 126414991 967 6
181357573 300655280 2649 4
77958735 279781968 4773 6
382174542 326604402 1076 2
77502308 265660217 3038 5
524366663 19926145 116 4
473910425 210280680 1529 3
359167725 273497397 932 2
81822144 505587060 2450 3
319880156 64575565 605 3
137984393 101956480 2119 3
360766450 23947893 502 1
39429461 268211676 5469 6
30222959 197796645 233 1
846812518 33827234 299 5
20021085 749081851 5785 6
307714593 247987428 802 3
405293315 253330575 974 2
28953112 207108302 572 1
83153631 158074228 687 3
158173214 718793370 839 1
64202750 164046797 529 1
433067639 111205730 2110 5
33999497 836545677 875 1
586864889 17481028 74 2
129219248 66682659 1275 4
337645874 177614016 884 3
411661974 80713522 1310 4
6456314 815961904 2874 3
726821064 51217828 98 1
168381414 298772310 1747 3
297645623 176000595 535 2
46616850 9440235 364 6
393687924 170968755 1165 5
61873404 287463283 969 2
30398032 232689972 4708 5
325129587 447146320 3513 6
481381788 262238823 1653 6
229468163 27017450 1268 2
17056081 167666126 2056 4
240892721 47670942 3487 5
104545082 274195202 1550 2
724854 131731763 3476 4
219758916 155230741 1476 5
622953578 20298761 51 1
93952206 8705856 894 1
373237256 451984981 567 1
39714195 438349589 5270 6
659636104 93444061 453 2
432941156 3821676 2068 5
744866006 137584446 1495 6
106958979 559542819 3814 5
76712641 871829108 1813 2
325348939 68336529 1489 5
434260383 347664782 1826 4
48034061 496093791 3306 4
696287144 11315792 35 3
372128267 445963394 2685 5
96597364 146348542 2232 6
212052342 33812963 532 5
19776456 69847872 408 4
303042949 306488125 3782 6
331396738 47465847 115 2
40603742 765848716 827 1
106738228 509970829 741 1
76404352 607078419 2630 3
100180345 110795075 1091 5
52630259 5120062 900 1
352802689 110675147 1663 3
465258408 25785283 560 3
103467021 521078 3293 4
278711646 21779728 223 5
3666155 690128831 4231 5
479973022 34715925 579 4
454039184 201728210 364 1
136293394 386750019 887 2
242062981 272096887 1076 3
77745608 260608328 650 1
192612146 171215222 356 1
328348216 40632767 136 1
276025373 115896755 317 2
185667219 538002056 2886 4
30309849 51528270 1312 4
145617132 315252154 489 1
297754736 8998441 4019 6
916423209 78048107 225 3
202761157 216239372 2494 4
900029730 14541919 39 2
91912330 28310977 321 6
109041682 116276016 1731 2
221889351 103046833 931 3
31341851 369445105 2834 3
86577012 154483163 3029 5
443634515 344430410 2124 5
92977336 86475324 716 6
862097031 50710017 124 2
224589180 243948643 893 2
569795139 16112150 935 3
652670370 296079563 320 1
3790960 100728542 4002 4
327777467 68737505 1920 3
495145237 72121650 134 1
528196657 308017297 370 1
825291874 33298169 296 3
816147164 74230192 143 1
265498827 405945865 1381 3
1572655 950666763 1000 1
83382756 204404863 2689 3
327402845 551407340 2489 4
13563764 18574417 2793 5
27359656 480669722 3065 4
107833212 592752000 2515 3
197718907 309175802 2365 5
190224731 65549876 296 2
799408646 13349012 335 5
42392092 347466621 2642 5
118604465 158917519 1313 3
104016604 243000970 3605 6
576216750 129625466 333 2
319540390 197629940 870 4
111359781 528553561 4951 6
215758942 298825393 2978 6
171848150 121150584 1029 6
17121166 403218359 5843 6
88032832 12169922 4335 6
1542540 238008314 872 1
465880509 38545476 272 4
695214342 110863 1 5
51190400 700149506 3518 4
247708414 57370722 1652 6
3027998 183391277 547 2
115710675 1826301 202 3
350643928 32941473 449 5
475778605 71190849 882 2
22268420 601385472 4710 5
3134683 115515477 1273 2
427880232 18046689 519 1
218911266 637220499 3577 5
334405922 37022367 74 1
145932470 31940173 1256 5
38095634 743769249 2816 3
456407 54706773 2119 4
553742334 3420343 81 1
211509121 166563492 3751 5
47350865 52974191 934 1
432446031 240901113 797 2
157793715 115293253 272 2
19460391 70028535 3494 4
132653805 22211984 357 1
37810852 104435781 5739 6
100648656 34537429 543 5
62413693 50924496 350 4
241030810 563939006 3483 5
335401679 134909931 1226 4
10002699 243135004 977 1
113626861 45139480 209 2
256960569 44432584 661 3
114764807 57377509 521 1
90246161 203106049 1096 3
220568704 259076628 1320 2
93503926 16162726 39 1
5553413 501378907 3606 4
122789914 354819371 2003 4
27018696 924462245 1948 2
2891668 30929828 238 6
230964494 15175242 48 3
61115825 625654094 2667 4
62900556 717625106 861 1
147027098 243830991 2542 3
547010955 106979241 560 4
13522505 29822437 1512 2
145691264 48849010 924 5
218507174 57786403 2554 4
91280906 191345019 550 1
320781883 453888636 668 1
27104656 249129812 1520 2
102725516 421378772 852 1
24572219 144715683 3127 6
308937590 495355005 2689 5
173462201 308124338 2953 4
383656998 97003665 1191 6
87422356 360436294 915 1
362137762 60159387 1014 2
485117063 33093798 895 3
272083730 57793351 1170 3
343001518 85431273 1069 2
708570786 1874666 65 5
102770898 45559797 1284 2
150631715 335424533 2096 3
253321014 101821649 657 2
152396823 46283500 766 6
196531551 298145919 356 1
520070031 120301466 442 1
638703470 1806145 1550 5
434637302 18855141 135 4
10892517 615091809 3007 4
203371426 154384380 3747 5
172483892 475880116 1608 2
2492263 305286604 775 1
50563773 41666076 1108 6
198990318 122929562 529 1
99433063 66916652 5205 6
99063670 96387543 1179 2
460513528 51848020 1485 5
57128585 74022386 2333 3
11837281 214045196 1652 4
84938857 202492327 1394 6
78950088 459110753 2172 3
188652381 152781238 2499 6
13055783 16746640 174 6
177148429 32551384 109 3
28181380 107833644 3992 6
107468342 14917183 621 5
428585426 106307575 1577 4
293089866 30844226 1959 6
2143453 735335675 5235 6
362642 986867921 3009 3
171954540 49650878 497 5
12077029 125131476 2049 6
64108640 24973819 207 1
39703350 245501571 900 1
181297995 153743588 3562 5
338230456 272647521 1930 3
289532852 161175450 1151 6
40010659 169325385 2196 3
164323097 49484611 400 1
26098465 425945435 2322 3
41912532 913002145 1852 2
172392118 200590218 3970 5
73286636 444084905 3776 6
110203836 292627231 2044 6
178990244 242454914 3444 5
119961301 518887493 4444 6
349361099 19929517 1522 5
50332487 130560978 5440 6
215597381 131832865 2210 5
882032595 12825298 135 5
240496359 102419226 3700 5
5292262 220396288 5612 6
413416855 242882093 2299 4
8424607 345264711 2416 5
628576846 6617802 15 2
6169050 296008713 1993 2
3276484 427570253 863 1
151983483 645873199 2071 3
60226493 338035359 2708 4
663040111 95464912 138 1
49427038 392822305 839 2
9132102 75093593 823 1
347200213 34562377 1277 3
315539163 191244831 521 1
111702511 169905574 3834 6
55686189 149610665 2921 5
24061850 463201459 2931 3
89407152 302881231 1117 3
600447902 95794028 864 5
380451819 69720690 766 4
392376498 211804953 807 2
430031285 391814780 1224 3
30088640 583318778 4758 5
138388249 492328260 2678 4
219118557 30318091 853 2
329741353 101032878 2831 6
11689675 326388605 5479 6
108547676 408614964 4042 5
573144227 247926776 1973 6
136612030 795144255 2482 3
448848675 246265758 392 1
630221322 2283168 55 5
676562689 4681571 21 1
17510002 338974172 5893 6
41999348 549291082 4597 5
246815995 80864969 1696 6
27249314 775385384 2469 3
197845665 60273706 3053 5
639187735 22236096 718 3
17293443 388086293 2219 5
4325748 783630444 1998 2
3643703 711900785 2515 3
105815800 21831737 1443 2
552965932 65969258 675 6
32346420 716779398 2384 3
889031288 48623214 392 6
364496730 136104479 2947 6
64597245 81469145 5075 6
186533507 21917774 466 4
90653231 138535730 4684 6
94156739 1662753 274 4
200583337 599657096 639 1
192952578 118670226 352 1
81601369 270320274 1155 3
91161171 688935906 786 1
165614580 323019824 2730 4
560011884 140811451 171 1
232869269 9882737 1073 2
6509084 583253416 1906 2
163115546 500618654 3564 5
272609119 282364203 2667 4
608813665 201115117 1039 4
16890276 434565578 3623 5
135953722 33317824 1 0
215555551 29191111 421 1
111489702 66460955 874 1
1704877 153298604 989 1
18726522 474515905 3893 4
8059226 875614662 3729 4
156498482 98393881 2669 5
345058340 55887263 688 6
36474650 290605794 2641 4
2271919 78709543 5002 5
205941050 35699013 274 4
330272731 27404022 1753 3
747878141 36569392 288 4
12183744 396644131 2089 3
89359908 53458858 735 6
421212203 1732454 4 1
40713086 122232194 5154 6
255389877 248040652 1942 6
559560503 423924013 2149 5
159676612 64697116 478 4
107169218 147492279 1741 2
453273930 174617987 1157 6
183710360 344946670 1314 3
110264932 40561101 163 1
26686235 543114913 1957 3
834901 53023568 243 3
277450807 250087267 1898 5
45193537 613950682 3834 4
111477789 67538200 733 3
427518303 14407933 433 4
113223260 816428096 5113 6
411904264 295394662 2547 6
467840164 226849183 1169 4
349284589 20082253 2224 5
129836628 13374436 2476 3
606203038 23187423 83 4
240295101 161126525 1899 3
259530148 7465460 46 3
203341285 324987219 761 1
104009629 652242941 4062 5
249855877 8956649 133 3
173880202 81103847 667 6
136802761 60155309 642 1
171698011 287210102 2531 5
515240814 305929922 424 1
418365751 488301460 553 1
341584188 57032282 1456 5
97000666 376227932 469 1
232186530 528653171 1274 2
79526410 133131794 1586 4
339163568 85839419 319 1
433808352 104078146 1875 5
70707260 454245978 3648 4
53899961 233889260 689 1
289697003 38138614 474 6
16953492 306223061 3904 6
95569618 146112995 761 4
190835456 57024760 507 5
69622873 298447949 4581 6
88163129 380931143 1641 3
356919129 18929244 737 2
510405056 115296995 1420 3
656790502 6607685 277 3
77754751 208656573 809 3
166735330 156676758 548 2
95796787 557667652 766 1
15558757 682793347 4919 6
458682078 271936586 2226 6
51559263 7385306 319 5
324151187 227011551 267 1
36294573 737834716 1712 2
56308327 277423086 1992 4
341721655 348333907 2638 5
375966207 107130607 1250 3
686314712 74022464 453 5
79991649 52590402 1362 3
357595 23786664 4004 4
113493677 207146885 3609 5
126847950 120698027 3114 4
61364501 232529776 4832 6
286750250 119752873 1613 6
62028455 162498618 2967 4
329715220 164168698 756 2
581918246 35492467 2421 6
11662090 354153960 3871 5
187756151 178345761 1585 2
29652496 229991442 4561 6
144008154 277324 2055 5
426124519 407333786 2788 6
83964701 233345556 1826 3
48367655 63954612 541 1
422470775 26938826 103 1
357024978 405093964 1807 3
251114196 334774605 3718 5
58162716 522597640 621 1
211821552 260774822 3805 5
137952246 352511038 3328 6
545919599 97388078 1073 3
23035978 521863348 1894 2
282529522 231445782 612 1
28842967 299549547 1194 2
208066541 445105119 2313 4
247423143 60759084 825 2
76082122 135026737 1826 5
79111508 8112018 1407 5
70102470 216511417 4490 6
71281302 622480 339 3
140790843 336015299 2001 4
20206137 23420101 98 2
140962697 227933561 567 1
435414260 409359343 3374 6
130263554 180626568 418 2
209960765 174317035 1813 6
722350121 1466635 22 4
78389779 702427901 919 1
116024536 593504367 1559 2
15438334 66369037 3934 4
44837744 26406911 1666 2
237423164 210192136 2136 5
289399808 229371216 4010 6
286214553 248922958 274 1
69721924 101285475 1844 2
129835807 519622062 2144 4
36133404 272162685 800 2
92367209 397180702 411 1
136926956 9873453 2089 4
398732043 19026456 472 1
42892595 190993561 352 1
25600035 666451106 3631 4
115570319 394353701 3577 6
279380994 158662579 2557 4
158000438 59923716 3524 6
420247045 319162045 1490 4
224255621 208164343 1519 6
283866030 85358118 315 3
646481888 187202103 1342 6
13012313 171655285 5593 6
255643066 355897485 4137 6
586995820 58687316 743 5
171046239 374791872 1810 3
235761548 496724294 3648 5
45507700 114150682 1549 5
540004526 122676181 1722 4
241048583 323951789 3326 6
45257533 57725070 874 6
17379300 379640802 1917 2
127671377 450639656 4032 5
102534224 282001289 613 1
338308526 329072135 1888 5
219911471 571475182 3245 5
1537995 913403071 6013 6
34195835 131522588 960 6
2285849 182199228 5955 6
104702560 453774592 3649 6
190121310 373568664 3730 6
359552090 159041464 2592 5
106416362 102535581 2071 6
498178371 72704423 708 4
150850941 508038900 825 1
804311290 80720315 196 1
354547015 140374561 320 2
77650950 409760959 4040 6
19523400 624706983 1682 2
759523177 17103396 427 3
379122799 134826148 2239 5
260620999 113120300 584 2
709129889 142920026 1387 5
5707690 300104338 1952 2
394089134 458030 561 4
11719390 78939641 4792 6
73770970 383820344 4026 5
74312555 182958310 1752 2
344992542 382225322 556 1
37786457 65597096 2586 4
76071245 229818158 756 3
313159494 325891492 654 1
77737226 254393133 680 2
220301841 6239437 255 1
34266737 452383633 2551 3
187064472 46605012 665 4
207935123 52677755 991 2
324651351 12742412 980 2
230733621 262089200 1148 2
192209707 193358098 2308 5
230374470 354045442 3329 5
349326430 64794315 1813 4
54276232 140157319 5132 6
33710000 530681730 1798 2
16671854 66254263 989 2
223709218 45167849 1361 2
869046197 1701 38 4
246336769 61753822 4366 6
64007632 49438623 1118 5
98515742 62826906 822 1
532366046 24287469 875 4
654790858 27956755 172 2
942171661 33465642 221 4
278408158 102912307 390 2
157314524 104994547 2438 4
211435496 452652708 523 1
50076196 418144224 5397 6
245890911 224684814 570 2
157465617 65883913 1468 3
544019791 86452912 1049 5
136939439 297837586 1546 4
59250982 357835929 2301 5
21774029 41912998 2839 4
58140906 219435568 4209 5
799375608 58814588 255 3
817332897 22167676 709 6
10297954 268878047 550 2
146142981 113711702 610 2
11816333 337640744 5956 6
969024929 11252325 116 6
48772809 40638405 1719 6
231484597 37235641 315 5
89216850 99363719 1254 4
8669836 238619178 2670 3
406683814 18285173 1889 5
892471541 28427667 497 5
43155294 454153564 3591 4
43570443 173573344 5410 6
231819102 179226986 1967 5
208916065 566893437 1762 3
237266621 337588096 1409 4
15081645 400902326 1123 2
179213186 453569710 2215 3
235791427 6356553 2638 6
341188149 61085217 3093 5
286143252 364644714 3126 5
87941826 173766042 5346 6
289185849 229000424 2086 3
27931961 214996800 1966 3
70090208 830518723 853 1
88730998 91269170 301 1
86221341 152084880 2738 6
159867968 75913519 696 1
297207301 87598769 1074 5
108555051 78450067 2276 4
165628693 4532862 29 1
72436799 561040033 3813 5
193048009 117540737 889 4
16175119 917193565 5835 6
731382968 120768032 202 1
91010119 436920202 2038 3
952111814 6611451 66 6
158882316 147836925 2372 4
175307669 378580215 2831 5
138163437 300392724 3652 5
549443286 209872728 1455 6
206469643 169193758 1782 6
28459945 343398558 825 1
587508316 129452813 359 2
42671313 8995466 2740 5
94337593 11535514 118 4
188217941 210594288 2927 5
55628725 51053024 1562 2
481745756 354715548 1417 3
442460763 12201169 177 1
94737546 287522956 1484 2
32995226 229129235 1173 5
220300281 79018309 1180 4
476359682 442707005 2407 5
69209848 342812506 1278 2
711835635 38397337 1025 4
675333005 28931823 299 3
739148245 39425585 349 4
282895096 149611448 1148 2
275115649 18065346 2152 5
308930500 136200539 2068 3
25879551 153448469 3432 5
35088558 282663723 3531 4
15495478 962977676 1964 2
447605628 495590904 3145 6
455277529 173025696 1414 3
359551203 312146514 1580 4
445427777 56653549 1155 3
442893363 62580441 1046 6
76241698 199964198 717 1
195516463 75952437 754 2
501353889 270366137 1136 4
156463552 156796409 1275 6
799637635 1980822 14 4
617930898 158234987 309 1
206202221 569391747 694 1
197825215 53527539 3025 4
758329113 81447985 734 4
154560443 8427618 248 1
473680025 64167364 535 3
390133974 114031742 348 2
219628671 58331473 929 5
22154326 363075785 1025 2
135593663 112018447 1912 4
170107356 373849688 2428 6
2325731 52756128 4883 5
53141875 391103038 4703 6
739898064 150213503 1146 6
225597153 91544603 705 1
253886175 150954008 2269 4
59524487 218318230 5040 6
652542 806164155 3893 4
417523035 73543115 1169 5
101739248 567033501 3518 4
209108585 1357597 1653 4
334194251 314307981 1388 3
82611109 321439658 862 1
1930760 725856331 970 1
93288964 721099876 3554 4
162575002 162369137 1 0
155398009 1550725 253 6
409044144 47569595 55 1
98964219 133444591 982 6
234676615 391034183 1734 3
453594160 13541221 29 1
11914876 257176347 1337 4
13883076 824825362 3934 4
251969919 77766818 1662 4
35516277 414536418 2890 3
80955085 21672079 66 2
159161360 271696365 2813 5
36825466 116841828 3861 4
167004640 12053243 781 3
139692550 279992235 1410 2
226942750 237224327 4392 6
611133117 205474423 287 1
5728245 196480567 1277 2
398068127 304268159 1823 4
296683033 135245133 1025 4
375721524 29549431 1889 3
80764954 47644347 497 2
55871784 583673566 1870 2
6779250 131449768 369 2
668281408 116486035 387 2
376550983 204421043 704 2
174565899 338235966 1507 2
280947215 11842048 707 3
29596850 7409916 181 4
174206176 93005007 2893 6
24868175 234771528 632 1
108010683 193523322 636 2
148048889 1876677 955 4
334120082 185127588 2548 5
1300020 170530530 1721 2
1037310 31632220 188 6
698876670 9299868 58 1
179354286 284381563 1931 5
75495807 752435561 3157 4
181197760 794788238 4063 5
161479028 24127576 156 1
415867306 415487640 3363 6
700824665 5543710 1012 4
21837681 357614540 2741 4
300925432 288723975 1331 3
60432185 496401300 580 1
335264152 50486883 1349 4
11205078 356572794 3426 4
266705264 272504866 1943 6
82664769 27216157 324 1
456561302 82500580 1583 3
34083378 120298943 4574 5
380168704 343712672 1774 3
9946608 125098226 2443 6
101344075 279514366 1669 3
297453460 148987174 919 6
221445787 485829453 1794 3
51307088 168896017 1774 3
7460538 113687552 850 1
143385729 197780984 2316 6
150598728 189275492 3300 5
14231843 391840074 5621 6
82988807 471508717 2874 6
181408226 253255511 1861 6
232581414 318099219 3040 5
167788785 411939457 1529 3
300283569 128450391 1781 6
274024632 48541749 1440 3
77532245 29430542 950 4
288374370 33043076 146 4
93749811 50467402 111 1
2590490 34419858 4750 5
35702710 166192421 437 2
412775689 58010849 1247 6
48309340 118730999 2494 3
159361755 3040937 9 1
94489461 358298564 1913 4
393598351 58620040 464 5
24740150 268025104 5518 6
134555047 89665827 1360 6
184411499 72481758 1001 4
10812314 549483469 895 1
324614816 24509256 294 4
19066397 239266188 2687 5
2587040 55763764 903 1
133532785 481376458 4251 6
962034444 2192913 101 6
41282451 32779836 380 6
503437595 8805322 120 4
119374711 68901056 765 2
393753466 16711823 2409 5
133886763 284468450 3834 6
172596403 34408378 447 2
208024906 125228433 1577 4
744576341 97659546 296 3
144736367 153545750 1867 6
36487541 71274906 413 6
383754733 468794356 1417 3
63317152 35791723 854 1
561820312 117912956 1026 5
24267029 41861645 1953 2
1947179 488726821 2570 5
142391994 349372379 2186 5
470109788 74339063 2416 6
258134485 229289444 2674 6
178461179 470478269 4006 5
9073166 788543721 1762 2
498248657 49024021 2012 5
694798961 117310642 557 3
30049267 289904840 2947 6
28109976 194089919 1096 3
552315158 46535025 483 3
12495685 440205055 732 1
361400863 244577368 577 1
8941859 22004061 3693 6
250461867 130700400 608 3
160938329 78667727 509 2
41518329 612001449 703 1
55841501 358220772 1790 2
6033660 93119544 3467 6
21496630 40722005 3802 4
53037798 702188036 3889 5
118018067 177794893 1124 2
569314569 92579514 870 3
135507711 491194269 4064 6
7032970 3190266 2913 3
33557543 122164445 752 5
115422091 45193547 349 2
309873924 11302606 91 1
101670320 150192419 4407 5
227910088 408534110 3717 5
284646901 211014845 1325 2
110147672 224746966 1867 3
36691872 739760618 4385 5
375491437 96145372 798 4
191520074 432496012 4304 6
267547873 205593180 1074 3
40743419 323042749 5571 6
724059045 17076100 195 1
50348339 464109072 5362 6
169499378 161969224 2861 4
701432999 127038858 221 1
143482563 415716134 3342 6
71277371 378838406 3006 4
16023294 389698143 990 1
12653132 595817226 3716 4
184992250 104122705 411 3
66100998 136998920 160 1
879265411 12617043 249 6
145345689 505096227 1093 2
98416876 175067628 1868 3
12626661 139104507 3949 4
180879815 42757673 271 3
196950411 403906074 405 1
71212504 461625101 1121 2
274749126 274645662 1719 3
392355539 364503471 1829 4
12021028 127633223 738 4
112393830 236833833 1850 3
233637274 181871277 213 1
278736756 181069341 748 3
411350993 291497053 1715 5
111663115 150216120 3942 5
54414377 693044272 3661 4
40438756 204804339 4792 5
512591432 53746421 2039 6
23694146 272122176 1525 4
58939142 553801472 1858 2
120663733 136690737 544 3
60512926 8007546 4247 5
9136834 101226905 3230 4
15602949 330207634 368 1
63401880 536886277 3735 4
393247228 52584208 644 2
79281261 470042765 3338 4
47707300 807661705 4705 5
21450065 344127729 3856 5
130467784 48685001 3207 4
9722774 421031682 919 1
111354835 65758021 1844 4
93609623 266105795 3576 6
194866753 606937677 3983 5
459194968 86154743 669 6
271576358 75255921 523 2
14834444 795848685 2947 3
401705916 464117077 3275 6
44234759 56390616 907 1
43364906 508919220 938 1
219867355 140979978 2545 5
293702840 212775112 4172 6
86006009 166324666 4205 5
392748136 403807326 2810 5
378745735 75926523 1765 4
2691636 1158356 41 4
369938655 47859453 2269 5
79620798 394639538 3202 6
177651824 337226249 715 2
83314781 311040838 4347 6
88352968 137457811 903 1
650355377 20401264 486 2
1548672 946032256 1001 1
243903516 2129933 27 4
33707138 65968919 5755 6
476329669 100384592 1471 4
75835058 811689361 930 1
579752560 155318564 667 2
131641063 270492338 343 1
106273292 766333608 5146 6
26912235 378834957 1913 2
215644497 3502028 2480 5
46263168 75826847 1580 5
352173577 9363354 1154 2
121725099 114571367 262 2
185490063 3941188 619 1
186438094 241141202 2383 3
209944954 155322340 511 3
787866929 101057597 239 2
685614802 133970767 265 1
437051654 81670538 376 3
12236047 883133809 1926 2
729477170 14819247 255 2
59858325 868096437 2810 3
378037056 109555683 1107 2
91964232 203533438 2084 5
76612847 196081118 2841 4
76090385 785314654 4734 6
383665852 6194923 170 4
136860517 13443200 520 6
311400854 120050630 1033 5
129030110 364689952 1316 2
132036129 122475774 534 2
18392759 76855680 1514 2
215392227 52147032 2728 4
30038922 426658630 3304 4
412630125 102934337 789 6
129949723 230576279 1107 2
7648094 738151718 2785 3
21338792 261901340 5781 6
35584788 797405234 2815 3
87183371 637725197 1490 2
249
429
848
389
560
534
386
761
531
113
69
220
536
583
644
889
654
937
817
307
157
244
819
404
482
212
344
110
419
59
233
886
277
572
206
478
229
440
60
756
174
24
930
740
255
477
41
286
689
563
984
764
364
766
752
49
581
189
397
331
653
772
393
367
780
668
650
500
767
592
567
435
227
374
259
931
14
580
442
621
450
589
598
144
552
441
541
947
194
31
122
655
271
888
699
446
512
135
257
800
790
118
350
459
960
78
287
652
532
280
808
890
841
539
632
717
149
54
852
820
587
88
207
238
953
436
801
215
391
843
491
647
145
437
628
235
601
387
497
813
45
748
417
992
23
615
162
698
326
237
923
172
686
515
408
733
485
142
922
588
705
400
55
795
862
224
196
946
759
812
928
842
100
538
317
499
369
384
900
98
321
602
672
67
744
816
918
319
682
12
827
138
606
714
330
1000
855
406
39
690
524
750
670
850
140
787
260
754
89
932
747
914
178
338
723
158
223
555
412
866
373
463
18
254
256
346
870
322
844
627
129
713
453
281
211
729
398
35
192
116
978
16
692
366
685
193
476
635
768
595
276
6
163
426
282
275
637
471
614
392
7
96
803
187
432
952
464
70
940
857
232
236
410
81
530
77
461
540
99
339
659
791
909
160
15
264
283
253
861
881
810
782
935
987
557
860
52
183
596
347
591
308
979
188
363
197
104
815
784
418
976
130
61
470
390
985
332
296
758
665
736
340
942
696
333
710
298
641
50
546
353
434
821
357
700
794
334
176
487
605
871
676
893
638
165
679
114
751
269
604
575
582
658
781
777
359
741
902
959
908
786
716
933
839
576
788
982
115
111
263
849
141
72
175
48
730
509
466
241
202
448
86
864
457
456
413
166
375
846
847
405
999
678
507
558
805
520
399
385
718
824
473
107
973
416
27
439
892
783
352
561
153
968
757
825
939
335
225
422
993
85
496
494
562
407
278
938
71
108
388
190
64
198
462
732
185
594
521
305
154
522
611
693
42
105
336
899
289
195
126
574
201
554
492
358
965
219
246
675
677
725
681
433
501
925
128
355
240
469
383
775
147
502
553
936
472
313
550
802
975
32
294
239
943
912
34
511
20
414
91
95
799
657
51
468
474
526
707
516
146
969
199
498
365
493
863
793
646
704
906
607
94
0
58
818
826
585
951
362
735
695
503
136
734
910
151
957
102
727
854
171
527
179
170
449
746
156
396
131
779
664
329
327
454
8
354
380
872
36
831
415
234
262
941
127
423
633
370
402
901
905
323
709
159
120
301
990
314
623
343
537
97
443
926
774
46
833
551
970
348
452
203
971
995
182
920
394
74
92
101
829
167
62
610
409
753
21
573
680
989
593
83
859
688
248
645
445
958
250
4
724
231
728
904
40
832
30
898
549
292
544
811
542
955
895
662
629
208
360
991
325
525
556
683
600
765
268
272
613
489
660
17
880
609
75
318
300
186
616
986
873
465
586
913
288
622
184
924
743
967
13
297
666
216
274
379
508
481
467
200
431
731
265
663
568
981
87
739
273
243
218
337
529
737
148
836
806
878
897
776
927
258
877
427
311
57
640
618
504
247
548
814
916
173
475
93
382
949
770
488
636
745
619
510
137
68
673
458
722
584
835
639
309
956
726
533
669
891
152
349
612
762
245
785
180
205
290
809
372
571
164
719
921
5
117
773
266
150
564
177
90
661
771
123
570
528
876
124
293
302
455
191
919
599
424
565
998
934
221
505
792
590
285
210
569
228
853
702
994
789
997
911
917
447
961
328
134
996
884
368
315
535
523
517
597
324
630
858
837
29
109
261
53
125
840
371
312
345
625
483
82
495
869
484
822
65
804
964
420
230
701
687
161
139
63
479
903
303
169
9
213
648
749
3
411
974
2
403
879
883
865
299
251
798
977
267
222
972
631
948
320
143
634
43
980
929
451
703
667
617
506
181
10
486
603
543
341
438
342
444
547
896
1
381
983
720
626
830
763
988
966
490
649
119
796
106
559
887
44
674
708
310
252
428
395
378
121
79
133
291
155
513
867
37
66
28
279
356
945
684
697
22
755
579
103
711
351
76
518
316
361
845
112
807
566
204
11
760
894
209
80
838
706
304
306
769
715
738
377
401
577
868
47
425
168
226
295
460
797
519
214
694
620
944
834
26
421
376
962
712
578
642
856
874
624
25
514
270
84
742
823
132
284
963
242
875
19
651
885
950
73
851
671
691
643
778
608
656
56
430
907
545
33
915
882
828
954
721
217
480
