1741176729595
1129609020277
154007301876
342061351307
1707090070224
1419559068229
1163488647076
1259355302972
1741176729595
1105628531801
1725350977626
1048730454540
1709871022016
1741176729595
1585104037972
1739017394301
1066066042807
936494066632
1741176729595
1739868983442
1693648522518
1469507295943
1741176729595
791743724637
1285742986338
1617732351171
1731148970851
402407817484
1728143661793
250472748265
1633616332612
1741176729595
1682886348587
1605051957318
1695885025119
1632670114272
1705670078155
1728669519727
1635494736292
1708033752530
1557346714949
1737840908416
514405178233
1458623786322
1363292640440
1518447874952
1477149510676
1637368899227
1714697400547
1596415506890
1566000096722
1351803396564
366498078278
1741010131477
1328112141251
1737427983983
1686036556703
1142741532031
705004509951
1222477595367
1741176729595
1650144722173
1741176729595
1544627885700
1741176729595
1389451355546
1718602603758
1268195133961
1019143052577
757137091238
1731379664621
1729694274685
70961161469
1741082742852
916550622723
1706144607475
1599673887568
105008809869
1582816860509
1700706053966
975738817415
1737287705249
1670057095637
1741176729595
1741176729595
1721380558332
1653596389485
1741176729595
1738765116411
1724071744228
1741176729595
1727346271051
1613556127196
1715917636286
1000732484794
408342970564
310584553818
1717476009366
1720701818472
929885319652
1690813014425
1741176729595
725378934413
1672204597212
236469834586
1383969806392
631689253430
1740128550012
1666377219811
1741176729595
1673604402432
1398518164263
1687886845644
1611433821112
1393090503116
1668589470321
1741176729595
1501052826001
1227179940138
933189693142
622541608574
1741176729595
1541980634379
1741176729595
1602903397489
146060376655
192798890736
864757991675
1009976512376
1741176729595
1736997236128
1739368915696
1741176729595
378521273438
1656890052210
1741176729595
1307279020705
1728408496987
1691960826690
1656074298576
1706617656134
956228645441
1186181213607
1231868909318
1483199150748
1212991898801
555364772490
1741176729595
988275958081
1741176729595
1171151908814
575254465805
1741176729595
1300853493332
853983357424
1741176729595
1732457504516
1176219374735
1524143882737
1511248891522
1741176729595
1733607521699
297435780698
1741176729595
1598597321378
1741176729595
580192703531
420063175158
425911397698
662550576070
1338162241847
1741176729595
1723407869808
832220620931
1426335569014
1741176729595
1741176729595
1739682332627
1183705177372
1741176729595
1537935453792
599352027280
1063198044127
1576906293153
1741176729595
0
1736202521719
1124352310757
1068932299951
1241206471234
1593060726287
487651995269
1332159183333
1296552493736
1424654139464
1445981708069
1741176729595
1336170747512
795491556097
1700177836766
270798411545
1730914948873
1739580240398
1741176729595
1276983238126
1741176729595
1196029334460
443147109051
843112760323
1741176729595
1726527152216
1741176729595
1367091352520
1529727016979
1741176729595
396472664404
1691388214985
1702769634549
1193577129028
871905917969
1741176729595
1422958939281
1741176729595
540299389620
1701232730074
1718966255202
1042886358581
1741176729595
44764566029
1730196537957
1074650145791
1736365880865
1414417857782
1697514598854
700853798151
1100072273013
1467971037333
1741176729595
1741176729595
1727613004170
1471043554553
1735873413130
1600750453758
1447568570124
1552321165397
1740043498042
1740756474707
978890738835
323423572167
764897746288
824950981471
1365192727740
1525545394737
1741176729595
1569671004711
926564820930
1660928047694
1610371966942
1741176729595
229382952324
348178762383
1667855030491
1412695611840
1741176729595
1517013624942
1739141693948
1741176729595
1741176729595
1741176729595
384525568848
1740374914610
1612495216146
1616694038841
1682249626120
1741176729595
35881464999
1188653409420
1173692434194
1741176729595
570308698895
1150564005736
889342209107
1554848260781
1535215406610
1741176729595
1714276175724
994509400074
1442800410917
1702266528779
1741176729595
1741176729595
1739475051978
1741176729595
813979326268
1716308129676
1741176729595
1495159314650
1741176729595
1720022784102
1678329600567
1741176729595
1330140926954
1417847967930
448844834441
799225948390
1622881249371
1738240205399
1741176729595
1741176729595
1741176729595
1741176729595
1741176729595
1045810857988
1741176729595
1741176729595
617933195911
1655256911032
1741176729595
1741176729595
1441209512197
1738892980131
1595301779440
1739262559146
1652748684090
1733793500249
1478663423526
1741176729595
1623889466154
1710318909176
1741176729595
1732253162001
476737955213
802944132262
1741176729595
604025512181
545328380170
1741176729595
9087673314
1741061714520
1370873873747
1727878370680
1022136262737
1741176729595
939798341123
1741176729595
1080365119281
787939110188
1368984007730
1644787186682
169640346432
1229524424728
414214952618
1533850283446
1324049173831
768764018365
1243531107334
1553589219821
1741176729595
1437984725341
1642963679927
493060119180
1722058367781
1309417777885
1564772901210
1741176729595
982019692925
1601827019948
1590794085464
1741176729595
1097281204159
1436339516711
1361389529258
1741176729595
1153161994046
465668871101
1548498055545
729399634803
18076019729
1031080020265
1741151570938
460098740081
1741037265746
1741176729595
1740976354761
1692526062918
1274786361036
1108332506054
1741176729595
649446880316
1198470647850
454519932983
1587383758392
1725046008838
565361017489
1588520808748
264083448037
1741176729595
1741176729595
1741176729595
1403885526546
1741176729595
949667356341
1731608819539
1708501196296
1741176729595
214980503894
1416133596410
1372762766117
1636431857577
1551052389277
1730679291308
1679654945287
317106261516
1729184704045
972534126485
1658511373070
1729946077837
1715112015129
1626880279839
1741176729595
161839133886
1638305940877
737392708597
1741176729595
1071792118831
1514140977358
1741176729595
749286963222
1400311142801
1741176729595
810305861468
1741176729595
1741176729595
509123173715
1694768799823
1741176729595
1119047441833
390524920180
1699648086706
1741176729595
1281370359656
1741176729595
1357571594978
1452319524152
1292233582251
608672749941
1741176729595
1741176729595
1618769525322
1549783613157
1726810054751
1391272153946
1741176729595
1037008774315
1735376098248
780296368608
1675649429220
1651893829909
713219640125
1342101918058
1741176729595
1506898698506
1344050356568
200337522734
1737145053090
1396718053631
1279180115216
1725952348979
1741176729595
1086059892435
1449153896954
1693087974678
868339309565
519642635247
1572101382009
1536575724642
969300663323
1272589454776
1740294281914
1054564274224
1741176729595
1734691433029
1741176729595
1734341313145
1741176729595
1116383561543
1729439489365
1741176729595
1205772187999
946378962931
1502521969321
1741176729595
1741176729595
1603978885203
1709420332054
1311543065930
1741176729595
1741176729595
1713413725249
1699116353618
1728929918725
1722735404778
1725653839501
806627694138
1712975634039
1718236875348
1734517285309
1741176729595
882429920039
431727270711
717280461608
1741176729595
1741176729595
1741176729595
1168610024802
1263796215821
1589657546898
1460191853195
1715519244080
1575709002369
1732852682908
1620838528312
26998363969
666903877350
1741176729595
875435538055
1672904499822
966049786618
1741137445149
1317882044808
1594185480400
1257121687392
1345995080114
1508348870346
1741176729595
1410958560054
1657702859620
1740212321824
1394906999495
1720362350372
1741176729595
1721719487541
1722397248021
1741176729595
1741176729595
1741176729595
1528338832386
1736528428169
1487700966202
1741176729595
498448559380
1741120401719
360406770693
1741176729595
1741176729595
679829428541
1732656904066
1641111453378
943089047461
1519881108724
850366531884
1741176729595
1220117870497
1741176729595
1217756596700
1711208733642
1741176729595
1521310275626
1640176459328
1741176729595
991396595959
1704238171871
1741176729595
1741176729595
137959099419
290833943399
1713850657493
1734161924279
1409195981644
1712537127822
1740516875863
535252017251
1680969834200
645058631116
1382135098262
1597514264222
1463318504407
1474114367630
1643875573742
721333891138
1686659475887
503827702665
997620942434
1254884987498
550349816420
1158348311710
1741176729595
1547211871417
1695327710913
1134862283937
745327960127
1670785495324
1315773574466
1738502843119
885916801202
1740447579875
1111026816361
1480177336376
1385798110914
1740581470439
761018166358
1646595860775
821316161741
1559834274754
1140115123441
1579300141953
1741176729595
909814767015
817652791068
560379728560
1707562484314
1741176729595
1387624842276
1558591095229
1208191647869
1429698057674
1723073481148
1334169796572
1654429647392
1515579374932
1496635306735
892765470157
1741176729595
1444391309637
524871199807
1676323504440
1741176729595
861175962180
653827342005
1741176729595
1741176729595
1740902034781
1664120578289
277496845215
1737974778979
696681212742
1741176729595
1717863301350
1735542009070
1741176729595
1313659309316
1705193889255
1701757094544
1539289107360
1322017257031
1741176729595
1730440459751
846740513384
1733235504151
1741176729595
1028106226817
1696975358236
1741176729595
1741176729595
1126980665517
1740640954451
1178729475826
79647830209
1428016813344
1503990019843
1166050966616
1741176729595
959507733291
1738371574689
1512696358438
1433041160735
1661731633187
1077507724771
1688483763561
1378413453731
1634555534452
1719682650637
906416407301
1741176729595
471224254509
1621864101359
1740863666327
1287909167588
1137488714851
1683519902697
1486204047887
1248122842955
1326080657541
1741176729595
1741176729595
1645693514737
1669323551767
1439609494025
1545925677097
62246087377
1457049851396
1380281826349
1733979410279
1405663485521
1531109385839
1609309707412
207708548848
1464879919687
113289913799
1710764130354
1574507264323
1359480562118
1147964330531
1236545976334
1741176729595
1374650946043
1674975354000
1739958247302
1741176729595
684051739049
1733421543149
1741176729595
243512196956
1741176729595
1741176729595
1732043898061
1302999598390
1614610322199
636171089966
1039950490302
222187361604
640644756666
1624887675878
1659317386040
1685412299114
354295739743
828585801201
1648383534275
1583963066356
1060329517567
1057449760795
772621451560
1739777472462
1704717234335
1627863386513
1735707711100
1660123009214
1712094886542
1489197729982
1738108024929
753241130384
1102861455633
1741176729595
1703267427919
1210601088161
1741102198489
1573304446113
1347937440087
675556832904
1340142731215
1741176729595
985148131555
1741176729595
899604929039
1741176729595
1145356983281
1349874314495
1741176729595
1741176729595
1319961636880
1532480211279
1741176729595
185139452259
1498108186835
1740699827360
1181222653850
1711652311230
1224831792104
1250393358737
1556099004854
1741176729595
1740939194771
1719329655852
1615655496531
1741176729595
1016104130271
1402102392811
1088888557782
1091695873797
1191116354348
1736848257422
1678992272927
1741176729595
1741176729595
1543313268040
1741176729595
589853375318
1724732919538
1578103217553
627125096124
1737567922842
1631719241088
857590133354
1155759982356
1694209070358
1490694493762
1606121760241
1736038976498
776460697610
1607184753056
1647496807171
1741176729595
952949557591
1215376165301
1013043722966
437441293561
372516978028
1492188720762
1708964100209
1475634779681
1721041188402
1735037159326
1741176729595
1200908429190
329639424917
671240969640
1736688540399
1083222329321
784117739398
1741176729595
688263855297
1689075314337
1493677562530
1562309731549
1649264587963
1450737787652
1290073974221
1741176729595
1735209258536
1741176729595
1455474336736
1696433655904
1265995674891
1484705687091
1581661050483
1741176729595
1619804142452
1741176729595
709145124860
1698050928864
835853552941
1676995636880
1499581066935
1353729328144
1724402419188
1741176729595
1741176729595
1305140263525
1481688994978
1741161575012
1741176729595
1663333714299
1003832292318
1741176729595
1741176729595
1741176729595
1651023112745
1664882032806
1738634003021
1741176729595
594613723538
1741176729595
1160924123296
1741176729595
1689658365913
1567225782526
1741176729595
1741176729595
1586243898182
1113707046141
53523911947
1234209379828
1741176729595
1431377643389
1509799042186
1570888073005
1563542346930
1681609730160
613309964766
1376534662121
585068587944
177405753732
1716698623066
1741176729595
962782290321
1245844357131
1461756247387
1203343963332
919895585593
1741176729595
1568450810852
1741176729595
530063616731
1741176729595
1677664524620
1674298039105
1733045375204
1261583895854
1630767801908
1741176729595
1671499496224
733411867157
1561072447121
1294393190281
1639241440750
1731829522645
1741176729595
1687278822400
1741168984142
1741176729595
1667120590661
1270392548516
1727078162901
1741175681582
1741176729595
1006908303970
1741176729595
1723739807018
1717088516376
1505447938449
1472579796493
1526942959416
96679885872
741364739587
1034045415826
896187351465
839484814533
1629809385091
1298705906232
1094489326919
1540635797805
1726241039006
1740810383657
1680313943787
1734864836284
1741176729595
1642046447428
88262779697
1238878253524
923240290900
1684153456807
1741176729595
1690236221093
1421261358371
1741176729595
1741176729595
1252646295280
1741176729595
1580492003439
482226970591
1737705432536
1741176729595
257321775251
121571017729
1466429979347
1741176729595
304010167258
913203118045
1662533388927
284166410115
1522738028738
1741176729595
1407432411135
1608247447882
1684784887401
1698584320418
1355653637978
1628840992097
1132235652107
1025121244777
1665630021381
1703757237921
1283560009656
658189632835
1051648043914
1741176729595
1625884972630
1741176729595
903013530719
1434694066581
335855277667
1741176729595
1121711322123
1741176729595
129806554719
1591929968927
692472575077
878936440395
1741176729595
1741176729595
