1806147135462
1958096332028
2095102334483
2055327112449
2095102334483
2095102334483
2095102334483
951862944247
1874499501126
2080676368766
2093555412795
1739943272920
1413169362495
2093742303255
2095102334483
1656096094970
1743897463765
1935829397143
2095102334483
1873006807558
2095101292264
1571392409563
2026717322998
677951877306
1525946816022
2095102334483
364572800736
1234474279072
487373007946
516354758949
1851253472185
2084109040664
501994065011
2087220180341
282948563563
404303743530
1952799695442
2095102334483
419766964747
2087557460953
1960202735908
2047479268968
1278308664778
2089183731845
1878938396259
435010224084
1986681618904
1431946135853
2095102334483
1943951677221
2095102334483
2066376367794
641673169899
2095102334483
2095102334483
2088542005444
1542431753402
1852853808911
2095102334483
1586739526963
214563986688
2095102334483
712595261435
2041080670909
1640080647427
2095102334483
2095102334483
2095102334483
2083470624155
2087388831861
1486149276174
2095102334483
947150439004
1403613792074
746490730438
1084475315453
1511920922281
1691044212900
1918335212734
2067565725802
752035084198
898851619882
2095102334483
1891631796250
2019518817108
2095102334483
2090514294255
2095102334483
2070221426703
2095102334483
1899827859550
1774140888590
1953865675498
932864796951
2092839302789
2095102334483
1897135649728
2031546737953
1961254163419
2046936689613
2053288412577
1786731758922
1621260966804
1204653296024
1726006333104
672003268337
2095102334483
1688902079139
1977239562966
1197043829995
2093254497063
1866998055135
988864032036
1618854558914
1988511192396
1483231107249
1509105703201
299509185663
2095102334483
1929700157771
1267507415936
2081679960190
1169962756310
2092170515959
1503442331019
2048555069124
1957041546826
1757514063951
2028809588097
2095102334483
1497722059204
2093152922473
2088053320515
2095102334483
1579111579838
2068748496449
1088692307343
2095102334483
2095102334483
2095102334483
1380991038628
1886082565862
1606726705307
2051213032122
833186965291
2012784747611
2093833162425
2008907435891
2095102334483
412060524416
1400401813856
332253905979
1804391525101
1764997205613
153075416722
2095102334483
1846419979205
2095102334483
1367912637971
2070949454974
2095102334483
266246052652
1041908468408
1811352712944
1923446605559
1285454513997
2057738353823
908643718517
2090379259655
1979153742411
1289012548722
2083253673615
1313583540981
1788507733725
2075141538286
2078520979388
2086498240992
2095102334483
1037603709985
1292557801882
2051735305978
2075479013006
162033290240
1848034374035
1635478888087
1856047074630
1633148567948
1249248392736
2071311748389
1591789958790
740942196810
1644676041843
1888864718685
1934624452861
1306630422439
1614033492654
2059577333578
2095102334483
2090241462911
2089496013053
197078892450
2095102334483
1444273144794
1351293144696
2095102334483
249253130769
1849647659853
2095102334483
2089806789839
2060483772768
863938784737
1880400365906
1166025261750
1830002494339
2095102334483
1658336723987
1489061045844
2095102334483
0
1971422517740
1347926768804
2095102334483
2079613608567
1181650748121
1649267874029
2095102334483
2095102334483
2023170219757
388629181354
1945086687171
1969426696712
2074804063566
1703623130236
774151593890
2052256930696
2095102334483
2095102334483
1770504247894
2095102334483
2095102334483
2063906638138
1920918920182
2095102334483
2095102334483
134731244192
2056776736214
2077071714733
427401165803
2095102334483
564831919009
1910527917676
2095102334483
348447770988
1162086007204
1711890641530
2094877495898
2069491959123
2095102334483
1682462864208
1959149533968
1271111098976
1054765790377
1871513590035
2079347006968
2012021468493
1441194082441
1987603293968
1456432771801
2092284819069
1941664260672
1975313079786
1361326370349
1553079835531
2032876034605
1260251085337
2060929611158
1841569221394
1784943848303
1675980321444
2082818744987
2095102334483
616710534040
993397433928
1964354671112
551279047813
1059024892747
961248418296
1719978070714
1665029266383
1500593514140
1024545375739
2095039460648
2002390843167
1994701891994
1894393933530
706887382691
1901172703950
2072382621431
2042287405129
2095102334483
2094508844646
1596798634299
480005041822
2095102334483
2092049626928
1978200780171
2011251363963
1428845784704
2027417051632
1125874353528
1939352888694
2062228874849
1474397012665
15953409959
324123513594
1883270622707
1626046471619
537475466556
2094837552378
2035507384019
1697358146600
2020993468575
1547796195826
2039256402329
1263891827209
1955986496446
1357994495609
2073780514745
2053803609242
2095102334483
1950628029143
1985752632621
1783152885349
1528736724952
1462436719463
1905205809733
1539713286494
584844664106
873999678977
2095102334483
2095102334483
2095102334483
689668135602
42915611626
2069125866373
2079879580087
2076449373362
2032212876747
2095102334483
779638108420
1819892772124
1344548410314
1973378513125
231984497974
457634191508
2095051624848
2094792506179
763112823731
2095102334483
2044072981744
1997292202412
2095102334483
1991199252348
544413060209
2009700514931
1954926622588
1893012864890
1011318891083
1623665359931
2086865251273
2071669961251
2095102334483
2015051189045
2059120737177
2073437623243
2095102334483
1422635611142
928043972151
623006588773
970563747415
1779554127846
1835018276754
2085341087910
1887476790540
591292550813
494725455789
1963327984750
2001551541280
2095102334483
2095102334483
1999009654327
2095102334483
2014296923105
979758169640
1189386935414
1906549792483
2004060043145
2095102334483
2050156070429
1589271203553
2095102334483
1877468773209
2095102334483
2065155292464
1071762958492
1377733698248
2033538414199
2029505000697
1836668281419
2063070082783
2023881207391
795987270504
1999861157638
1982000465591
701175042401
2025301362455
1310110298305
1337763894834
2038647324202
2077957848260
2074123145340
1972401540320
888973479363
1015745491612
1895769791368
1523152147012
1715941374795
2080411379069
1797349727919
2088216601824
1387492301772
2000710913096
2085543588856
2024591711691
1601779541925
1705698870560
723980494738
2085745070575
1611618598410
806765970599
1534261753063
2093456896155
879015852309
1063274542298
1951717038293
1917036292945
2049089404499
1965380918592
2070585640874
1208423108065
1121808889697
115548900420
2090100764059
2092619200456
2093355815703
30267318915
2087044921335
1857628917366
1755616023532
2060030637348
2095102334483
1970436944392
1573978647153
2068354848733
1101258812886
2030192836849
1109535390896
1435030215026
2095102334483
2069856692913
1967406146234
2094730110379
2091680394608
1984823051551
1117724332164
2093923993374
1937008239096
2052772954187
1129926730128
2095102334483
2094661498968
1050500680288
1699452689573
2095102334483
1158145331004
1563572785155
2061372545030
1200858145961
1227054885015
2072028041041
2085935884087
1749810309660
1824956276074
1693157013955
356520695666
1609180615597
1642379275523
1930937468011
188326040900
2095102334483
1828320846099
1942811400299
2077672329510
1980103305851
790571998617
2082378278963
2016549871449
2095102334483
2095102334483
2055813551206
2094266049602
2077374961203
2095102334483
2072735325307
2095102334483
1238179766761
2093651444085
2094914874717
1138021758700
2095102334483
1662800537683
2022454083866
1219621386052
1809625235477
1843188856314
1514735782605
937659019139
2095091249493
2089340118213
2095102334483
695459758056
1793823117139
1354646986879
1450370468870
884005126951
2095102334483
2095102334483
2006494365761
2095102334483
2095102334483
1721988317884
1410002277744
1453410419789
1327445438108
997910778186
801392872449
1890249668405
1781354613985
2095102334483
1839949307527
2092729937713
942417035254
1628417857979
1949535859427
291258277073
509181885099
2041686232151
2057257949904
1274714782016
2095102334483
1177779482539
2067960610183
1928453650389
1320526640509
2095102334483
1364627644911
2095102334483
2095102334483
1823270382684
2018780149438
1568796999967
2084525225194
2063488747498
442611391224
1651561954441
1330888677739
472553089732
1745873323313
1684612080712
2090780494391
2095102334483
2003226808235
1701545649595
2095102334483
1875987312889
2095102334483
1006862175448
604036942147
2045251795184
2050687858602
1581659925468
2091555596938
2095102334483
2036777458953
1862361457731
2083898412574
918390826453
2075813963846
1113630062316
2042887140367
2095102334483
1800873140195
2095102334483
1241883646911
1818197172434
2095102334483
2095102334483
1477348205690
2095074006106
2040474000849
2095102334483
2095102334483
1995565447984
2095102334483
1747846052988
2095102334483
1002393460238
2094183818845
2095102334483
2078240054438
629289200513
223293825082
578242529285
1992964333981
1560949915285
2095102334483
2095102334483
2083036292065
1686757463699
1998153851117
1230764727932
2092507838016
2087889726055
1813068911042
1545137082754
1962296470910
1105419966315
975186519692
2094099848266
2086310869202
2095102334483
1550443860746
170816030635
2095102334483
2007299799951
1341163662047
2046391044993
2081440867410
2095097712992
2095102334483
307727021287
1193224548048
1707769822696
2094587552656
1185519740591
2095102334483
1989409587044
2038030827725
2065979208164
597692342617
2094012707106
1976276321376
2095084101206
2095102334483
1732006040215
1751762068557
2015801790179
1046207813988
2095102334483
2093049921263
1790281752805
1669456176807
2092396475576
2028114175497
1092907309127
1933404534871
1768675348154
1323993751353
812090653249
1033260081050
2095102334483
1459436940703
2095102334483
1833354904722
1594297594200
179573189350
2043482676018
2095102334483
2013541701149
653858039159
2008105234141
838402852812
1576551147080
1150125097983
2095102334483
2095102334483
2095102334483
2095102334483
2095102334483
2039865201589
2056295489784
1763131048585
372624905806
1480292909840
1913135821077
1947333732472
2094347405882
1447328457550
2095102334483
2089026384131
923223147351
86058358549
1653833932071
2036146983329
1374469872411
2095102334483
1317056429999
2073087854581
757574727801
1076002381212
523504843739
1673808588637
2095012593200
893924305689
2095063789048
1802634528495
1792055422671
1807888167117
2088379422474
2083686075493
2095102334483
2094975696326
571545618411
1903861826983
1067520575478
2095102334483
1898482294858
1927203558759
1938181761854
1775951928170
2030875596563
274631800530
1303140459023
817401966498
2095102334483
729669996050
1924699305929
1709839672511
1795586750429
1296102453684
1080241803932
2054317322182
2095102334483
2066773527424
2054829379417
2095102334483
105765661670
2095102334483
2095102334483
1604266066236
2095102334483
2080145492289
1584203926130
1468435959531
1814781229332
144019890091
1028912675290
2026009552828
1996428845062
2067169674022
1506277351553
2095102334483
450166615329
1844805584375
1914436117267
2095102334483
2095102334483
2095102334483
1536990362403
1713920785675
1680307833073
2084935489730
665962602539
1393952686888
2061805314535
2048017621913
610381541677
2095102334483
1723998565054
1860785787821
2074465397578
1940514872062
1981051885721
1925952006299
2034197859999
1491963759386
1831682540022
2091043694907
2089957123807
1968416449032
2095026439570
2085138288820
984314797836
2095102334483
1735977255840
2058205544869
1730014431844
1983887228268
1406812948428
2095102334483
2095102334483
2095102334483
1667251843187
2091430577319
1397178449108
2081196896390
2095102334483
1753698342447
1695258677540
1915736317295
1142063845230
1678148088824
1826639197859
1865466816497
1821584489294
1223344361285
1881847126206
1281887401049
1868515102477
1870017359943
647781663713
1637779767757
1761263524535
2084319668754
822685540272
1799111751895
340369807208
2091804973668
2095102334483
2064324528778
1252923896176
2095102334483
396522189623
530518079175
380667488132
1759394348709
1660570452357
1922187999325
1884682937772
2088704302264
1146101779493
1854451132941
1741920497540
683810834326
2095102334483
2095102334483
465094506628
1948437306662
2091174997871
1471428743584
853810679674
1599289359675
558068398171
1671636029705
240641630479
1630788793883
735335929691
2095102334483
659910320849
2095102334483
956561402381
1520356284861
1646972808163
1909207216747
2094996133104
1245572889296
2081919052970
2064740284674
2017296364875
2094947063787
1020146942809
2005688931571
2076138140032
1419501126595
1555703624241
635524004070
2091928006128
2095102334483
2065570300254
718289594792
2095102334483
2080940515766
2049623306739
913529478895
2095102334483
858883330674
868969231857
2045834939654
1416335244545
2062649611893
1946221230091
2094428610647
1766844082747
1616448151024
2095102334483
1992082916618
2095102334483
2089651907893
1974347962884
2095102334483
76009413213
1859210096121
2084730781634
1863928522683
1911834686115
1990307238224
2082599029765
1154148416473
1494847224216
2086123497412
1215888928917
2018040476535
1932174778251
257805423143
2044662388464
1737961501786
827948056693
1212156209997
1728010382474
2037405259353
1384245438932
2095102334483
1717960405792
54569308916
2090912166457
2078800605133
2095102334483
2095102334483
2034856108125
1993838336004
2091304834804
1517547414125
965908348565
1772328929111
2095102334483
1097096899222
2079076403778
1838310682209
2086684154832
1465436347851
2082154922396
1816493156168
903748358527
125244180492
2021727060505
205823257998
2058663773117
2004879554585
1531510493125
2090647529781
2095102334483
848726783231
843605902205
2088866312934
1733992542850
2010480775059
2095102334483
1558327045415
1966395047264
315927862757
2095102334483
1902517548350
2095102334483
95920379089
785124622950
2020257484778
1438113229341
2095102334483
65477229014
2095102334483
2076760606692
1173879433531
1256589178846
1371194357038
1907885719077
2095102334483
1133979106728
1425743341440
1566186286057
1919633208284
2095102334483
2095102334483
2095102334483
1334331868839
1982946001022
1299634872233
1390726924668
768650919661
2092946920053
2087726051156
