100 10 100
317386930 501868182 85 5
25062724 18840804 170 2
463034212 23848214 73 3
432730715 569203785 73 2
488275692 443317748 40 1
201536883 108312856 494 6
224762079 108382582 280 5
498475491 201136657 127 5
121911782 206635164 18 1
364945022 441955296 243 6
242820856 463554839 53 1
34189587 4690231 90 1
214188834 36281302 144 2
116560980 852788680 10 1
69378610 402847 98 1
240424099 38910650 297 4
26649033 71794078 197 3
622018061 337002043 34 6
595954376 87752337 33 1
99638452 382835357 30 4
376101359 82284217 234 6
60918561 149676347 219 3
91945796 234891071 183 3
155561377 230624023 51 1
267410217 260426497 201 3
24055571 31979380 586 6
190061819 259695055 174 6
142694298 765308382 111 4
121693255 410076574 320 6
364057018 313748920 101 2
423589044 6157105 205 4
430064987 217669547 74 2
135352703 121023288 110 2
39527374 7525627 250 6
94893078 13908753 89 1
170660296 252791009 46 1
200576162 295595380 29 4
88021404 43969785 380 5
95874335 90847449 346 4
20875521 463644569 190 5
6474102 107881822 345 4
198145399 188276857 111 6
27720591 32222810 593 6
131542117 257823317 149 2
169123893 116784295 268 5
405302301 15840848 145 4
347691183 403580574 42 1
320544764 391469003 52 3
182957930 334399137 25 1
38277100 10321794 106 1
107420661 497479490 67 3
442477531 346519573 341 6
75796556 10351844 276 3
355042479 97634562 41 1
7648266 151661858 49 5
136204699 16287650 339 5
57587650 114061840 283 5
165436177 261367711 396 5
156637466 275588875 144 3
585175814 958108592 28 5
189876825 423202083 184 4
303613583 231222777 93 3
165304218 97297638 138 2
330582660 37679845 200 4
13845385 169330732 434 6
169397137 691543451 139 5
257485807 11969419 328 5
346073265 153548688 16 1
91733496 295337902 163 5
509886004 120628118 106 3
230129547 61774325 181 4
322250935 139514763 136 2
264491918 614321093 37 3
11089407 2528698 198 2
52038052 215790745 24 5
616686078 1512854 49 3
9290696 193132410 239 3
10155995 85352371 272 3
132822491 20759247 337 4
1047823 58590852 578 6
196612247 371429316 257 5
346958593 26339200 64 1
174709896 145908198 322 4
861507470 4795121 38 4
420266842 440358445 71 2
123116623 171705759 375 5
139285016 74233021 77 6
97355606 109229882 194 2
42259420 15668317 590 6
760499203 22677839 86 4
318887427 99468406 365 5
18716847 7811681 492 5
61764614 230543727 317 5
176197291 117944678 174 2
194005234 136281890 301 4
87098710 142968177 29 1
23099197 172436673 285 5
20581663 10612849 571 6
301205249 330877401 136 5
784866266 565085123 38 4
42
7
93
79
77
65
48
6
53
91
62
36
54
61
5
2
94
25
74
45
3
0
24
86
67
20
1
26
14
59
49
50
8
47
76
57
87
15
4
35
63
31
64
98
88
22
95
81
56
23
60
30
41
84
85
10
34
73
70
46
39
82
78
51
72
83
52
97
92
33
11
27
43
69
19
99
40
12
44
16
18
55
96
75
37
80
29
13
21
38
17
9
89
90
66
68
100
28
58
32
