100 10 100
423264529 23065397 16 2
65505757 560316797 489 5
64125869 211869650 196 2
555609039 118462171 55 3
140619063 730947145 156 2
157599720 534911466 431 5
70280309 256155766 355 4
202969461 37781149 59 3
263202635 12967263 11 5
27468877 397850784 336 4
73136894 671546815 248 3
158522982 589727951 324 5
170252216 452648580 381 6
529321 577972674 277 3
173352642 587684364 289 4
141288437 52932687 148 4
253199392 360277481 129 2
109211486 469476191 122 2
243599540 24035254 117 6
159711108 306932953 193 3
417598558 60900139 226 6
27240926 848013948 316 3
227395890 169439762 98 2
592514402 141708584 63 3
170298496 294156608 429 5
61882703 122744026 274 4
403092913 331666970 289 6
373740209 144877068 381 6
28084673 130788551 414 4
268127976 540657446 67 1
68314175 676969602 568 6
75151081 83542051 342 4
205609621 224836274 210 3
252694649 388242766 339 6
129936489 12231311 43 3
66413592 250055704 290 5
809104657 132304277 25 1
184584986 230008158 167 4
7122717 75300221 233 5
235890428 479291606 237 3
260817586 495529158 385 6
234460952 143872771 123 2
48258767 191977195 279 4
10277269 158292776 190 6
153672001 3018253 76 3
134913530 176165937 5 0
343036036 9829525 251 5
254419496 161614105 195 5
13719520 771558857 96 1
296457202 237744437 156 6
127057932 238670023 43 1
855585339 50103100 65 4
475301269 38708681 12 2
123042517 212857275 92 1
610032647 21254937 11 6
127853885 177086047 190 5
368351928 432023147 350 6
76583367 2386911 64 2
183963564 72082717 293 4
517827749 2568203 64 6
185830693 37787480 137 3
41193011 747745045 394 5
286343278 2603809 19 4
51418640 280517508 96 3
29135194 768729463 454 6
289289580 409850798 257 4
259026605 399357218 53 1
2873467 61100365 291 3
668660894 52809827 28 3
67043344 32086407 32 1
36569280 250358675 137 4
79639561 124195941 22 2
480529687 199032544 166 4
48867036 167694059 104 1
77720012 338017271 48 1
279451393 35811884 195 6
487618495 216231615 312 6
189610042 87510107 192 3
601968370 206762474 104 3
41705674 625798152 106 1
100867162 778262264 454 5
323772097 103420335 129 4
309645008 195313044 109 3
553587222 20242140 34 3
229440080 80440527 92 2
63546595 621809573 275 3
755229039 201005898 102 6
383730278 230415777 83 2
580326194 5458604 10 2
382526361 58946086 28 4
195905460 583814067 309 4
247711082 125704595 258 5
19730606 174042431 480 6
145112796 59473047 29 2
106324563 28149339 70 3
108061575 134775022 162 3
984032 129419652 57 1
743782655 39113694 94 4
82417320 3023022 8 2
211212602 296188897 79 1
54
14
8
59
85
65
69
78
17
26
62
40
50
6
53
73
5
31
75
47
81
77
93
60
33
12
19
22
20
18
71
84
90
55
35
37
57
7
42
29
49
99
52
9
87
24
30
39
11
96
98
44
91
45
66
1
10
51
4
3
48
63
100
13
23
80
16
56
70
94
67
82
41
25
28
58
86
0
79
36
46
89
76
32
83
34
43
61
68
97
74
15
64
38
27
21
2
88
92
95
