1000 10 2
330056130 87020329 15 5
53267267 13625789 26 5
96957440 515239 16 4
51636208 554404357 10 2
130467237 134566286 12 2
545883716 368592555 9 4
146302460 97114705 10 3
180304917 61240612 23 5
222297586 107536572 10 2
30919682 170918867 5 2
65345319 126097967 14 4
7233688 364788096 1 5
308005199 390629805 15 2
9023790 9607612 11 2
99733316 50309488 31 6
136652229 50051500 12 1
20970631 32907151 17 2
627356072 211845516 10 1
9677066 210165832 14 1
124249441 344355644 20 6
176017895 589221273 15 3
866091867 718510546 16 3
215392847 154463159 19 4
396674681 24977144 8 3
98395795 342689633 6 6
209036746 172505073 1 5
719385972 88735285 14 3
3670112 711515579 6 1
617836498 146732140 12 1
356878888 136431547 15 6
204948235 234118125 22 6
33615128 23862862 20 3
486400108 447779222 8 2
44748622 48592441 17 3
237358339 64774544 19 3
166232540 196983908 11 4
51349610 64756722 9 4
165961058 30545625 10 1
35386509 508784470 3 2
18361580 315220788 12 3
61432155 412450537 6 6
865652767 141087584 10 5
759830705 96442906 8 2
262548254 374876761 11 5
5085672 27063296 20 6
127956785 14745831 25 5
205759191 57179925 7 3
81561877 212486303 10 1
721397032 321463035 12 5
6141341 24396266 14 5
137163175 219171402 12 6
49131509 24014728 15 4
728414443 797232336 14 4
20839824 419565833 4 1
324918168 99738026 13 3
300164798 183479892 15 2
388763083 374476178 8 6
270521008 90209208 24 4
138704216 653509887 7 4
551510389 513604419 13 0
775456704 68406258 15 3
38570846 14896953 7 1
101962668 24209220 7 3
568423075 147511743 2 5
384575524 79524777 7 1
159299589 80825868 15 3
18627834 291829889 10 2
127761998 174507880 3 1
709066978 590749992 11 2
211577431 247511173 13 6
65962353 231331874 5 6
52768719 155767543 10 2
298336017 879793108 12 3
586178730 169036011 17 5
26178455 353052504 8 2
30616253 292176312 10 2
167192354 302432857 12 2
166036774 216660260 8 2
166823840 119832529 6 1
665816630 548739978 3 5
79683366 263195050 9 6
162104946 142081228 8 3
180942271 728243982 12 2
428935804 202532976 11 1
41854941 90988640 11 4
79162317 298309502 25 4
256167347 138286443 12 2
4947442 440896095 5 1
377215157 12728075 12 1
62732256 37862501 10 2
814189997 593206327 16 6
206660621 181460080 9 1
127039699 383187198 6 1
46158235 328086780 10 3
20285463 37272467 7 3
216644307 101632593 9 3
357861496 501278077 7 2
80082314 108439609 10 1
47991526 75233642 5 3
25706442 22259292 2 1
165059047 37579953 5 1
54148922 157058726 4 2
130872114 173075852 12 2
519018900 174781530 7 5
512658 46645999 24 6
199755246 920167844 7 1
197502618 184553487 13 2
52675191 19941890 16 3
34814683 50202207 15 4
371304607 198255081 5 1
249368207 374190214 5 2
134684572 793645167 28 5
2120148 4195572 5 6
174604866 20946069 18 3
239363272 276990439 25 5
707870618 692873835 15 5
146291361 207656843 17 4
1489585 4053611 18 3
133244420 69326403 9 3
139367894 269675208 24 4
345134128 405041214 28 5
185098208 72763002 10 4
144791834 164660390 25 6
641820105 85374194 12 2
386944575 240051917 14 6
147001917 32567273 12 2
211218555 130782988 28 5
236080895 87570967 19 6
23636934 14606528 14 3
127416186 71211752 11 2
270585988 288518981 6 1
2863189 505189 13 3
69698711 88457931 10 5
171906363 120611022 11 1
565613127 105692519 8 1
344508200 1877171 8 2
223263459 54134567 5 4
150677033 30591319 8 1
212908407 379361843 20 5
31587694 486103974 2 1
115914185 15301808 15 3
334226425 409820774 5 6
46471143 804173447 9 1
199397005 471710110 22 4
13021558 20452541 6 2
512743403 238074482 14 1
64722617 201680259 32 6
435032159 93014177 26 6
59068722 498630615 5 4
239854496 163893104 19 4
109646985 261922211 14 4
36386255 100035899 22 6
526197415 491455993 7 4
5014371 800245721 23 4
120215071 145860616 9 2
98817890 167558464 14 3
20552899 959423870 12 1
756915370 175265503 11 1
145246095 80630964 13 2
7020749 43467189 28 4
105075013 19205640 19 4
330116370 371147781 15 4
108962767 545895923 22 5
334750617 169156217 28 6
158764121 160424729 25 5
1762364 5887324 8 1
377705657 389572811 13 1
54781320 730698090 10 1
244297683 569521260 8 4
814285818 188470254 10 4
68063193 108534282 19 2
168930379 210912731 30 5
102043900 184084429 13 3
465143396 126534663 16 6
122778161 30245944 8 2
147197376 235356733 8 2
41314801 255124115 1 2
229540937 278472789 31 6
6782297 125757362 14 1
510592178 75266567 11 2
210801449 125616218 8 1
502084 17037136 3 5
241194805 73324648 18 4
44932053 136332429 6 2
107926141 52246072 10 3
188217223 722100258 5 2
808220239 778685427 11 6
5312544 592029328 28 6
16950765 37149731 10 3
392446663 52741784 7 3
518290424 492282897 22 6
143780156 199541732 10 2
637961390 36954399 18 4
6805375 175293471 23 4
108283229 202498212 12 4
36043629 298104275 23 5
419937953 115678965 2 4
83811209 155098656 10 1
5426163 55567816 8 5
377451025 671171006 11 2
712215973 68021199 30 6
83933287 65843915 11 4
435296867 534568053 9 1
13382478 13907168 4 1
150662449 25010160 9 2
260690510 66730781 9 4
46291170 87210970 22 6
194090636 303240720 1 3
490539589 179228507 10 2
224068286 11241671 14 1
38449591 68641697 14 4
524654895 451010264 11 4
10013358 114821529 18 3
419838489 49104968 9 2
14508257 7816985 3 3
163693794 72358163 9 1
247396349 55267792 7 2
337131030 249902816 13 3
143338056 299888853 5 1
72961338 63250544 16 5
4274530 75161563 33 5
18126752 80061735 13 1
91345456 364853295 8 1
720581462 666157187 11 6
48987576 281565657 9 1
403467602 192711906 5 1
63699986 60458150 5 3
32864882 257045263 6 6
8783616 133502441 7 3
196835492 759383973 10 1
122242208 239091544 7 5
205684652 93570840 11 3
2660095 179799314 4 1
146742000 390204103 7 1
486300080 884121043 4 1
590371520 338380342 13 3
342072789 429456221 21 5
55988295 162672472 14 2
430235959 572074119 25 5
238370609 120874413 20 5
25059159 1461360 18 5
49850563 349790795 21 5
22131270 18724748 13 2
299376280 154128108 4 3
105188026 257958750 4 2
1620495 329051 16 5
531535927 85659801 12 2
61165909 138241910 19 6
557919973 859978723 16 6
216768098 151096952 6 2
133901645 115490135 18 4
338478080 25691671 4 6
260677410 78910539 20 4
355743789 408546740 4 2
218039540 474839866 30 5
820369839 225068906 2 4
577386528 168992188 3 5
441595651 243641054 9 1
477639736 611652352 18 3
305650381 549409853 10 4
24151743 15177920 7 5
19416493 130305572 9 3
436411142 727140302 7 4
152910425 2121021 10 1
370110008 497649221 7 3
524898324 937760927 14 4
177746097 156532206 14 4
103352588 38672174 16 4
198251238 225986568 18 4
633834929 122065630 23 4
230097889 235422181 13 3
259505856 685163472 17 3
201738881 266494044 17 6
317901937 277021972 13 3
35751330 465765955 7 2
71804194 308156532 12 2
86870391 50501448 4 5
255065856 525778882 17 3
209115902 495876163 28 5
138881888 67096544 16 5
46321504 88859635 12 1
349672175 384473805 11 4
58351163 1675975 13 2
110535514 247046363 18 5
672292629 65086696 10 4
110784085 16867128 14 6
265858522 109144358 12 2
506248224 609946281 16 6
932822178 577508068 5 2
68911528 269506162 14 3
715716899 80813561 10 4
120598864 448882906 20 2
41210371 453113996 16 3
197932034 120538232 26 4
112271 74065330 12 2
153617701 534169192 21 3
27579195 10471596 33 5
30446479 9295650 27 4
362764079 260778692 2 5
21726333 218065700 34 6
10409403 3531963 5 3
5892256 15305230 33 6
99277535 222828049 7 1
276037715 232646863 9 5
279038052 123137232 20 5
2809140 241325373 9 1
247849637 228144640 31 6
171810022 41332286 8 4
562859973 130673775 5 3
44024302 12952519 17 4
679390186 175841047 11 5
378071680 356019886 22 5
327524600 104555311 8 1
55961134 7015906 9 1
252104798 580653763 7 3
103743611 137732940 11 2
509016174 257426159 6 6
329252200 399818154 18 3
589098094 51125033 6 5
14426225 37658084 26 5
14574749 203709605 11 2
136592648 96713404 1 2
51005204 60582831 13 2
173390496 169366543 21 6
10330778 1822951 6 2
32546190 454282655 26 4
5170296 201721101 16 3
66244445 11455084 13 3
286521934 171743307 8 4
25246849 22834527 8 1
498004969 220372299 10 2
32193922 357249404 14 6
228861039 128855942 11 2
426917394 33290953 9 4
141996640 53742476 18 6
172885336 117822425 21 3
66875226 964708065 9 3
21584828 84622574 22 5
253528254 5766814 11 2
76561814 799035646 6 1
592871608 670603141 7 6
2533368 51591183 19 3
212230706 145734471 13 5
303498094 87586052 22 3
271526567 484397432 23 5
282247742 136727601 23 6
453040227 706233598 3 1
85771384 300262196 8 6
69325075 156312043 26 5
268440595 64655879 28 5
41708907 32048722 19 3
16352872 1850087 14 2
85935283 23717079 18 2
84816774 336056906 33 6
195624391 45169073 25 5
253808580 201772610 14 2
588500947 552141843 19 4
450042979 448635383 11 5
300406787 429775121 4 1
64676707 10729898 9 3
46859263 47975134 22 6
94145150 408802990 18 2
77214161 7297771 13 1
696744795 562412177 12 5
617053427 189287255 11 1
751615042 63225404 11 3
296003541 208895821 22 5
53039368 195107254 28 6
55346082 91184271 9 5
490596665 188307694 7 1
349560495 107379074 17 2
100681825 62130940 10 1
138942484 74024506 29 5
60825437 88449655 4 2
183224692 212717577 6 1
169294641 41050562 22 6
749747739 75125059 15 3
134018965 1458158 35 6
406896355 190486583 17 3
311972294 270528885 15 3
226839073 76440655 20 4
378091586 264034291 11 1
112821740 43336910 26 6
509548360 250471550 10 3
5887294 126158872 37 6
162726596 120090344 11 1
383639176 105460420 15 3
84225938 2499408 21 4
897178099 640332201 25 6
18049748 52383315 13 3
54555788 50172063 6 1
861401482 194568252 24 6
219653381 502656302 6 2
104132439 342043748 12 2
620201908 38097362 21 4
279401795 107386052 10 3
73626255 54548785 18 4
138032632 102360661 12 1
191705752 139156332 14 6
5522153 25389822 15 2
499202782 315114566 9 1
257009930 53446404 11 3
270500919 238726104 16 2
409375614 364077420 10 5
45962919 89841721 16 5
133278591 306055213 10 1
69978767 80811567 7 1
344752603 297397824 20 4
2411486 438744816 14 2
17811818 185127107 20 6
310178814 301621050 20 3
623130660 723963976 28 6
500098355 87167887 19 5
3865780 5572451 10 1
124218308 7920824 30 6
124167751 160675970 11 5
384847515 119048351 14 3
80827373 360190753 25 5
86263985 51603244 3 4
264803362 39169453 6 3
380045069 509946006 5 3
36669833 50194697 17 6
468531211 76604313 7 3
160469981 199482175 13 3
219589504 278349135 5 2
100369660 233193540 1 3
41508668 259552186 7 3
352920003 78596598 21 4
187846617 99543843 10 1
215285098 160519627 12 2
280565741 22597874 8 5
64308684 254794603 27 5
52722905 78795386 5 6
215967505 206572424 34 5
269616837 229323071 13 6
517803743 27659596 15 6
23335601 7721157 27 5
337232337 420745246 14 3
56238201 216712328 28 4
309908964 225670008 23 4
2480928 153921 15 2
372206540 97861715 25 6
776024070 71553929 9 5
53494715 70962747 3 1
304267543 168341019 14 6
101311588 71947012 21 3
318904964 197024579 12 2
97903882 442416017 14 3
23037799 149726438 9 4
3931663 11919713 5 1
52543441 45772000 4 4
172438208 625951591 13 3
95350509 146435362 2 1
359091045 234457461 30 5
343588107 65425603 22 4
432084401 152204083 8 1
397821033 34619347 13 5
66553100 51330746 8 5
340084638 188399214 32 5
76665556 663123997 3 4
167031789 285129292 4 2
511209439 533490621 15 4
123135625 760784591 7 1
229213982 252019431 8 1
210001475 210927564 11 1
49964314 169520185 12 2
321240772 309342028 21 4
502050274 479927037 13 5
725667872 365852162 6 2
69040304 27353709 16 3
212557992 37400385 7 3
71877821 99777173 5 1
80726414 642036658 8 4
47486728 350219846 6 5
864028850 102790343 5 4
191371492 86775835 2 5
598909130 422930979 27 6
549502625 51834865 15 6
95567319 646761134 9 6
768185108 867453792 3 4
17381948 70727049 3 2
84526866 101906350 13 1
126854097 114864953 14 6
241743258 90461829 25 5
28440187 201863089 8 5
107099951 113183351 17 4
300899017 71775244 12 2
41040666 103337975 15 3
270717760 422645629 7 1
808304882 469982564 25 5
862103812 82267929 18 6
143362123 331826717 29 6
549466985 151397244 20 3
16754528 102396858 18 5
12070171 17844882 13 6
321913319 272443758 14 4
60322924 756424842 3 6
9303570 30069107 11 2
44907497 105783344 9 4
693154495 24278640 12 2
2528323 196067584 11 5
19157193 337653630 10 1
148091246 378601212 10 3
201610533 599895742 8 3
76310858 19961155 7 6
186241117 120823592 22 6
520232111 197025198 16 2
137552468 56866202 13 4
19465328 48605538 9 3
38723516 42407005 33 6
52204208 52877438 13 3
556456670 202258466 9 4
260953407 156609683 31 6
260482771 222204330 13 5
80701211 65148599 5 2
72363507 150734066 14 2
188580657 421458063 8 6
352497598 43860030 17 4
50950586 122754943 20 4
88512554 65482263 12 4
412280196 201995874 6 4
147746798 121377828 19 4
48703824 110596794 24 5
326919163 37318671 8 5
89523214 103925173 15 1
63191955 33815746 16 2
172447491 250549616 5 1
38703135 294765075 14 5
174594661 68839984 13 2
484284176 190583867 2 4
93358226 699671425 11 1
249203725 345072453 27 6
91057051 542025273 14 4
97492428 505630516 3 1
509384253 346355512 11 1
617771911 100068468 25 4
505803365 174296370 11 5
238719545 616264075 10 4
141900921 69829564 34 5
150667380 558528119 7 1
428273453 123967958 7 6
1475940 3528793 31 6
180984085 896970032 17 3
94191891 302005044 7 4
700804574 81201194 10 3
176290243 158303192 9 1
371641686 155782911 1 4
317869848 231701388 14 1
624057961 567697780 14 6
14714638 32696759 15 6
60698551 20410307 14 4
478964716 44068093 23 6
21201828 388888159 32 6
207384837 392889948 12 3
800224745 455162358 8 2
245100864 105747530 15 4
168356217 378446948 22 6
40882018 34121146 26 6
380580346 593616341 4 4
235652883 183600502 4 4
155256394 156273120 13 4
58001192 459761843 22 3
713077251 366493959 14 2
184933623 60937547 12 4
34959589 277568622 17 5
91051270 99610342 11 5
104438526 251999727 18 4
21268292 16689990 6 5
166154982 205665822 5 1
524085957 382863066 10 4
258760264 229830037 12 3
101308269 134473116 21 5
638488866 375266269 13 5
99213474 112068432 10 2
675036090 507476698 6 4
465135796 422446977 30 6
6847432 151134366 20 4
58883239 112376044 6 1
340123258 323071347 17 5
79404544 206978702 11 1
128976529 265840147 5 1
72303973 336863754 5 3
57964870 48739767 19 5
135518478 9909694 1 3
184174917 695555041 8 3
8039423 47070069 17 5
80369191 523914994 10 4
212473271 96825786 5 1
26761276 18834213 7 1
11655513 87884506 4 4
730926051 369151907 6 1
240426665 266568368 7 5
13173779 75079144 13 4
157534445 171993267 30 5
77174714 254518155 14 1
260505789 135798210 28 5
52853882 262855672 10 3
495628745 668865801 17 5
123715933 153612030 14 4
53212246 22989711 5 6
42636211 33601695 22 6
183323317 286138709 4 5
620605652 87370041 2 5
125375575 11926690 6 2
35909728 3767447 6 2
357259970 510191410 14 2
136547320 166071 17 2
387618912 261526156 14 5
146899159 221392490 22 3
286784711 295532142 34 6
4157949 485269409 21 5
59230916 82113653 10 2
89566975 13614193 11 6
57449711 579360114 2 1
197260681 128781050 40 6
381040733 353039141 19 6
57090132 25871489 4 1
101295562 527432992 3 5
426371377 246696149 7 1
47468169 53756312 4 3
293964673 43748491 8 4
91754418 192449834 10 3
40276880 122130653 7 2
456769615 471787117 4 6
227524534 41298355 9 2
36839087 26933966 33 6
167850502 74867142 14 2
270738477 274205702 8 5
49848672 461742283 28 5
572758885 177604957 15 3
108820341 115670078 19 4
207655029 169037029 22 6
385777398 32662836 4 2
14717743 33265294 8 6
338541031 318085157 26 4
274373678 17645045 7 1
178621930 49226750 8 1
60671902 30196007 6 5
192995040 597549257 8 4
165586236 24426414 18 6
137695528 465151851 6 3
160833828 458120889 20 4
295311265 394906984 23 4
569357935 386465045 1 3
21615683 261773088 14 4
196615095 95581129 7 6
329469279 104977499 19 4
201089308 354900416 10 2
372475742 188565361 9 4
47423334 71929951 4 1
188781221 112535085 8 0
378567619 302919606 16 6
431805848 392552489 7 5
809410779 641433757 9 5
2654609 45996910 16 2
108792647 482894925 2 1
48265077 345610075 7 2
301333049 78337381 7 5
508484959 285500 16 3
340165766 42626987 10 3
195943498 443426837 22 3
259921469 137557726 14 3
37829088 33708741 8 1
101228093 375439317 14 3
276747150 381247071 25 6
59285793 159002297 7 5
22746 367774026 17 5
315272688 31144789 9 3
10807760 48208720 4 5
98015203 442248810 7 2
127387765 534135069 4 6
793652521 494845771 11 2
521279190 228271170 29 6
374329146 28525092 10 3
23704595 42793451 18 4
533426419 358504471 25 5
267937147 525434586 11 1
124802843 60624643 7 4
873391120 425095027 22 6
379842415 230280099 2 4
21184006 34158219 7 6
602591791 448107059 10 4
123229720 112510416 19 6
57339965 234078965 15 2
429865281 749503559 3 2
722771 1387873 6 1
376293624 13617434 25 4
244461248 509163690 8 1
43645293 81005971 14 2
148564882 104797014 14 6
114127984 118961939 13 3
59537404 543504243 17 4
43944247 103682265 6 2
70826456 219421000 29 5
90291012 283966981 2 6
331699367 76887230 2 5
411825129 389262165 15 3
80695285 22173803 28 5
431084522 918011840 1 3
255210812 231063075 21 4
54253936 423157379 16 6
414019625 121599998 26 4
68719260 165702815 16 2
250842604 96365770 18 5
110962444 62851016 17 2
93088045 404039068 18 6
750229256 15226135 24 4
284520377 675577316 8 3
496054245 196389339 5 1
429335078 82167464 10 0
384531756 154855869 15 2
179845626 265148795 9 5
8262860 55077382 27 6
69783631 434768892 22 5
42772017 209135760 4 1
118195295 244835528 5 1
538937950 454846254 11 6
243618845 315805417 5 1
740970144 62114894 16 2
368440681 267523624 6 1
18972993 412925195 10 1
107393306 151693369 17 3
287829498 308290124 8 6
103705341 217895951 17 3
426810306 48810922 5 1
105422755 31681208 6 2
517047445 378175559 12 4
192370759 54794472 10 2
246137693 352082448 10 2
3890804 17382360 2 5
164764862 26672163 5 2
228341862 225683020 15 4
228238045 268754679 12 3
14533478 311710856 30 5
114788897 84567174 10 2
22299048 13178632 10 4
69410451 57932638 16 6
687706321 36198317 23 6
561954701 122001610 2 5
112611561 52204834 18 6
363219368 108974372 14 2
427859506 302346181 13 3
185943612 179585239 12 4
141595790 212380466 8 3
209845907 214571255 12 3
88011953 69669666 18 5
185882196 26603153 15 5
13702629 9977735 16 6
674524497 26161164 9 5
32633254 149480188 15 6
108948123 66037316 14 2
736829508 422618295 25 6
520080165 483276058 11 5
666013574 405218683 22 4
28869138 46159095 37 6
200414661 10768848 20 6
434178472 32323331 21 6
166396377 55045393 8 1
234763464 545347759 12 6
83800344 35455974 13 2
102117469 123809357 12 1
413587560 136543296 8 2
34240750 450678135 27 6
102507988 66920251 7 2
208257626 802792151 14 3
323798299 457147036 13 2
78918328 41435379 7 1
113659093 11381572 28 6
123871253 166144905 8 2
243034928 34304149 20 6
111033898 145226621 10 2
181604782 709633268 5 2
247306558 4928654 18 3
10052494 43720555 16 3
101892973 11851241 29 5
157071292 195083999 16 2
436796172 525325079 17 5
103237542 15575287 10 2
577273758 594494065 16 5
522929418 255025413 18 5
96522032 127078812 13 2
15946568 242926848 15 5
169842108 380950607 27 6
28580127 211922049 11 5
452510214 47632659 13 2
110787480 644381752 16 4
292249683 521568602 13 4
68462662 120139655 2 2
365612562 404177588 11 2
142896693 215672080 21 3
9554180 18478033 6 5
2989230 1615820 7 1
349774758 397762969 20 5
2983488 45696400 28 6
14715073 7223521 19 5
485739664 519045822 18 5
150425240 202730749 10 2
57514733 147275823 8 1
21430475 48348552 26 5
284699319 420752798 33 6
65133671 175709725 7 1
111698637 151606655 10 2
305284054 231157631 17 3
793145229 296152735 10 1
313039208 164861717 5 3
18732390 31274924 12 1
337077754 285589500 8 6
32585534 45455833 13 6
184099448 44114619 9 2
624545837 32546843 4 3
295155016 444705858 9 4
92176205 112008234 18 5
90850846 274356866 1 3
198041297 155210482 14 3
34937453 943029 7 2
516068742 145677218 12 1
10536189 310851126 9 4
107515939 118690778 7 3
233432996 102544975 2 1
473786439 565148850 19 6
150605087 76267317 12 3
95463033 134728383 12 2
6200570 21845947 1 2
77740228 21592572 12 4
569432639 758234840 13 1
76897428 70849453 2 3
72242035 239832250 20 5
196450066 67490760 12 4
14055415 79821229 14 1
139373089 155495649 22 4
2364081 8688602 7 1
154575264 219391477 11 5
58186471 35207254 26 6
197823422 114746094 23 5
91454673 78628505 1 4
377054198 155837860 9 3
334170357 198100700 8 2
199182005 120670034 30 5
78116781 114381651 15 4
88063079 477120879 16 2
4125037 6372658 17 3
276465686 411180242 10 1
223631285 123866226 19 5
40679494 52525076 12 4
166961373 132096185 8 2
138487028 58913503 26 6
654743576 75981362 3 1
213305409 267044334 11 5
95012667 22091242 3 2
63982626 126866011 8 6
260462681 59793206 17 4
7267099 5029435 34 6
103722948 12985092 13 6
123599257 781071609 10 2
143967630 112560472 20 6
500717367 430063140 20 5
149007565 153496804 12 4
12900685 74891493 11 2
319972858 323851464 11 6
78593594 211778348 10 2
431318760 544836182 7 2
151263872 303491176 2 2
153052239 33479662 7 1
832465966 661491673 17 6
21216217 20401133 33 6
541902466 895365808 14 4
205109821 365177103 11 3
264403467 211011750 12 3
638394870 297469364 6 5
7201703 14039680 8 5
160836019 96937444 6 3
28465569 705205138 6 3
5317345 8589717 28 6
321394096 135079675 27 6
832789733 244395210 13 2
100989524 77808554 10 3
259557014 163266521 3 1
83849542 536993577 27 6
76724560 294018930 18 3
11927597 249341824 9 3
366256493 457318665 14 2
175456512 351519810 29 6
268118665 358918456 5 1
446076885 211483528 6 5
392319897 110275039 14 2
620817447 608159466 7 3
803762255 836181905 17 4
36823154 72240602 19 6
31974722 60011387 9 1
184713303 782680139 19 4
90105250 178140176 12 2
2077797 4990463 7 2
11267503 45725424 40 6
60145357 53639465 9 3
195331213 17206111 11 1
363292785 212103145 12 2
106877913 334121158 10 6
51785468 234193648 10 2
825044355 57239130 12 2
200585598 200008191 13 3
103910889 121604899 8 6
100129947 312792063 23 6
428130513 7317495 14 4
794333 1536056 18 2
130191638 677573921 10 1
390886154 144657494 7 6
918984780 825336904 12 2
111890779 234905078 21 4
408550899 168691666 3 4
65715711 201063220 12 1
141417118 135315708 16 6
281267926 339516251 13 4
405886790 297981540 17 4
140354336 192949366 18 3
33810791 12353563 26 4
141130055 81801543 19 3
573962614 112597381 4 1
103341143 156408070 2 2
22130737 16175013 14 4
213754681 355610569 17 4
143368408 293889333 18 4
231499835 710522526 13 3
54895618 8559096 8 1
310321831 60366459 6 2
266361498 708136082 9 2
247774456 434796681 15 2
55145281 44650509 14 3
11674758 18309875 16 4
61814365 107621378 19 3
627506 5464199 2 1
232891818 140656822 8 2
856133340 153045564 2 5
136701311 173783864 14 6
744955 81704570 7 1
60136830 54365956 5 1
284180411 126325789 15 3
107677327 86263344 10 1
60652937 41856229 10 1
306322973 76046424 10 3
45965445 42930471 5 1
125605471 7041056 20 3
90470341 252677806 3 6
582666935 429695312 9 2
726844063 467665414 8 3
10094676 14242981 14 2
73365521 103089081 30 6
138973563 81319197 9 2
685314814 719752528 5 1
306189514 452068139 23 4
153034481 454377989 1 6
163509024 146190605 32 6
54016501 187754981 8 5
1482167 54648453 12 1
288737752 232321670 13 4
326004433 85724325 12 4
48979201 58069005 23 6
43552606 565973613 13 6
162675658 148183442 27 6
54547040 72348399 11 1
410626607 162633578 6 3
99466530 109157833 8 6
140072937 36976774 10 4
99476950 432282021 14 1
8128450 10614626 7 3
538406071 549166956 5 2
51754490 273302945 10 2
188008884 130050097 4 3
186122267 385267198 9 5
53279181 108832812 13 3
155274141 100882968 9 1
77030710 126671678 19 4
258246018 811985184 4 5
59411013 36384160 21 4
333276884 522595062 6 5
198705145 601676551 24 6
714169654 601260598 12 4
491842294 335115806 2 4
57401950 54715973 6 6
270259125 230470244 22 4
210123841 389243565 5 4
121945950 240754661 4 1
49333455 233029994 13 3
100490610 124956221 4 1
237313032 375605993 19 5
32137030 41121328 8 1
479448391 502536772 5 1
208021812 693922215 5 4
43741946 162183412 2 6
392707820 108065731 8 2
13266963 90281768 6 1
26869217 284480171 25 5
100762447 88770861 30 5
536955535 185511240 1 2
65151832 35509306 13 1
341143118 149931788 15 5
38772666 20628586 10 6
42186849 39516750 34 6
96583863 56185447 10 2
116097333 102847377 9 6
7094956 48010699 14 2
2
0
