100 10 100
84874714 324226332 9 0
52601637 269176097 1 0
67851879 297600724 12 0
405605998 472917964 4 0
153548790 402744578 13 0
435884156 1136077 11 0
14910667 383535600 10 0
168286835 281289747 10 0
78423450 742931469 11 0
358134019 385980593 10 0
175069185 268593330 1 0
14615806 23957040 3 0
775173456 128563259 3 0
196163813 296364520 1 0
47664572 184663032 19 0
370260114 99441479 2 0
293363685 184668249 16 0
130128200 176559532 6 0
76325758 50387008 6 0
142096133 288441444 5 0
5617471 137120223 9 0
81622742 114389218 3 0
389734781 281410140 21 0
255468988 295983960 18 0
140150093 310809977 14 0
852897577 113633265 12 0
985783446 25434 11 0
158252298 327929025 17 0
132009799 666807 3 0
121641088 364516111 7 0
317320092 173124371 6 0
162440132 431943150 1 0
127784040 682220562 1 0
162197183 43038595 1 0
107853204 10325447 1 0
799737640 50734894 1 0
83666436 161678446 15 0
450207004 42257917 1 0
838839773 20773785 1 0
95313717 467361895 24 0
222632811 390236090 6 0
54558916 78443072 1 0
190220523 121821053 8 0
180512428 167597516 5 0
417803638 368268353 12 0
5754670 578434353 28 0
104123119 231900969 5 0
55432453 45021390 1 0
266602055 83044444 1 0
70807910 409900182 1 0
123190729 310554251 5 0
49799596 234911001 25 0
45335166 255850822 1 0
179915028 348059002 7 0
71157131 684555801 1 0
6629994 325312066 17 0
12438208 859882577 22 0
77670358 80397749 16 0
176461887 9843609 1 0
137539434 197890062 3 0
388446945 361339408 4 0
198334997 205660584 8 0
10225536 667642283 1 0
76124434 116647869 12 0
117075478 653701313 1 0
441374712 50036555 10 0
232820840 37235751 8 0
179723597 302230991 27 0
318702237 38167738 12 0
75567803 64426716 10 0
118204241 600287802 1 0
122766997 657880104 14 0
768767621 29037229 23 0
650537080 64380710 3 0
100964255 62409734 21 0
615380534 197728478 13 0
98848992 393606804 28 0
21402621 439690664 2 0
253697163 163887546 13 0
215567148 61632411 1 0
54313862 325562357 1 0
560030957 75329993 13 0
362949915 10635810 2 0
234568040 19752974 8 0
960453449 5525025 15 0
251376069 56641440 1 0
11930987 126013054 2 0
204700370 662287938 6 0
7080957 249606842 20 0
272017362 203899062 2 0
660400055 68649 1 0
292486400 20692701 10 0
334435304 439996282 11 0
197859837 481500819 22 0
26965717 829246868 1 0
141558914 451473336 1 0
222264177 301736863 9 0
719365970 25461342 7 0
113562133 312524794 6 0
41283128 179822639 11 0
23
8
53
74
52
65
88
79
37
20
68
71
32
70
47
83
40
12
10
95
44
78
18
50
54
81
73
67
87
25
41
1
57
16
30
15
31
98
22
9
76
26
34
91
97
66
89
36
38
29
14
82
28
39
59
46
49
86
43
100
3
27
61
90
45
77
19
21
58
48
24
62
0
17
72
84
6
33
99
42
11
75
51
4
64
63
92
60
55
7
56
13
5
85
2
93
69
80
96
35
