1000 10 1000
41500779 611619051 28 0
349414516 448439268 5 0
147540424 628693738 3 0
10755206 79077343 6 0
48201391 23005984 1 0
76338997 116812065 10 0
344335287 206662435 8 0
179087907 57600273 16 0
347318663 561157989 14 0
333052082 600429262 3 0
2645534 19035483 1 0
656442646 495472547 1 0
319109951 199876622 2 0
177082276 205511320 2 0
273726191 417178773 2 0
36819358 109616030 4 0
125128027 202740090 9 0
83323491 99169640 14 0
410432212 111617706 1 0
788356558 303303438 1 0
69414963 54096838 1 0
370010549 95238345 1 0
7870801 34382028 18 0
257154043 53362790 1 0
322365192 575432565 9 0
16379725 22095710 1 0
424603318 113481817 21 0
571234029 244912674 21 0
311914598 24124451 4 0
272860934 109214180 12 0
272236420 416863774 1 0
308085310 37209598 15 0
310285529 5631277 11 0
154183624 78127016 1 0
33718151 6598612 1 0
405237660 442370179 24 0
393749456 372276957 16 0
576100836 398536852 4 0
380933395 43211108 1 0
28578564 98997222 1 0
60879926 88002793 29 0
324805495 206998672 6 0
123577697 4074143 1 0
429934558 25790826 20 0
160806728 178663089 1 0
177401908 112594090 23 0
230459433 332858601 1 0
48604225 32202910 2 0
276257062 419631491 3 0
130606063 248748162 10 0
412547605 378261506 1 0
125270037 103906985 25 0
60297400 227099151 5 0
103725469 329079949 1 0
65944580 229101738 19 0
382330600 23907795 4 0
97905696 195392676 17 0
226762693 301125443 8 0
899770404 516844139 9 0
80543419 312587211 31 0
150581171 36514409 7 0
445894894 71790592 1 0
153808446 619896604 9 0
99876236 93167703 1 0
303906789 38584664 11 0
55585772 2779177 1 0
476478487 311467734 7 0
734832304 540965984 7 0
311069406 189130159 8 0
42047089 18959706 21 0
12162080 1648887 25 0
345987829 58710635 7 0
256312115 303641214 7 0
182538595 439459165 1 0
36584546 52198573 7 0
56253453 289915 4 0
3164170 12249848 4 0
35259258 319848369 19 0
528711969 561623782 1 0
26683765 448324844 12 0
129799555 50142790 15 0
8534667 58217173 1 0
331044395 51921327 1 0
215057822 315722124 7 0
443854390 325420649 8 0
200404937 228298608 25 0
482120851 454430014 1 0
677288731 705089907 9 0
97353773 284819209 2 0
25007254 285325849 1 0
3978179 2732913 6 0
94998497 114861181 12 0
394067620 296280015 16 0
147054160 374155852 1 0
236112709 219544038 7 0
4796963 468900 1 0
531926143 487437502 13 0
254834563 306688220 16 0
227659381 32244279 1 0
498600911 163177875 1 0
146134889 187661730 3 0
20555644 33404350 27 0
209262241 230248764 2 0
226953983 197164441 6 0
90212589 54845341 5 0
280399829 42819819 2 0
44883787 86365782 1 0
319341988 321391556 9 0
158339005 222508378 1 0
199704543 171927564 3 0
310079516 60737280 11 0
261554616 176237551 1 0
279585903 282711458 18 0
72166304 185536762 7 0
614369484 427225347 11 0
489535999 589366975 21 0
121991799 316920390 15 0
60137170 335113021 2 0
176138830 119562700 28 0
14894893 8943980 2 0
129997565 134216043 15 0
249018797 534517518 5 0
410561058 481069353 1 0
360368304 389840785 27 0
1443419 6665482 1 0
60092301 56410749 15 0
2370827 8730226 9 0
59495582 31973194 6 0
240917240 362750850 1 0
106649439 37751051 1 0
605753009 105424919 1 0
46429943 536309973 1 0
203155774 197942047 1 0
46538401 245867998 1 0
11509184 71920281 1 0
10131864 183480701 19 0
180087771 130874503 28 0
36381410 54513255 19 0
186319774 270038964 1 0
163400376 339303412 1 0
10805324 9419023 7 0
660862385 76241335 1 0
198742056 9342062 1 0
60447239 176135341 1 0
209946906 363537085 19 0
226399514 115896163 1 0
100123455 254970007 1 0
74808127 379569260 22 0
36387849 63781241 6 0
489862938 489286873 2 0
361985 632453 6 0
281163152 440429166 16 0
190687992 64863959 1 0
49728219 72994987 9 0
25436808 177321036 1 0
41857119 143355671 1 0
15589484 59597003 29 0
570661932 259067399 9 0
117515619 16035769 5 0
118673026 8213675 3 0
65169635 52619954 10 0
12646398 97180723 8 0
35084104 52328567 8 0
247900439 41748841 1 0
96324159 77512191 30 0
198878816 159053739 11 0
631590063 90043807 8 0
332388919 703263327 1 0
2058069 30323662 1 0
58940672 76826658 29 0
22454853 25561968 1 0
103836950 179409203 1 0
513781714 201492316 7 0
92838509 124272444 1 0
105505038 160257031 19 0
105108329 20471034 8 0
268065411 269075742 5 0
44418277 48229533 11 0
496743572 48928685 12 0
261071391 345493345 15 0
197247041 726994930 9 0
17845349 139743432 5 0
44505033 14795147 2 0
163805143 592898224 1 0
108900915 189255243 18 0
43105885 705955247 1 0
308325445 136590722 19 0
304201132 397875593 15 0
251604456 46207422 1 0
152009328 318142079 10 0
113784411 377856605 3 0
26597152 537015802 16 0
14276126 4578118 10 0
41789064 155522677 30 0
2604238 8237179 1 0
7334134 227473270 1 0
355222 73365542 9 0
449199328 512519034 7 0
225469218 51807372 2 0
85580321 68580164 13 0
10975086 2857761 7 0
41092139 233341232 5 0
86088494 110942677 5 0
67786339 37112977 2 0
403749424 684328432 4 0
49621227 7323610 1 0
47121605 5130635 1 0
284440495 128878750 1 0
485088873 52023535 1 0
307829489 10191761 8 0
6239580 4380358 11 0
336432632 30325095 10 0
12502105 48592668 13 0
296235620 586916343 1 0
209409255 115789975 18 0
275980617 443948961 5 0
295526354 129014691 6 0
8820089 528590640 9 0
83942491 178332877 1 0
16008205 6100115 1 0
114092253 13608175 10 0
25120304 52543072 9 0
373271892 189665998 29 0
576588517 176292991 1 0
75654046 29770658 7 0
133586970 206953506 2 0
356768004 34710253 10 0
3451941 11033916 4 0
527615766 715405944 9 0
158186723 273035880 9 0
13077683 163413994 11 0
73929141 130436020 9 0
50901075 110831411 1 0
182889974 398033986 19 0
635688661 208690952 1 0
271734243 179517125 11 0
181103958 220545759 12 0
410595213 31907131 4 0
106522306 50900023 1 0
325734038 137824212 14 0
89325751 28565047 1 0
61031924 116048570 4 0
73754723 71717691 1 0
16258297 537682651 21 0
135048221 474580630 1 0
696348928 560730240 9 0
245391029 66551152 19 0
322576222 88902289 26 0
40004291 445626364 2 0
243436412 62772069 3 0
382490050 889803570 1 0
26414700 16720033 20 0
4745906 87895208 1 0
56320467 26140979 1 0
830971351 638329803 20 0
262286987 206689857 25 0
217759001 102155207 8 0
50172477 221221696 1 0
189294736 37097701 5 0
95621251 17279580 1 0
7678453 900058 2 0
373010107 465238377 3 0
12457906 2698462 19 0
206966599 196268961 8 0
27832654 69228316 11 0
432254970 445507325 1 0
363432978 59374605 6 0
197629869 119979286 10 0
330836158 164922152 7 0
58839279 257930677 1 0
70777017 55660828 15 0
80892507 69670260 9 0
256454119 146086823 1 0
439843293 55598105 17 0
373003346 163233850 1 0
276130775 57392094 1 0
47131333 386290437 5 0
805210507 72507881 28 0
230087967 65845489 26 0
15495094 8403328 2 0
11062495 393012382 10 0
192973691 325624602 1 0
113793633 934769865 1 0
149181272 266704021 8 0
381506527 394038887 1 0
354525316 156584031 19 0
843924837 26475960 10 0
87617458 20096622 10 0
364225429 480625771 3 0
355846180 59101902 6 0
113454292 68135429 16 0
77457209 6820380 5 0
333250514 230381753 1 0
69541260 120691401 28 0
21695054 444449814 15 0
127428543 154501155 3 0
129572899 469842934 2 0
77171911 90733664 4 0
228640477 410863006 1 0
22143981 25061566 1 0
541115123 188655689 12 0
99812973 142862175 1 0
154904005 265921402 1 0
872853599 238573014 6 0
517157275 437450467 1 0
424096007 378624945 1 0
178937217 440849730 1 0
43713926 294687854 1 0
462722690 389895438 2 0
85032648 10208932 17 0
81412388 442284935 1 0
470378188 414501512 10 0
8334744 6680904 11 0
94857987 186062588 29 0
207621784 235149763 13 0
677946 1255247 16 0
190066959 119779317 8 0
250245579 90426985 4 0
278457613 98540930 1 0
198471299 696507213 19 0
146203862 151218470 14 0
171843884 474637899 10 0
95649364 141717552 7 0
348891798 206348740 9 0
124899955 213930414 8 0
275592324 289990353 4 0
634459953 349256536 26 0
13296461 259727613 20 0
186988373 222077197 12 0
665472385 14464345 2 0
143404129 423211595 4 0
192541633 19436733 1 0
474247603 49015714 5 0
569296825 319156819 11 0
181206169 94151310 10 0
185946247 61086197 1 0
97871316 82660711 9 0
134482125 56324180 1 0
193627389 106500644 15 0
166573307 439706695 11 0
278321520 293606602 1 0
370955114 134026838 20 0
133739941 116406866 1 0
1812963 14007136 1 0
438941666 425373529 1 0
148146032 49503221 15 0
1009510 121958 20 0
507265100 224415358 17 0
280018017 617272612 1 0
790436700 118592495 8 0
139962809 796916864 12 0
458907451 310263089 1 0
39262130 96331146 2 0
871247854 830120541 1 0
359004585 194892566 1 0
56187129 27780123 1 0
261297536 227741616 8 0
53390224 102361748 19 0
760116714 667682246 18 0
102624748 65306996 21 0
179841626 275842964 10 0
59795358 97392473 7 0
713742723 100028945 1 0
86335735 623259457 24 0
874072869 425030935 20 0
465539885 403944277 17 0
93947131 46970588 4 0
86355599 103101001 24 0
67114139 550585815 11 0
66358077 28934083 3 0
294470415 963716679 16 0
334750873 795486532 19 0
456913873 505061516 9 0
35370554 17549426 10 0
21903683 240926854 8 0
326637830 370338540 8 0
764689756 44214369 5 0
51545839 37142701 20 0
781766795 751457891 1 0
217185954 729444987 11 0
130029619 113193937 18 0
560960483 442145692 2 0
128935479 219102884 1 0
657241224 399286382 3 0
390471849 416390017 13 0
408958859 283314456 7 0
93777559 177290238 7 0
386899247 48610243 16 0
386613086 208664178 8 0
23885368 35621317 3 0
61967758 99535952 6 0
609558619 842572990 10 0
495978277 6120253 3 0
130038935 97193181 9 0
7341899 10418843 1 0
416309112 91766489 7 0
132149767 528376130 21 0
289850575 343060579 5 0
200389218 320197579 1 0
45330377 206936519 20 0
227585968 105494442 3 0
1363476 18943855 1 0
381473031 154467477 1 0
978323875 391598447 13 0
106094709 3571509 21 0
490742915 106177096 1 0
287366081 348685995 12 0
285232284 95682113 7 0
222103883 587061298 9 0
198051583 85633623 1 0
280896816 444902626 1 0
45246202 611234432 4 0
84461626 71222554 2 0
278990893 61660748 16 0
34735170 12680976 2 0
130222787 117202240 1 0
564101420 144549876 1 0
319968676 80146200 1 0
224919036 369880505 1 0
504137631 21443591 4 0
109771565 124590282 1 0
183209226 52169064 10 0
233402432 210037644 3 0
1359233 13072177 16 0
2177825 33018127 1 0
785213253 744527420 1 0
493545730 108256738 11 0
16653952 153479927 1 0
12505603 14115337 1 0
440489828 57170436 7 0
215874494 138034657 9 0
410217313 384339340 1 0
186334600 139692328 8 0
622947287 782012655 1 0
53850653 74982999 5 0
175526223 52514747 6 0
207732636 313255740 4 0
538148910 621282693 5 0
377465174 176119608 9 0
46117802 43875882 7 0
128075336 49516754 1 0
70287018 127180117 1 0
720167202 296852036 4 0
75343503 128965922 10 0
159732403 130402660 19 0
84038955 297677755 16 0
198437925 221228652 6 0
15217965 14546835 6 0
18030262 628454798 8 0
672667771 107409206 4 0
8104431 10725160 11 0
542228731 330976734 3 0
371052373 65135710 15 0
556404929 524670672 4 0
365857553 391849057 1 0
60294666 91744839 1 0
149291378 381815883 18 0
216776738 202347366 12 0
209349794 175332492 1 0
27327075 535940226 11 0
358842853 375831274 9 0
184314967 573897308 1 0
165897389 134028650 3 0
402331849 184888081 23 0
64395743 142054928 1 0
50510347 592685155 1 0
289139863 373379051 1 0
288770511 183353577 5 0
94988420 408268552 1 0
8916749 4627388 1 0
75509685 11625207 13 0
482082480 432471330 30 0
9076510 29868266 6 0
320202697 494340476 10 0
72362801 13253253 1 0
43341129 64333168 10 0
84802656 113828220 1 0
861150029 150164326 17 0
219342947 220932473 1 0
17927372 54178050 6 0
49953640 82267521 3 0
137752387 140629295 3 0
75824720 159423818 1 0
3913194 962225 2 0
141696074 654750669 7 0
53188908 2410019 4 0
736259964 207963966 11 0
168164824 90666392 30 0
26588678 38845672 22 0
833321192 111534463 6 0
776502436 807743344 9 0
39605178 6089598 22 0
293724102 164246081 6 0
205216298 152469850 1 0
268433172 339317343 1 0
272109069 651452147 7 0
104526317 282292249 1 0
81429795 102059245 8 0
443052025 93672266 1 0
126903722 489784055 8 0
642892335 628745204 10 0
184950117 124918628 1 0
183146443 210100997 4 0
17993429 17110935 8 0
35807979 17111645 21 0
75551387 208174239 6 0
310576374 139522255 1 0
521248464 163750532 7 0
258623759 197820521 15 0
343176853 181168858 1 0
553809593 605263808 27 0
694938547 173054438 11 0
74411166 1816979 15 0
13431919 6406967 10 0
338435322 265283460 15 0
226727423 342514610 1 0
160219253 145309631 6 0
840030102 440091847 3 0
39361322 23383257 8 0
61356250 27855443 1 0
300825873 663658546 8 0
198321212 15219128 10 0
12424171 359109985 3 0
925132477 581481656 1 0
94271992 54252590 1 0
379741621 439089337 8 0
18737179 159989721 29 0
42696367 39127875 1 0
822446398 671230581 11 0
986202054 82777666 19 0
283419641 297272709 8 0
88366427 122519389 20 0
18771684 453147472 13 0
137802621 138583055 1 0
15985570 183596995 12 0
351175316 273337261 9 0
53276369 13316748 16 0
24260162 84121946 8 0
103458579 590977878 11 0
117635919 178440549 8 0
525918563 75414188 1 0
439642704 598555135 1 0
287145830 379528893 4 0
162967434 129759292 1 0
75510344 17163273 1 0
114938861 151347035 18 0
366203465 541800632 17 0
220771794 161531934 5 0
78960269 6153864 8 0
542105738 564899442 6 0
71091469 193674879 5 0
109828314 35954717 1 0
298829085 165308501 7 0
28551875 51036290 14 0
248444397 80930602 8 0
226210569 53378455 1 0
287747317 170258590 9 0
812759693 813687779 16 0
105320194 614080767 24 0
52224624 61837705 18 0
257083344 104186058 10 0
147051165 74886979 1 0
169173646 241553102 1 0
105967247 85572347 7 0
66584683 20809430 8 0
100029478 86609320 1 0
554435376 16341786 20 0
68474455 111331444 8 0
223277933 282463913 1 0
168589339 159981806 28 0
409467142 674196708 22 0
148054766 33833664 1 0
310528196 35319363 1 0
49723745 75021904 1 0
211218106 461597424 1 0
80061223 754802224 1 0
107569509 654047691 1 0
344026559 6743654 1 0
13733515 9669392 10 0
35874515 202751511 6 0
628261174 858152591 18 0
197491665 36205930 3 0
176297749 93609424 18 0
49021948 728655067 5 0
242701570 286145169 1 0
423942272 109845502 30 0
656281139 550146629 1 0
26561485 7425005 2 0
21062809 2367631 25 0
30348174 167729552 1 0
205742805 649835512 1 0
28092495 290095049 18 0
509412484 458909110 2 0
142790027 143730622 6 0
328294705 289227475 6 0
139046655 90846413 8 0
211202521 310963248 11 0
96558573 337088396 12 0
14018325 76296019 10 0
165527809 373004242 5 0
171158450 426268502 9 0
862582889 65840854 1 0
524114663 318790989 10 0
21738155 340561799 20 0
11430311 230271400 13 0
304882648 652474059 5 0
137045691 78639596 11 0
45696406 255344582 26 0
166152027 134950886 5 0
569045136 280505121 15 0
33747472 163694134 28 0
184290385 185033684 1 0
214717393 673923556 8 0
123731024 353338513 26 0
126069060 591152385 1 0
34223597 915488274 6 0
130666266 259965354 1 0
484665519 178144980 9 0
208089695 90720135 2 0
499015850 441599478 12 0
54564462 61367879 20 0
162242439 288941179 3 0
16305833 73907162 9 0
1722395 6272615 8 0
142228085 33774175 1 0
30549115 126663247 1 0
35002393 254643808 1 0
134398275 231677031 31 0
201024717 346904021 27 0
161521001 260149798 1 0
62780040 15503157 17 0
73359193 413883357 20 0
302633852 170961561 3 0
92071902 102820368 9 0
138106864 35794979 31 0
334309256 111569437 1 0
357571977 198268552 7 0
38164526 87886644 1 0
508755806 396155507 9 0
381603767 320955166 1 0
22082277 248407130 8 0
97118845 744868314 8 0
63143980 26528626 1 0
31123333 120696371 26 0
8966242 103165196 1 0
125009163 234711569 11 0
6282337 165581988 1 0
444593901 183330506 1 0
175575956 456305189 15 0
39480492 285651323 6 0
25651950 7668837 1 0
71050430 255724780 21 0
302791005 319699727 1 0
71212663 120320989 2 0
39430720 276135824 1 0
1613273 517424 9 0
316588205 166658217 31 0
13152845 58947485 27 0
58171676 78359416 1 0
728602455 47515803 1 0
466521494 2321819 7 0
323455646 152185732 1 0
264766492 84868740 18 0
167979786 444794495 7 0
585895702 379379082 20 0
262378871 466692751 20 0
566333496 208805797 2 0
614184338 137880399 1 0
134484440 89830220 30 0
4724063 60025116 1 0
300874765 52985500 1 0
223051216 39676987 3 0
34267186 26984269 17 0
52517352 10375552 11 0
10300121 10206962 21 0
249018225 136313333 18 0
153569791 6054799 6 0
120050348 198652605 4 0
807796378 398375167 18 0
8230877 268025928 6 0
48977231 89450338 1 0
253167659 206256268 16 0
138476114 359655878 10 0
30324647 339062437 17 0
399096124 101864777 1 0
568807624 689257973 9 0
164152428 96860421 13 0
115263709 215961652 1 0
404208653 104704452 23 0
58000757 113720404 1 0
307187895 461134508 2 0
23909278 134714381 24 0
173706836 153689991 21 0
214461544 39872167 25 0
156388022 5148125 4 0
221055213 230058280 3 0
503044712 162990977 25 0
241465837 731213596 20 0
115552713 15117653 3 0
200151205 173503699 1 0
16359446 102882682 23 0
429124648 35902144 10 0
533100150 507037052 1 0
201709776 178429541 8 0
389541790 308455386 1 0
48343900 72194696 7 0
79489785 207176607 4 0
149595121 86293282 11 0
207003364 100808871 14 0
15941850 11290905 1 0
459150025 541408904 2 0
328499306 97187351 13 0
370388015 10117454 20 0
240640789 339476231 30 0
8135628 34542564 19 0
145060126 103743128 2 0
176734886 2997571 11 0
34225921 16219066 9 0
67940558 54599954 1 0
153665761 206845789 4 0
126081243 644887387 1 0
22854746 69603988 6 0
605228169 134877810 27 0
167092636 290184111 1 0
336945025 122003572 9 0
452115720 203945669 10 0
9660597 7933443 10 0
688749309 290252594 5 0
372624415 695209650 7 0
253603686 273065559 10 0
321287470 232599317 2 0
62247611 10507458 2 0
299977876 493309768 16 0
63634160 93441061 9 0
107928716 177441955 8 0
157122602 588203429 1 0
196358389 33833221 15 0
222872870 510868953 19 0
39715963 74667131 22 0
250763541 234341924 19 0
762573672 237570466 9 0
745815010 487168932 17 0
421208760 240795109 6 0
14903291 1929380 5 0
16321368 569004507 5 0
117112684 44634109 17 0
541402326 476779236 5 0
59480170 199543883 4 0
21398021 359841041 11 0
746031512 132463597 20 0
401059137 30129359 3 0
202528452 106621716 9 0
117199604 513215587 1 0
215482872 178435750 10 0
164298513 384792967 11 0
224862543 79980994 7 0
171231829 155922765 13 0
39133601 150701381 1 0
101024768 78147023 30 0
22873572 93108897 1 0
167899633 196574334 6 0
446871521 491286454 20 0
9085917 10202759 29 0
68330375 131013449 10 0
529429204 307686507 6 0
820084147 840897633 20 0
20279909 95120461 30 0
157566991 217018774 21 0
775175636 698274260 7 0
301568294 124261137 2 0
217273378 103474329 9 0
51608628 32189249 11 0
66282249 392733382 12 0
296028288 692527210 1 0
163720504 660837665 1 0
869020970 561917157 14 0
138538974 250551856 9 0
201941527 168491048 10 0
299961168 114270904 23 0
77010453 71195585 18 0
100988342 46010960 1 0
3218907 1219250 15 0
110357419 79185072 17 0
101109897 63692091 19 0
36473379 59013041 27 0
167386393 436553126 1 0
18445589 20825163 8 0
425910237 283098933 20 0
58465797 212671454 7 0
109427676 135753982 10 0
110020520 71349571 4 0
9690558 340785175 6 0
238325767 252261948 9 0
73866767 60110448 26 0
134664513 9974520 15 0
28227801 18260994 6 0
670813727 50148446 15 0
223372837 21662068 18 0
11136244 43108848 31 0
208993226 209343163 1 0
52154573 25914318 1 0
113547698 152560297 6 0
94166623 387257356 13 0
249288644 436318571 6 0
71350468 117227410 7 0
219065958 150099853 6 0
136418148 318656176 1 0
165323561 442616199 1 0
371068964 363120538 1 0
398768679 289358544 1 0
211551120 373258665 1 0
347328004 45224418 9 0
57994913 63119173 4 0
229676632 174607652 29 0
381818589 328560681 13 0
38104244 78951515 1 0
253750715 815878660 2 0
79359221 265880432 1 0
521597787 28335600 1 0
108655659 254635528 1 0
92958107 434269746 21 0
209804269 196473352 1 0
42135807 10083291 7 0
780483680 93334719 1 0
161963492 761314800 23 0
640135605 79725448 2 0
31109412 68419757 10 0
48129554 69244073 12 0
239565587 183364666 1 0
16865152 61630138 17 0
102844189 490200072 8 0
75417331 66084395 1 0
31896632 419026368 1 0
324225637 72878273 7 0
356200912 4277216 5 0
821593177 99850253 6 0
215181913 207723369 1 0
333830630 295732853 1 0
47748074 169386148 1 0
327936559 292902969 10 0
4973947 16121793 1 0
75963244 64305190 3 0
91456627 66151844 4 0
802829821 360431113 5 0
60119748 182743121 1 0
149874003 245042041 7 0
548651453 410452593 28 0
66208433 63038135 7 0
80220175 93190087 12 0
3081364 129765629 1 0
71589126 62846537 1 0
469358795 75585790 12 0
115663018 7339935 1 0
160067147 57340828 11 0
39423855 567495085 16 0
466128116 327080707 1 0
53833588 39460996 11 0
20143695 157228631 9 0
405512364 195883730 1 0
3994352 326026637 12 0
16861948 22186427 17 0
89765118 617153864 21 0
20158618 30823421 6 0
37414028 16064708 1 0
15650925 788960 16 0
281521908 362620949 21 0
289419764 95863152 1 0
507712345 667112932 1 0
420750761 216587042 3 0
695391 99839826 4 0
875285155 896899999 29 0
348168785 233072416 8 0
48357520 16899616 3 0
83651514 95433743 11 0
791896278 753028629 1 0
471831401 19577303 1 0
44535317 6495834 2 0
304700048 414444504 1 0
177785510 272525760 7 0
42464726 31908282 3 0
517030436 159789665 1 0
272289325 650338065 7 0
66355 137783353 6 0
321866990 101590864 7 0
166130938 22642662 1 0
53734847 511191180 11 0
197722462 36138490 20 0
403014894 449638948 1 0
42905740 54495235 2 0
25978111 415511235 1 0
543645461 203105643 1 0
161576755 157020923 1 0
434740576 325183473 20 0
22073281 193898278 13 0
158174476 641240326 12 0
45042176 26618851 2 0
33495084 160697431 15 0
66701056 22928902 2 0
4412068 1887664 7 0
35438538 85091993 1 0
62535977 730289452 10 0
488235604 363969694 11 0
252809183 605819423 1 0
161162230 247301248 9 0
279772369 473603046 1 0
596585467 211928605 1 0
280631682 15106302 1 0
416140904 157450531 17 0
201898830 6524911 13 0
37544208 176723243 1 0
6956931 121146141 11 0
20239438 99144861 1 0
169559969 510567447 21 0
288517603 804588252 1 0
413457023 109688294 1 0
12501628 9770996 9 0
181535338 8041477 1 0
16201067 35257592 17 0
48121369 77136838 25 0
135387016 157480266 1 0
213095162 120712251 2 0
22777522 108575504 1 0
186752405 481751968 20 0
229433710 775066032 17 0
126233118 327952837 6 0
8714116 4286240 12 0
454923420 80562312 16 0
44613087 24819360 1 0
282642393 314634331 3 0
421699189 344864820 17 0
324794697 447298621 4 0
139516421 20050198 9 0
60667006 182298375 18 0
36963970 245726569 6 0
176302696 186897920 6 0
41543663 224216659 5 0
283537373 389326717 8 0
295033487 488801086 4 0
10157459 29542537 11 0
29153865 142169959 1 0
280724431 102427239 5 0
141560463 30377 4 0
136486791 190017062 1 0
347021051 181067172 19 0
354224637 585665974 8 0
254144496 121827019 5 0
287850008 493398976 1 0
717287385 148002973 20 0
207462612 77179060 6 0
325663635 462506940 6 0
89451254 26327331 1 0
161439483 72757777 30 0
435031086 124168994 3 0
340330334 130151259 5 0
330466873 146746580 1 0
105028820 65979891 6 0
291694119 199081746 8 0
291176967 315840500 15 0
51371294 120098741 19 0
159986366 137106725 1 0
352489205 448080076 1 0
407446967 46966143 9 0
180825403 62950040 1 0
6938644 156224811 4 0
204071863 54058246 8 0
387183386 105030842 10 0
70837046 30242840 12 0
177633041 255743123 2 0
167726694 8097130 1 0
473044733 58014162 10 0
111510109 212685703 5 0
364695045 604845608 4 0
681578370 67964989 3 0
1216420 121585058 25 0
519873541 103155763 1 0
678856783 271210086 8 0
4317962 10472141 1 0
171215506 582814835 7 0
42273173 100488897 3 0
129903302 200724031 8 0
64285702 71406814 6 0
367550344 715116078 27 0
521529151 389940797 7 0
237138636 569139023 21 0
344319110 239694954 24 0
738521328 326546489 3 0
25732175 17013899 1 0
233759255 21330955 1 0
476728433 284865020 4 0
215098728 110086867 1 0
339608896 203249347 5 0
318945391 794849976 1 0
876146588 312412209 11 0
28294061 18323905 4 0
31586621 74199628 1 0
129247395 195584056 1 0
44383927 22082034 6 0
10012770 84566234 8 0
69883513 60333906 15 0
34340400 171282712 5 0
422
530
964
657
893
916
840
136
464
725
803
386
256
805
915
346
388
510
991
463
834
311
609
84
294
948
39
204
55
59
449
740
57
756
29
44
525
934
46
758
532
642
216
768
467
48
559
262
945
517
849
682
78
847
944
764
300
450
874
317
21
865
90
631
339
869
931
856
737
757
280
853
135
253
96
166
289
362
496
685
97
125
885
476
599
871
777
902
692
919
482
404
526
132
796
912
480
616
533
641
653
411
331
196
379
83
917
361
549
194
800
459
144
330
561
279
288
31
928
505
213
729
187
790
286
644
529
395
612
918
284
799
761
998
314
688
167
989
988
835
246
472
325
649
112
590
806
585
930
45
252
35
421
399
14
947
446
896
242
694
837
27
156
425
500
218
662
127
776
551
219
736
226
412
706
717
752
1000
155
220
650
707
15
447
337
452
336
208
695
319
95
341
474
509
224
328
666
839
775
770
19
967
266
237
836
25
448
977
772
668
118
468
186
436
845
347
281
844
0
543
236
968
721
190
343
864
910
604
42
518
541
705
368
101
651
984
962
402
892
975
676
498
868
990
12
660
712
47
982
66
490
880
37
185
372
820
690
877
358
531
214
159
462
720
589
265
560
270
791
515
547
240
304
618
211
669
443
410
355
734
858
74
145
536
64
160
138
376
350
285
152
827
577
568
478
89
483
698
633
981
814
321
54
958
789
550
588
261
610
176
513
672
276
1
34
470
333
62
819
622
365
601
302
628
212
528
239
702
654
861
523
558
409
295
272
486
299
69
120
886
873
895
86
3
689
722
710
617
979
102
430
235
545
23
51
828
818
99
963
636
571
854
564
63
586
527
477
149
332
754
696
903
593
665
701
946
259
131
75
140
407
439
746
473
70
56
535
576
959
894
573
857
592
142
192
487
579
987
647
318
841
466
842
679
163
245
619
613
440
674
605
105
574
554
88
607
225
233
627
715
703
544
123
150
479
293
374
724
417
762
248
575
747
606
323
369
92
748
327
107
297
802
121
161
524
495
645
537
693
197
175
10
774
794
801
2
755
453
394
667
846
542
312
687
170
614
172
263
956
691
539
817
786
557
174
807
511
652
177
905
816
158
366
866
184
308
670
195
202
697
749
391
433
363
38
326
340
506
18
970
435
516
714
552
104
732
595
838
966
658
811
713
904
699
952
205
804
821
179
890
349
603
200
424
444
290
133
832
769
867
87
415
238
268
122
993
852
582
907
972
377
255
269
230
146
106
475
408
878
442
795
134
334
522
30
58
632
661
215
859
189
686
504
228
976
241
983
922
432
598
310
742
675
49
344
231
53
389
359
779
978
578
367
914
465
891
148
72
638
648
315
785
999
624
456
739
129
708
173
634
997
419
850
206
429
872
940
277
830
630
913
953
569
887
390
899
147
810
920
716
76
22
68
566
307
901
926
735
360
572
203
793
760
426
301
534
171
141
809
751
941
303
16
860
583
234
640
728
833
925
32
193
370
815
191
924
562
626
681
71
808
548
831
932
382
392
594
157
884
798
413
352
792
611
168
508
401
229
108
154
954
271
955
438
320
17
635
876
591
80
584
113
313
182
906
862
985
943
923
629
659
398
40
278
492
520
812
267
863
767
130
7
345
623
244
995
227
700
98
164
60
354
825
124
829
420
414
423
763
738
933
823
67
485
162
939
481
503
512
405
615
28
223
109
898
93
501
371
416
221
165
655
969
683
656
992
9
974
882
324
937
723
316
274
427
13
153
608
570
684
287
936
50
445
493
935
996
986
298
373
357
744
82
250
671
643
73
938
378
455
704
514
553
502
620
282
437
781
773
540
826
745
143
855
384
663
381
556
254
889
911
879
351
784
251
727
851
393
364
494
180
356
434
458
431
201
469
217
460
461
79
338
397
741
110
418
36
787
942
677
209
921
43
61
41
396
348
499
471
765
181
451
387
85
957
909
52
521
782
275
116
322
65
353
24
335
94
929
81
950
137
292
342
489
824
207
730
678
596
822
151
581
709
258
305
77
788
973
680
91
980
726
646
128
881
117
119
639
257
673
519
813
400
329
908
565
848
771
546
843
6
454
743
457
491
563
733
183
283
750
199
597
507
26
637
385
111
198
380
625
247
960
375
4
780
718
971
900
621
567
783
291
139
403
949
169
719
441
753
273
731
428
126
11
602
20
664
580
296
778
888
115
114
766
383
587
870
306
538
33
961
484
883
8
103
600
264
951
5
965
711
188
210
243
488
897
178
260
309
497
927
994
875
232
555
222
249
100
797
759
