3 10 1000
205125900 9988638 3006 3
653037726 899605481 1668 5
193351848 830912321 2662 4
591
552
340
885
902
468
639
317
221
890
514
387
67
256
265
988
437
850
402
110
550
684
829
995
740
761
848
862
165
899
463
344
188
581
384
14
950
23
447
406
822
653
927
506
692
857
982
83
979
561
492
80
670
610
721
24
32
768
77
321
441
371
241
79
969
619
414
62
3
134
972
679
434
316
974
219
186
57
396
359
664
718
695
922
518
361
659
498
731
870
795
127
778
746
455
700
821
914
460
529
222
37
90
852
867
198
293
983
260
779
542
946
289
438
421
887
194
916
232
466
145
989
851
244
707
777
299
139
86
258
107
328
602
394
415
147
197
699
824
714
960
28
727
799
54
790
638
91
238
494
966
838
589
793
141
497
131
4
278
180
109
973
648
892
206
978
693
858
451
13
645
967
0
651
342
246
833
320
993
800
676
374
160
996
324
720
193
485
603
781
774
952
722
678
253
546
196
372
486
812
933
965
393
70
627
345
249
763
476
118
73
789
499
236
313
97
586
130
392
791
294
587
312
457
140
148
729
644
548
986
671
355
735
157
633
369
233
543
386
25
360
158
211
557
493
582
237
230
7
205
830
442
801
556
403
672
300
38
511
558
400
478
666
458
698
477
708
271
467
123
894
985
404
504
866
630
405
906
27
820
31
94
413
964
881
915
736
539
507
629
615
333
308
358
932
847
75
425
348
459
385
810
726
20
963
174
353
652
450
133
689
807
106
74
453
513
354
874
987
81
957
895
804
685
365
288
947
635
448
573
925
104
723
954
877
120
5
231
304
350
593
172
192
166
764
632
737
688
751
100
643
376
849
730
572
423
508
994
533
935
417
605
624
595
331
856
687
724
559
69
16
53
962
270
956
647
992
612
68
975
917
606
58
229
923
207
439
625
976
604
407
607
368
273
327
276
831
17
272
760
218
958
84
617
562
275
334
920
577
705
173
686
167
113
343
825
152
832
474
918
408
757
669
153
940
578
840
338
349
545
323
464
658
356
481
783
330
519
907
430
364
901
667
626
444
618
817
15
465
754
363
574
908
309
89
655
541
470
296
377
496
301
739
176
170
137
26
111
794
263
475
673
64
35
501
429
261
749
641
864
220
871
10
332
879
953
523
540
650
239
215
786
579
307
471
598
98
803
860
225
47
878
212
787
419
76
863
108
861
782
227
428
125
759
826
208
121
339
600
103
302
747
8
303
56
527
961
456
184
930
40
367
503
115
601
99
709
742
827
55
905
411
608
159
223
516
213
234
21
512
738
769
473
859
571
124
510
412
200
788
547
228
745
310
656
95
297
844
934
706
346
959
675
938
634
911
362
621
505
741
532
728
33
772
828
690
395
41
59
214
247
190
337
776
538
78
926
910
482
378
657
44
716
882
175
642
251
292
36
875
254
520
758
250
375
11
298
282
929
662
43
119
357
570
105
154
42
283
780
784
839
318
834
944
990
537
336
842
136
291
802
490
806
12
427
997
798
945
191
660
39
712
373
96
797
199
29
201
898
528
752
613
616
49
484
440
61
711
823
609
156
931
267
845
522
955
682
163
135
433
216
122
399
187
410
19
766
943
155
762
500
128
255
921
583
9
531
280
168
551
855
991
146
445
347
596
525
814
884
126
939
311
93
341
66
209
818
654
872
750
416
980
697
48
909
449
264
454
928
732
281
704
575
480
279
85
770
919
576
710
808
18
461
981
171
816
628
524
536
937
592
116
370
796
836
869
1
151
257
285
948
63
277
819
352
183
703
34
129
286
50
971
886
811
315
888
381
773
426
164
813
854
588
489
424
112
401
681
150
564
452
903
398
555
755
462
569
897
889
495
509
22
483
409
431
142
951
590
351
202
702
210
418
144
2
60
322
815
553
295
526
701
631
663
873
240
101
102
262
805
388
936
622
614
999
189
45
544
274
876
217
841
46
366
185
900
422
65
640
580
977
567
87
535
82
748
620
924
181
326
775
785
767
734
177
646
436
694
380
397
517
942
891
696
563
245
138
71
904
117
837
248
868
390
611
719
680
893
479
530
259
599
243
469
733
809
72
178
835
677
683
305
566
224
491
242
161
252
382
488
846
195
725
314
114
998
744
713
204
432
880
715
6
865
665
534
636
883
623
691
268
51
52
203
649
287
970
565
661
379
30
560
325
446
329
771
912
594
443
269
391
290
132
319
792
913
149
182
743
853
487
717
92
143
169
584
435
162
235
284
674
1000
515
306
389
949
521
554
668
756
843
765
472
502
968
266
88
597
383
753
984
941
568
896
420
637
549
179
335
585
