140644766077
68760004759
202765832116
219154961064
201593278448
213815383548
220174997702
219826116198
177506449175
129670735199
216093024650
217767535360
166642569825
217269539400
195010857268
220078265904
183265000081
94130934409
82340524370
220174997702
190335429219
219755306628
121786087377
199134549629
203788110122
219961421856
218729366896
215345062544
220174997702
147160990673
185063001775
9857859894
206784798415
113302872386
161555599939
108920932525
164105598195
220174997702
137175413410
75933085680
219523121442
150306219288
171282495715
220174997702
220174997702
214583818204
220174997702
175526425325
179485047545
159000910059
104439064920
220020719204
156177806151
181426153248
208733496055
193486180464
197816671003
220174997702
188657473715
220174997702
28877082404
153247678441
210587575380
220174997702
191917952199
219647503522
125773387389
133554360939
207773288335
196420142358
143973968303
211427864574
0
117608269926
218252721176
220135675405
53440628605
168995532667
220174997702
186860237745
88470820825
219386966789
200367860296
37430179894
213038679968
212255198560
220174997702
209686633225
204797752672
61128304815
205796308495
99583338913
45720588110
220174997702
19499326799
220174997702
216771543440
219895121916
220174997702
173504347709
