6000 5999
2168 1372
3836 841
1372 3470
5957 3470
4896 3470
2162 1404
841 1404
3470 5754
5754 3618
1392 1404
1404 1077
3618 4394
5808 2757
1077 4394
1957 128
2757 4394
4394 4074
128 3440
3440 4074
4074 644
4992 981
981 4131
4131 644
1962 5774
644 2044
2044 2652
2020 5774
5774 80
2652 1368
1368 80
80 3326
5915 1581
1581 4202
4202 5667
4267 5667
3326 5722
5667 3969
3969 789
2076 5627
5722 789
1136 789
5627 5085
789 1398
2265 5085
1398 272
5085 2372
2372 272
4857 3483
1642 2877
272 2877
3483 2877
5326 2484
2484 2877
2877 1162
3250 1834
4493 2418
1162 2418
2418 1834
1834 3892
2227 2590
3892 5331
2261 4240
2590 2974
5331 2974
2974 4240
4240 1447
1447 5752
5752 4807
2780 4807
4077 4807
5650 1481
4807 2650
2650 4347
2771 2037
5479 3276
1481 4748
2393 3609
4347 2037
2037 3276
3276 4748
4748 5424
3609 94
94 5110
4878 5110
5424 3118
5110 1580
4956 4474
3733 3663
1580 3118
3118 3663
4474 3663
3663 4384
3335 4384
3957 3398
4384 4085
4853 4983
3398 4085
4983 1357
2194 3846
4085 5563
2301 1357
1357 3846
3846 2315
2660 5267
5563 5522
2315 5522
5522 4208
5267 1183
1183 5565
2181 5565
4208 1523
2955 3670
1523 3670
5565 1992
5698 1992
1992 3670
3670 502
908 4751
4751 502
3628 502
4383 502
502 5427
5877 5427
3510 4536
5703 5427
4053 1050
5427 4
4536 2637
2637 4624
1050 4
4 5870
5870 4624
4624 366
366 2468
1535 4455
5363 4455
1676 2617
2468 4681
3175 3111
4455 2617
2617 4681
3148 4681
4681 2561
3111 2561
2561 1718
1718 2950
5366 2950
434 4923
4923 3391
3391 2473
2950 143
3912 2473
2473 143
4322 5955
143 2331
2519 1036
4204 1036
477 5955
5955 2331
2331 1987
1036 2669
2669 4197
1231 4100
2486 4100
1987 4022
4197 829
4100 4022
1589 829
829 4022
4022 1321
4994 2991
2991 3608
2079 3737
3851 2080
1321 2080
3608 3737
3737 3547
3547 842
2080 2338
2338 3953
3953 842
1604 2064
842 5196
5196 3907
2064 5435
757 3907
1944 3907
5435 3907
3907 1526
1057 4374
4374 1777
1777 5451
3488 1526
1526 4284
5451 1986
1986 4931
4931 4284
4118 2354
4284 1294
1294 2354
5842 1800
2450 4345
2354 5631
1236 5631
1800 2093
4345 233
233 5631
5631 5039
2093 2440
2440 3811
3712 4708
3811 3611
5039 4708
4708 506
3611 3302
3302 3170
3170 5301
506 1671
1671 3259
4445 3242
5301 1270
3259 4346
1270 3242
4346 3242
3242 5269
84 3573
1887 5269
5269 2708
5302 3573
3573 2708
4506 2352
2708 4850
1967 1688
4850 1099
1099 1511
2352 4150
1688 1511
1792 4526
4526 3559
1511 4150
4150 669
669 1678
3559 2128
2128 4335
4335 926
1678 3515
3515 5197
926 2861
2861 4141
4415 5197
5197 3347
3347 28
28 4141
4141 5220
5968 2363
2363 2107
1052 819
5220 819
819 4916
2107 3774
4705 3774
4886 3218
4916 320
320 3774
3774 2382
3218 2413
2382 2413
2413 2532
3985 2532
1066 1917
2532 1917
5572 5319
457 5319
1917 2141
5062 1205
1205 1547
5319 444
1547 2141
2141 4612
4612 3430
4017 3430
444 941
941 3499
3499 3430
3430 2681
2681 4563
4126 3794
3794 2761
713 4563
4563 2683
87 2761
2761 5646
1788 2683
3022 5142
2683 5142
5142 5646
5646 116
4166 4963
116 3629
880 5524
3629 4907
4315 4907
4963 5524
5918 5524
5524 5199
4907 2455
1328 365
2455 5367
1227 5199
5199 365
365 220
5367 4917
2676 220
4917 3911
220 5912
3911 286
1846 1150
5912 4767
4767 5477
286 764
764 3536
1150 4645
5477 5381
5381 3536
4645 3575
3536 1490
1490 3575
1273 2696
3575 2994
4357 3031
1900 3031
2696 4514
4514 3031
2994 3031
3031 5498
5498 3561
248 2216
2216 3561
3561 1909
1909 4256
4925 5188
4256 5232
1815 5232
490 4641
1391 4641
5188 5232
5232 4301
4641 4586
4301 2069
1116 3518
4586 4443
3518 2501
2069 2501
4443 5444
4576 2501
5123 2121
2501 3755
2121 5444
5444 3755
410 3755
3755 5611
5611 1822
3764 5624
5624 1822
1822 5106
3705 4847
133 4847
4847 660
2806 2715
5106 660
983 429
660 429
2715 1166
429 3474
3008 3474
3474 1166
1166 1585
1585 5407
4776 3459
5961 1311
5407 3459
3459 4317
1687 4317
1311 4317
3433 249
4317 5416
5416 664
4855 3124
1228 5398
249 3403
5398 664
664 5656
3124 5656
5656 3329
3403 3329
3329 3182
5718 3182
3182 3350
3350 2970
3648 3217
3217 2970
361 2970
2970 3563
2993 3563
3563 5227
4189 5432
5958 3312
5568 5432
3077 3312
5227 3312
5432 3312
3312 1567
144 191
191 1567
1567 4094
158 4094
4590 2978
3268 5013
4094 2978
5013 5176
2978 71
71 5332
2840 188
170 5176
5176 188
188 2899
5332 1818
4975 4524
4524 2899
2899 4908
1276 2871
1818 2805
2871 4752
4908 3726
3726 4752
2805 1289
1289 4648
4752 73
73 5792
4648 5792
2701 2213
2213 2855
5792 1965
1965 5731
2144 4947
4947 2855
2855 3863
5731 308
308 5205
3708 3863
5205 3146
3863 5031
5031 5647
1994 2288
3146 5647
2288 5647
5647 5169
2296 5169
5169 3842
3511 4715
4715 2337
4448 3191
3842 3420
2337 4507
5634 3191
3191 4169
3420 5533
4169 5533
4507 5533
5778 5304
5533 5304
4037 4192
3015 5304
4781 5304
5304 4295
4192 3393
3393 2580
5720 2580
4295 2580
3204 2345
2345 3053
2580 3603
5272 3941
3053 3603
3941 4176
4183 2253
3603 2253
2253 5282
4176 2699
5807 5282
5282 774
2699 2511
3830 2671
2671 2511
774 5100
2511 4001
4001 1229
1429 1229
1229 5927
5100 5927
5927 2233
2233 5235
1929 103
2177 5242
5235 103
4160 103
5242 103
103 849
849 2952
165 1484
3164 1484
125 2952
1484 5214
2952 3695
4773 810
3695 151
5214 3908
5109 810
810 151
151 3908
3908 3649
3649 5843
5843 4340
5067 53
4340 1976
1976 3094
53 5259
1091 2910
5185 3094
3094 1373
2910 5259
5259 934
1373 4729
934 2999
3310 4729
770 2897
2897 4729
4729 5897
2999 5897
2929 4038
5897 4038
2464 5744
5603 4038
4038 5744
5744 3930
2990 3930
88 4216
3930 5518
5518 1574
1574 2036
4216 1349
2036 1668
5804 1668
4673 1513
1668 1349
1349 3471
2947 1513
1513 4145
5558 4145
5871 93
3471 93
4145 5361
5361 1809
93 3926
3926 4123
4123 3078
4636 1809
1809 3998
3746 5488
2986 5488
3078 3998
5488 3998
3998 1293
4769 8
3664 3184
1293 2969
8 2969
3184 2435
5686 2424
745 2424
2969 594
2435 2446
594 2424
2424 2446
3161 3875
4014 4164
2446 5643
5643 4164
257 4164
3875 579
4164 5932
2199 4179
5932 579
5907 4179
579 4321
4179 5387
2283 5387
5387 4321
4321 2976
2976 1519
984 3305
1519 1008
541 3305
1008 5166
436 439
3305 5166
439 5166
5166 2127
2818 1280
2127 5430
5430 2869
1048 1280
1280 4815
2869 4815
4815 1727
1727 5438
2218 976
5438 976
976 4785
4758 979
587 2975
4350 2975
979 3661
4785 3661
737 4922
2975 318
3661 4922
5316 5726
4922 284
318 5726
5726 1326
1326 1161
231 284
284 5002
5002 1564
2543 2527
1161 4165
3980 2527
4165 2527
1564 2527
2527 2251
1624 1522
2251 114
5508 321
114 1522
1522 4686
4686 321
3160 2725
321 4207
2725 1477
1226 4207
222 4207
4207 1477
1477 2583
2091 3454
2583 3454
1983 2684
2983 3454
3954 5615
3454 3727
3080 3727
2684 2266
3727 3180
5615 2266
2266 4000
3180 4000
4000 514
514 1430
1430 100
4599 100
100 1926
1926 403
2560 1327
1327 2479
403 1087
4740 1087
1087 2479
2384 2479
2479 2854
2854 3813
3813 4509
2045 3198
3248 3198
4509 835
3409 3262
3262 5652
3198 968
968 2810
835 2465
5652 242
2465 242
242 4588
2810 5604
5604 4588
2754 4554
4588 1743
643 693
693 5038
5038 1033
4554 1743
1743 1033
5985 1033
1033 3356
5238 1206
3356 1206
5513 1206
1471 1615
1206 4647
892 1615
2998 4647
1615 4647
5741 49
4647 2175
2175 4276
49 1708
4276 4292
4292 184
1625 1708
184 2932
1708 3438
2932 578
3438 5699
5699 578
4217 2454
2454 578
578 3503
5673 5144
5144 3503
3408 4334
4334 298
3503 3996
298 4305
4305 2459
2459 456
4186 3307
3996 456
456 3307
572 2028
5102 2817
3307 4849
1715 2028
2028 2505
2505 5608
2817 5608
4849 3807
326 5608
5608 4943
4943 2151
3807 807
2316 76
807 2189
4932 76
2151 417
2187 70
76 2189
2189 1635
1635 3089
417 3091
70 1915
1915 3091
3089 1342
948 3091
3091 1454
1454 1342
1342 667
5472 2503
3521 2503
2503 4397
667 2310
2310 4397
398 4397
4397 3494
3494 2530
2530 1810
1810 3913
126 3913
5160 4265
3913 3163
1040 3169
4783 4265
4265 3169
3169 5094
3163 4148
5094 2549
703 4148
2549 3723
4148 3723
3544 3723
2245 4582
3723 5887
4582 4793
5887 3845
4793 4371
4371 3865
3026 3865
3865 5163
3845 5163
5163 1263
1263 2922
2841 1104
1104 4799
2782 4799
2584 1807
2922 1807
1704 1096
4799 2624
3855 1807
1807 4819
1096 5059
2624 4819
4819 454
369 454
454 4980
5059 2711
823 5850
4980 2711
2711 4517
140 5850
5850 5502
5246 5207
5207 6000
4517 5502
5502 1879
1383 6000
443 6000
6000 3942
3324 1879
1879 574
4970 2348
4157 574
3942 574
3120 4103
574 3292
2348 2300
2300 4103
4103 602
602 3292
3292 630
845 630
630 2538
5660 4627
4617 1317
1317 2538
2538 4627
5781 4627
4627 3595
3277 130
130 708
2599 5694
3595 3027
708 1092
3027 1084
5694 1084
3525 1914
1092 5159
5159 5009
1084 3541
3541 1914
1914 5009
5009 549
549 5211
5211 1531
1437 2703
1531 3126
2703 5028
1393 1004
1004 3126
474 3126
3126 5028
5028 2272
190 2272
2272 606
1222 905
4941 606
606 4431
905 2531
4451 567
4431 2531
567 416
590 2531
2531 3348
3348 1862
416 618
4117 5554
5554 4196
940 4196
1862 3994
618 3994
4196 2516
3994 3481
2516 4245
4245 5988
3481 1582
3809 5988
5988 2918
1582 280
332 5644
280 2918
5644 3605
2918 4112
2954 4112
4112 4421
3605 840
4421 840
840 4303
3131 975
4303 5855
4663 975
3317 633
5855 4444
975 4669
4669 4444
4444 5539
633 5539
5539 1316
4718 1316
4221 2466
2466 3747
5798 1571
1316 3747
3747 1571
3613 5696
5696 4425
1571 2745
2745 5456
5456 4503
5061 4503
4425 5640
5640 4489
4503 5237
5237 5107
342 4489
4489 4531
5107 1499
3975 1499
1499 486
486 3406
4531 292
5065 4652
5093 4652
292 588
3406 2789
4652 2182
588 2182
2789 1443
2182 4508
511 4508
3597 4694
846 1443
1443 4508
4508 4570
4570 5629
4694 5876
5876 5629
5629 3173
3173 492
711 492
1931 4287
492 4833
4833 3716
2720 3453
4287 2059
2049 3716
3453 2582
3716 5546
5546 2059
2059 4713
3596 4987
2582 86
5130 4713
4713 5662
4987 4366
86 2979
2979 5662
4366 5221
5662 1111
5221 5128
1111 5128
3237 3963
4109 168
5128 168
223 3298
168 3963
3963 1779
1779 3410
5618 3936
3298 3410
46 4332
3410 3936
3936 4332
4332 726
5707 5997
726 5063
3287 5027
2349 5027
5997 1109
5063 1109
5027 1109
1109 608
608 3280
3280 1654
1654 4770
4770 4779
4779 2259
775 3516
3516 202
3368 1514
2259 202
1873 202
202 1699
1699 611
1514 5045
335 3880
5045 3880
611 3880
3880 5448
5092 2892
5448 2892
99 2892
2892 965
2750 965
2540 965
3227 3748
3748 376
965 532
5580 3377
3377 376
376 3392
5999 532
532 2882
4946 141
3392 4481
4481 5146
5146 2882
2882 141
141 1230
1230 5274
5274 2075
3135 5889
2075 5727
4140 4541
4541 3720
5889 26
3720 3831
5727 3831
3831 358
358 26
26 3446
3446 2682
1416 1847
1847 2891
566 1638
2682 2891
2643 2891
2891 97
97 4268
1638 4268
4060 348
4953 1158
4268 1158
1158 348
348 2554
2136 2554
2554 1449
1449 886
4801 5436
1121 886
5436 210
886 1507
1507 340
5222 5847
5847 5576
210 3822
5576 340
340 3856
3856 3681
3822 5338
5338 3681
3681 4516
4516 3371
5370 5600
5600 3657
5463 3371
3371 4260
3657 4223
4260 98
3578 3114
3114 3286
98 3286
4223 3286
5042 3286
3286 1065
1065 2090
2090 2369
2304 5790
5960 2369
2369 3017
5790 1644
1644 4278
5096 4076
4076 3017
3017 517
4279 517
4278 517
2365 2925
2190 517
517 2925
1189 2925
2437 2925
2925 717
717 2186
276 5511
2186 1746
2024 1746
762 1017
5511 1746
1746 333
481 59
1017 333
333 2027
5155 3075
59 3023
3023 3075
3075 2053
2027 115
115 5823
241 3885
2053 1021
1021 5823
5823 4790
3885 4790
344 1521
1521 4790
2226 2909
4790 5607
2436 2909
2909 5607
4174 1216
895 1216
5607 1335
1216 709
1243 1335
709 1335
3934 663
1335 5025
2330 2011
4253 663
663 1817
1817 5025
5025 930
2011 930
930 927
5183 1458
4125 2426
3303 3759
927 1458
1458 2426
2426 2902
3486 4862
3759 2902
2704 2564
2564 3701
2902 65
4862 2631
2631 3701
3701 3584
65 3584
5793 5909
5909 3004
3004 3139
3584 821
821 3562
3562 546
4243 5113
3139 4348
4734 5113
546 4456
1885 4348
5113 4456
4348 1960
3631 1960
4456 729
729 2429
2429 2158
1960 1360
5098 2573
2158 2573
1360 2573
2573 1256
325 5447
179 4429
4429 5447
1456 1256
1256 5447
5447 2081
4040 1277
2081 817
817 5899
2493 1127
1127 1277
1277 5193
5899 5859
5251 680
680 4391
5193 5859
5859 4391
4270 1989
852 1989
4391 1989
4101 1989
1989 1833
4933 5036
1394 2171
1833 4674
5036 3778
2171 3778
3230 4674
4674 2366
3778 2297
5751 2366
2366 1259
1259 5555
4971 5832
2297 5832
5832 176
4229 922
5555 3549
922 176
176 3549
3549 186
1388 4966
186 1204
1204 2667
2667 4966
2405 1242
4966 1064
1064 1242
1242 5213
3374 5213
5015 5213
5213 262
1440 809
5738 809
4283 809
809 2046
262 4651
4651 2046
1865 2046
3422 2046
2046 909
5425 5278
3965 5194
5278 5075
909 5075
5194 4275
1257 1768
1768 3889
5075 5476
4275 4723
3889 2122
1060 4778
5476 2122
2122 4778
4723 3738
3738 2298
4778 1209
2298 5406
1630 1209
1209 1612
1612 5610
1842 5406
5406 3943
3943 2056
2060 2056
5610 2056
5216 2056
2056 2015
2015 5740
5190 518
5740 518
518 583
583 5483
712 12
2803 5483
12 5091
5483 2849
4691 2849
2849 5091
312 5091
5091 5187
2447 2415
5677 2415
2415 3523
5187 452
3523 452
452 3215
683 427
3215 427
427 558
558 4999
5473 5021
5021 1306
1306 2981
4999 991
991 90
90 78
2981 2717
3208 2717
2717 1068
78 5523
4406 1068
1068 1794
2285 1794
1794 668
5523 806
806 5484
668 275
2831 3065
3065 5484
5484 955
275 955
955 1765
716 5411
3390 3226
5411 3041
3041 1765
1765 2043
3226 5035
254 2043
2043 1007
685 4242
1543 4043
5035 1007
5779 4043
1007 3400
4242 3400
4043 3400
3400 3728
1843 4484
3121 3728
4484 1849
5875 3728
3728 4832
1849 4832
112 2836
2836 4832
4832 155
301 155
155 4193
2664 3387
3387 894
4193 3442
894 4594
2565 3228
3904 3228
4594 4597
3442 1070
1070 3228
3228 4597
2284 4597
4597 1469
1469 2332
2332 604
516 4465
211 4465
4465 604
604 3338
3357 3694
3694 3338
394 3338
3128 3338
3338 3665
2733 5833
5150 3665
3439 5833
3665 215
5833 215
215 818
818 783
1266 783
783 971
2432 5901
5901 5376
2926 5376
4914 971
971 5376
5376 1089
3042 1813
1156 1520
1520 1813
2502 3362
1089 3362
1813 5241
3362 3758
3758 5241
1010 31
31 2282
5241 473
473 5478
4556 2282
2282 5794
3545 4368
5478 4368
4368 1878
1878 5794
5794 1238
1238 1073
3279 1073
5426 657
3812 5293
5293 3337
1073 5834
657 3337
3337 5004
5834 1027
1027 5697
3487 2419
2419 5004
5004 2184
2184 838
5697 4116
4116 3786
3321 1928
3622 5290
838 1928
1928 89
3786 2395
2395 5290
5290 4274
89 4274
2795 1530
5446 2787
1530 4274
4274 3225
5414 5348
5348 2787
2787 5014
3225 4979
4979 1359
1359 5014
5014 3203
4988 3085
3203 2702
2457 4144
3085 4604
2702 1143
1143 4144
4144 1334
4604 3129
1334 4602
2658 3129
3129 937
937 2804
4363 5350
4602 5664
2804 5445
5445 5350
5350 1795
5664 1795
2528 5701
2819 5153
2570 1795
1795 3989
5701 5153
3989 2949
5153 1022
2949 1675
5048 218
218 3273
1022 1485
1675 1485
3273 2176
2212 3900
1485 3749
3749 3900
3900 3267
2176 2815
3267 5177
1725 832
832 2815
2815 3037
3037 5676
5177 2490
4187 4250
4250 4616
5676 180
2490 939
939 180
4616 2731
2731 180
180 4826
1418 4826
2962 2966
4826 1379
4695 4518
2966 3703
368 5598
4518 1379
1379 3703
3703 389
389 5598
5598 2793
3854 3024
3024 1830
2180 5962
2793 5962
1322 5962
5962 2568
1830 5551
5551 3698
3698 3869
3869 5719
2568 5719
5719 987
4289 3820
987 1598
1598 1764
5380 2483
3820 1536
1536 1764
1764 2985
2483 2067
5510 2067
2067 2392
5313 2985
2985 4213
2392 2061
2061 4039
4039 551
1072 551
4213 3569
3569 3852
551 3852
3106 167
1258 167
3852 482
167 5165
1906 482
482 520
5165 5750
266 5750
520 54
2371 5750
5750 1386
4219 1386
1386 1662
54 338
338 309
309 1062
5390 1662
1662 672
672 1528
2388 3241
1062 3241
3241 1528
4119 1528
1528 2376
2376 5228
1551 5228
5228 3895
4664 3895
1616 3651
2006 2506
3895 3651
3651 2403
2506 872
2403 872
2876 872
872 3825
3825 5717
3107 5717
5095 3334
4901 1811
1811 5717
5717 812
950 3334
3334 812
812 289
289 2786
5074 5709
605 5709
19 538
2786 5709
5709 3840
3840 898
898 3744
538 3068
3744 3136
3136 3068
3068 5125
164 699
699 5125
5125 3955
3955 5840
5840 554
1415 4593
388 3679
3679 1996
1996 4593
554 2517
4593 2544
2517 2544
2544 4387
3938 5922
5922 2675
4387 4071
2675 1492
1492 1695
1859 1695
3190 3947
4071 3057
1695 1999
1771 3057
1826 5308
3947 3057
3057 4251
1999 1537
1537 3058
5308 4675
4251 1441
1441 4472
4472 3058
3058 5545
4675 647
647 5485
5545 2002
5485 2593
2593 2002
1867 2551
1297 5739
2002 2551
2551 5010
5739 109
1880 109
5683 431
5010 3690
431 503
109 503
3690 501
3918 503
501 503
503 2407
1094 4200
2407 2202
2202 68
68 4184
4200 3891
3891 3413
4184 2569
3788 5888
5230 4133
5888 2569
3413 2569
2569 3550
4133 3550
794 3550
3550 1332
772 3200
4558 3200
3677 3200
4995 1332
1332 1694
3200 463
1694 5655
4373 463
463 402
402 2547
5256 5655
5655 2409
3624 1433
498 2409
2547 2942
2409 1433
1433 4414
4887 4414
4414 2574
2942 862
2823 2574
2574 5947
5947 862
354 4555
862 4555
3689 1509
1354 5548
1509 4555
4555 3997
3997 1502
5548 4323
4323 1936
1936 4961
4961 3633
1502 902
183 1518
1518 3594
902 5018
3633 5137
5018 253
3594 5137
253 4700
5137 5606
3821 4553
4700 4510
5606 3365
3365 5749
4553 5749
5749 4510
4510 1285
3196 1285
1285 4851
4851 884
4175 4163
2850 4818
4818 4299
4163 2229
884 1351
4299 5787
5787 1351
2229 3898
1351 978
3445 978
978 4834
3898 4848
4848 1646
1646 5489
2762 1508
4834 1508
3742 5489
5616 5489
5489 996
1508 4605
4605 5371
996 3816
3816 5371
5371 2165
437 2165
4505 2165
3087 5838
4845 5838
2165 1130
1130 1445
1445 3122
5838 3122
3122 1707
4921 1886
1707 2209
2299 1886
4195 2209
2209 1886
1886 204
4841 3233
3233 5971
5501 204
204 1763
5971 1763
1763 4248
2778 484
5393 1850
4248 484
484 1850
4764 1587
1587 3615
1850 1812
1812 3615
3615 3251
5442 5496
3251 5496
5641 1975
1975 5753
5496 4581
5753 1963
1963 4581
4581 4358
1602 4470
4491 4712
1552 5966
4358 5837
4470 5837
4712 5966
5966 5550
4924 5837
5837 5550
5550 4320
4320 4343
5975 4343
1305 2513
5908 954
4343 2513
2513 4330
954 122
122 4330
4538 3378
3378 5633
4330 4016
4016 5633
796 4467
4467 2000
5633 2000
2000 258
3095 5450
5234 1253
5418 258
5450 258
258 2500
5865 1253
1253 3359
3236 3359
2500 3359
4105 2047
2047 5797
3359 324
324 3724
3724 1889
1889 1669
5797 5397
5397 5972
1669 4950
4950 3010
5972 5894
5894 2930
2930 3010
3010 627
627 2496
3415 2496
2496 4004
4004 5026
2302 5026
4033 1555
5712 5026
5026 1555
4927 1184
1555 433
1618 3968
433 4171
1184 4171
1377 1804
3968 4171
1667 4171
4171 3766
1804 3766
3766 2951
2951 3389
3389 3922
2935 2846
3922 3680
3680 2661
2661 4091
2846 4091
942 3266
4091 4127
4127 5043
3627 4755
3266 2370
1517 2370
2370 5043
5043 2231
4755 779
779 3714
4359 5755
2231 1978
3714 2035
1356 5755
5755 533
1978 2035
1080 3718
2035 533
5684 3718
533 3638
3718 4596
3638 3839
3839 5352
4596 5581
622 5581
5581 5969
5352 5969
5969 4108
3435 4108
4108 2893
118 1452
2223 4935
2023 4935
4935 799
2893 799
1452 2374
63 3220
799 5105
2374 2679
1912 3220
3220 5105
5105 1608
2679 1651
1651 3290
3290 599
599 3684
1608 3684
5334 3684
409 3684
3684 3931
3931 4800
2977 4960
4800 5765
3722 5946
4960 4136
4136 395
5946 5765
5765 4672
1606 4672
3179 395
395 4672
4672 4191
4191 2111
2646 642
642 4900
2111 1758
3971 1758
5599 1758
1758 4890
4900 741
2545 597
4890 200
1722 4573
597 51
741 200
51 200
200 1773
4573 3202
5878 3202
1773 5500
5500 5970
3202 1876
5970 628
2428 863
1876 1557
628 3284
863 3284
3284 1557
4743 2857
1557 797
2292 2857
2557 5544
5544 5057
2857 2085
797 920
920 2085
5057 3927
2085 3301
714 695
3301 3249
3249 3927
3927 1787
695 3341
3776 2716
2716 3341
3341 1787
1787 4238
4238 4934
4934 3743
3743 4614
4614 1115
2481 1115
4050 4257
1115 2710
2721 4257
4257 2767
2710 5674
5674 2767
2767 4316
2112 2042
4687 2042
4316 5848
5841 5669
2042 5848
5848 5669
3555 5669
5669 20
20 3640
508 3805
5711 1405
3640 5996
5725 5996
5996 3805
3805 1405
1405 1423
5357 1423
1423 2727
4319 3100
3100 3570
2727 5760
4955 5760
3570 1728
1728 1200
5760 3882
4089 1841
3817 1200
2005 879
1200 3882
3882 879
1841 4552
4552 3016
879 1217
3016 1793
4498 1346
1793 1217
1932 1346
1217 1346
1346 3322
5148 2443
1239 2088
2443 3322
3322 1961
1961 2088
2088 5920
2008 5118
2305 4045
4045 5118
5118 4152
5920 4210
4620 4152
4152 4649
4210 3824
4649 3824
2928 4450
3824 5552
4450 379
2211 379
1745 379
379 5552
5552 5983
1839 5983
5983 5622
4263 5579
4940 2642
2642 1486
5249 5622
5622 1486
5579 375
5422 375
1486 5000
3110 5000
5816 375
375 5474
5474 1318
5000 5374
1318 1748
1748 5386
5374 5803
5386 5505
3297 1498
1545 4206
5505 5803
5803 1498
1498 3407
3407 5714
4206 5714
5714 3581
3656 2938
1005 1079
1079 3581
826 2938
3581 5786
2938 5133
5786 5133
5133 5595
5595 3145
3145 911
2752 963
156 3990
3990 1730
911 963
963 4823
4823 3463
1730 1753
1753 3213
5044 3038
3463 1971
3038 1971
5355 3213
3213 5145
1971 4120
3104 4120
5145 160
378 2275
1977 4120
4120 4808
160 4808
4808 2866
2275 4689
4689 5621
2866 5621
5621 2010
2427 4610
4610 900
900 2010
2010 1323
2508 5486
944 5486
1323 353
2536 5486
92 1361
5486 1124
353 3804
1632 582
1124 1361
1361 3804
3804 1593
4480 1593
582 3207
1666 4464
851 1593
1593 1577
1577 4464
3207 4464
4464 4959
4336 3887
217 371
3887 4959
4959 2260
371 1009
5626 1933
1933 3343
2260 5008
3872 1170
1009 1170
1170 3343
3343 5954
5008 2460
2460 2615
2615 866
5954 866
754 866
866 2525
3373 4685
5948 3668
3668 3630
3630 2525
2525 571
4685 5651
571 5303
5303 493
493 5526
1856 5651
5651 2719
2719 1047
1047 3731
5526 1548
2433 1548
1548 4377
3195 3731
3731 4130
4377 5464
339 2618
4130 1751
1751 1432
2618 393
5464 5297
1432 5297
5297 393
2235 1163
393 1163
3134 918
3076 589
1163 793
918 793
5116 793
589 5131
793 4102
4102 3281
4679 5131
5131 4327
5037 4024
5672 4024
3281 4024
4024 738
4327 470
470 1576
1576 3983
738 3983
2638 3983
3983 3252
2655 3252
3542 3252
412 5101
3252 2154
1290 2154
4603 5101
5101 2154
707 2154
2154 3156
356 5405
5405 3948
527 157
3156 247
157 3948
3948 2113
1455 3765
3765 247
247 5351
1035 41
2113 3149
3149 924
5351 924
924 41
41 4114
4114 1134
1134 945
945 430
4149 2948
430 3178
5746 2948
2948 3178
614 513
513 3178
3178 989
4501 1875
5429 989
5665 989
1875 1583
989 4579
3423 1151
336 4579
1583 4579
4579 2585
2585 5318
1151 3530
5318 4031
5415 4031
3530 5006
5006 1016
4031 85
621 414
1016 2054
414 2054
2054 85
85 4944
4677 4944
5365 1998
4944 1998
1998 2083
2083 2901
2735 2766
2766 5437
5437 5040
5040 2901
2901 4897
949 4897
4897 3138
5977 2317
4527 3700
2317 802
3138 802
2894 3700
3700 1613
802 3143
1613 299
625 3143
3143 4822
299 4822
1737 27
1680 521
521 27
4822 4562
5385 3833
27 3833
5461 3833
3833 1106
4562 2753
2753 1516
4957 5306
1106 790
1516 790
72 5706
790 2096
5306 5706
5493 2096
2096 5706
5706 2279
3172 2279
1534 3330
3330 3386
2279 120
3667 337
120 3386
3386 337
2663 5298
337 1693
1693 1108
5298 1579
4381 1108
1108 387
3814 998
1579 387
998 400
387 5806
5806 4021
3238 3933
400 5860
5860 226
4021 2612
3933 4413
226 4753
5902 4753
2612 1597
4413 4753
4753 3209
1597 2874
534 3209
5049 5068
3209 2813
2813 2874
2874 1590
1135 947
5068 2077
5688 61
1590 139
947 61
4463 2077
2077 61
61 139
139 3978
585 5073
3587 691
3978 2587
2659 691
691 2587
5073 1732
4461 2587
2587 4364
2524 1732
1732 3427
4364 3427
3427 3579
3867 2449
5943 3579
3579 2280
2449 5758
5758 1735
2280 5759
5759 1735
5016 1735
1735 5469
5469 5342
5342 3834
4948 3789
3789 3448
3834 629
4684 3448
2462 629
3448 3108
4958 1946
629 515
3108 5158
515 1348
1946 2095
2277 1348
5158 5556
1348 5556
2095 5279
5279 5820
5556 2188
5820 2188
2188 2123
3061 3707
5470 2123
2123 3707
778 3604
3707 82
3604 3642
82 2321
3793 2321
1081 3372
3642 232
232 2321
2321 913
3372 913
2170 913
913 35
1473 4550
4550 3304
147 3304
1776 698
35 5296
5296 4719
3304 5127
5364 4719
698 5959
4719 5127
5127 461
5284 1425
5959 3592
1425 461
461 4761
4623 4761
1641 3592
3592 4761
4761 5499
3819 3905
3458 3421
3905 2048
2048 1825
5499 1825
1825 3421
3421 3792
5132 4763
362 2783
2783 2772
4763 3792
3792 5314
5314 2988
2988 2772
2772 3873
3260 3009
3009 2689
3873 1617
36 2689
2689 74
3502 1937
1937 666
1617 74
2700 666
74 4866
1848 3512
666 3512
2845 4349
4866 3332
4349 3935
3512 5465
5465 3332
3935 3332
3332 3245
5532 2396
1757 4466
2396 3245
3245 4466
4466 2153
2153 5275
4540 3477
5601 3477
5275 5773
2748 1993
3477 844
844 5773
5773 1993
1993 4658
4048 4658
1113 4385
3059 4658
4658 4385
4385 5215
5215 119
119 372
372 742
742 2360
2360 1902
3056 1902
1128 5729
5729 765
2514 3672
1902 765
765 4361
4361 2467
3672 7
1657 4372
4372 4190
7 1218
2467 4190
1218 4190
3709 4190
4190 3621
4019 5587
4051 5587
5587 2533
2533 5864
3621 5864
5864 3431
1716 5577
5577 3431
3431 4828
4400 4828
4828 404
5638 404
404 2328
1911 2294
2485 4044
1046 2328
2294 2328
2328 1891
4044 1634
3283 1891
2858 1634
4613 1634
1891 1634
1634 3632
3632 300
5680 300
1336 300
300 5029
4047 1784
1784 5721
1399 9
9 1219
5029 1101
5721 1219
1219 1101
1101 1056
4529 1056
1056 5327
4930 2856
5327 4499
4765 2856
4418 2856
2856 3964
424 4499
4499 2691
4738 3964
3964 2100
1549 1304
4894 2100
2691 1304
1160 1304
2100 2686
1304 2686
4068 5104
2686 2507
1145 2507
1852 5218
2507 5218
5104 5582
3272 5218
5218 5619
5619 3052
5582 23
592 2173
2173 23
3052 3229
3229 1501
23 2687
855 718
718 3711
3866 1501
1501 2482
2687 5409
2482 3711
3711 4693
5409 2452
4693 2452
2452 5590
5630 4199
2129 609
5590 1756
2164 4173
4173 4199
4199 2604
609 2604
1756 495
495 5441
5441 2604
2604 2770
5705 690
2770 690
2105 5201
652 690
690 5089
4441 5089
265 2609
5201 5089
5089 2609
2609 2339
4314 2487
2487 2339
5666 4178
1353 193
2339 5375
5375 193
5825 4178
4178 5141
193 2556
2556 5141
5141 560
560 2441
149 2442
1182 2442
2441 294
294 1435
1119 1435
2442 1435
5264 3188
1435 2499
2499 3188
3188 2358
4717 2358
5086 878
878 4898
2358 1214
1214 1796
3719 1044
4898 1796
1796 1044
3614 3211
1044 485
485 2406
2406 2488
3211 5801
5588 2488
2633 3734
5801 5060
2488 5060
3734 1287
834 4236
5060 2387
4300 1287
988 2620
1287 4236
4236 2946
2387 1153
2620 373
373 2946
2946 1153
678 1153
1153 1309
3316 5058
3216 1309
5058 1213
1213 3699
1309 4096
1093 278
4667 278
3699 1032
278 4872
4096 4872
4872 1129
1032 396
1874 4768
4768 1950
1950 1129
1129 396
396 1827
1827 5034
1857 1972
1972 5034
5034 3650
3650 5829
1463 1112
5829 5891
1112 5891
5745 24
5763 5891
5891 5670
5239 3546
5670 24
24 4080
4080 5593
5593 3546
3546 3168
3168 5402
5402 653
5143 653
2707 575
575 653
653 5839
1201 586
586 801
5839 4402
1086 801
801 4269
4269 5933
4402 5933
5933 1682
1682 4214
921 2738
2738 687
4214 687
687 5345
2816 3498
3498 649
5345 1948
1948 649
1103 649
649 3517
5404 1596
3517 1271
5433 1797
4962 207
1596 5900
1410 207
1271 1797
1797 207
207 2515
5900 3644
3777 328
328 3644
3644 1941
2515 2865
5567 2865
2865 890
1941 3333
5919 1562
890 1562
1562 2295
3333 640
3552 640
499 640
2295 1292
640 5930
5509 2939
1292 3768
3768 2939
5930 2939
1742 2939
2939 1637
5659 1637
4699 1637
386 1637
1637 3244
4530 2603
107 3424
3105 4566
4566 3244
3244 3424
2603 3424
3424 4654
780 1023
1023 4654
4654 5412
5412 5052
5077 4382
1791 767
4382 767
5052 3827
3020 11
4661 3827
767 5956
1366 11
3827 5956
11 5300
2156 5300
5956 2729
2729 1355
1355 5886
5300 5764
5764 1639
4479 5070
957 5886
5886 5070
1639 5070
4153 5070
5070 1350
970 915
624 5883
915 1350
1350 5281
5883 923
2133 923
5281 2886
349 5459
2886 923
923 1097
5459 1097
5285 1097
1097 2098
2183 4410
4428 4997
5874 3658
4997 4811
2098 4410
4410 3035
3658 3035
4811 3434
5979 3035
3035 3434
3434 858
4203 1013
505 5428
858 4188
3802 5428
1013 4282
5428 2626
2215 5785
4188 2626
2626 4282
4282 2838
5785 2838
1717 1190
1190 2963
2041 5400
2838 3159
2963 5121
3159 2198
5400 5121
2236 5121
5121 3006
2198 4911
3006 4911
4911 4910
4910 4029
3235 1503
355 2931
1503 2931
4029 4285
3246 2931
4285 229
2931 830
830 341
229 2814
4757 2641
2641 3693
2814 2385
341 2385
2385 1211
3693 2019
2019 961
1211 4710
1820 961
4710 306
961 2166
2166 1544
1544 306
888 306
306 4873
4873 4225
10 3826
2022 986
3826 1252
106 1252
4225 986
986 1554
1252 5939
5240 30
5939 30
1554 30
3382 5879
5879 3915
30 234
5389 3915
2870 234
234 5467
3915 4564
5467 3479
5861 219
4564 219
3479 3082
3082 3513
2706 3513
219 1919
1919 448
3513 448
450 3528
448 565
776 2779
2779 2595
565 2747
3528 2595
2595 5768
5768 4902
3282 612
2747 4902
4902 612
360 5819
3315 612
612 5819
5819 2958
2958 4580
4580 331
331 4380
5872 568
255 2013
245 3847
3860 3847
4380 568
568 2013
2013 3043
3847 3043
3043 5288
5288 654
5046 2639
561 3046
654 2639
4075 3046
2639 4525
3046 777
4525 4903
4903 3291
1480 3291
777 3291
5492 3291
3291 4836
5602 5468
4066 4836
4836 3688
5468 3688
4868 576
576 3995
871 3688
3688 33
3995 3647
1935 33
33 857
857 593
593 5423
3647 5423
5423 700
2017 239
700 1726
1566 239
2423 1726
1726 956
239 5917
1556 4952
2984 4952
5917 956
956 1414
4952 4423
4423 3966
1883 1414
1414 2697
3966 2697
2697 171
171 1288
2399 4333
4333 3328
1288 1363
3328 1340
1340 1363
1363 4835
5204 3402
3402 4254
79 3533
4835 4254
4254 3533
3533 1207
62 1761
3850 859
859 3309
3309 1207
1207 1761
1761 425
1584 5559
3048 3858
5559 425
425 4680
4680 4660
4660 4386
3858 4386
997 5938
5748 4386
5938 623
4386 1444
1444 5023
623 252
2586 5023
5023 736
3717 736
736 5203
252 2214
2214 3109
3162 95
3109 5203
5203 3599
2327 3050
3599 95
95 5817
5156 3050
5254 3050
3050 3984
182 4543
5817 3984
5136 5941
4543 3810
3984 5941
3769 4837
5941 4837
228 327
3810 4837
327 4837
4837 4424
4424 5519
5519 2968
2968 1908
1908 5140
5140 2025
2025 5853
5853 3103
3103 60
1165 2629
2629 4735
4438 4735
4735 60
60 3981
1382 2862
2862 2627
3981 2627
2627 1396
1396 5248
2398 6
6 2290
5248 1105
2666 3986
3986 3411
2290 4954
4954 1105
1105 1766
5273 2837
3411 759
1766 451
4475 302
2837 451
759 263
302 451
451 413
263 2794
3243 2120
2120 1314
413 1314
2425 5835
2794 5856
1314 5780
5780 1487
5835 5335
5335 5856
5856 1487
539 1487
1487 4786
4158 5330
4786 5330
4034 4522
5330 4067
3643 2820
2820 4522
4522 5236
5236 4067
4067 3524
385 3524
5863 467
1451 2
4968 467
3524 2
2390 467
467 2
2 4442
2723 5757
4892 5757
994 4442
4442 5757
5757 5346
705 2967
4062 2967
2967 5346
5346 696
696 162
2220 3620
3620 3007
5625 3007
3666 1042
162 3007
3007 2775
4869 5978
5978 1042
1042 2775
2775 2071
2071 1755
4266 175
1755 113
175 3784
1772 2242
1254 113
113 543
3784 2242
2242 543
1829 5649
543 2712
3318 4635
5571 4635
2712 4635
5649 4824
651 3639
4635 4824
4824 2602
3639 96
2602 96
2224 3436
96 3436
750 2108
2108 5873
3436 5873
5756 13
13 5003
5873 5516
1623 5003
5003 34
5516 34
3419 5157
5157 1738
34 2258
2401 4476
1738 831
2258 3600
3600 4476
4476 831
831 553
553 1619
468 5884
1619 5884
901 5830
5884 3732
4064 3732
3732 4434
5830 5167
5167 3740
795 5566
4434 5566
5566 2941
3740 5528
4575 2645
5528 2941
2941 2645
2645 1365
3157 953
4569 1365
1365 56
56 953
953 5648
5663 148
148 4264
4951 5440
5440 3054
5648 3054
2546 4264
4264 2744
3054 2489
2489 4703
4703 5824
5824 1560
2744 1560
1560 837
479 1923
837 370
1923 5858
5858 370
370 3232
3232 1181
3011 5378
5530 5378
5378 4389
1181 4709
2589 990
4709 4389
4389 1627
4355 1627
2588 990
990 1154
5124 1154
1627 1154
1154 5455
4161 1149
5071 1149
1149 3193
5022 3092
5455 3771
3771 2940
3193 5097
3092 3028
3028 2940
2940 5512
5512 5097
5097 2726
2726 1778
4861 196
50 196
196 725
1778 1877
725 3767
3767 5395
2607 1877
1877 5280
5395 2889
3540 5280
3381 5280
2889 3725
5280 3783
3783 3127
3725 4665
4665 3127
3127 1703
1703 1234
3829 2179
2900 1362
2179 1234
1234 4696
2705 1631
1362 1979
4696 1979
1631 4012
4012 1192
1979 1192
5520 4486
4486 1767
974 3871
1192 3166
3166 3635
1767 1389
3871 5480
447 4690
4690 2244
3635 1389
1389 5480
5480 2521
2244 2521
1364 3314
1533 2234
5534 2521
2521 2234
2234 2448
3314 2448
1739 2448
1241 2448
2448 2205
4810 1759
2205 3497
3497 3081
1759 111
111 771
4227 5452
2718 771
3081 446
771 3269
446 3269
5452 4577
4577 1174
1174 2742
3269 2742
2742 4893
1260 5189
4893 1762
3914 2193
1762 2832
5189 2193
2193 1628
5347 1298
1628 2109
2832 2680
3590 4396
1298 2680
5766 2109
2109 5007
2680 5007
4396 5700
5007 2476
5328 3062
3062 2476
2476 2495
5700 1605
2495 4646
4646 1925
4909 2670
1605 1925
1313 2670
2670 5761
1925 421
2802 3652
5761 5716
3652 421
421 5716
5716 5809
3300 475
5809 2410
475 3212
2410 2346
650 3212
3154 2346
2314 1246
3212 1246
2346 1246
1246 2139
4595 4795
861 4795
472 2139
2139 5796
352 4281
4795 5796
5796 2713
2713 4766
4281 4766
4766 5099
5099 322
2217 313
4390 313
3501 3443
322 3443
313 3443
1133 4293
3443 2430
2430 3323
4293 4607
2509 3520
3520 1500
3323 4607
4607 5260
3787 2550
1500 1001
5260 1411
1411 1001
2550 636
5617 636
1001 636
636 601
601 706
2103 3234
3234 946
706 2278
2278 641
3358 641
946 1059
1059 1408
1408 641
641 4488
4488 173
173 1029
5737 2333
2333 5088
5088 5916
1029 5867
2558 2247
5916 2247
684 5867
2034 1083
5867 4069
2247 2350
5180 4876
4069 1083
1083 2350
2350 4683
4876 4683
2335 4683
4683 4502
2021 4618
4502 3265
3265 1698
4436 1698
1698 4618
4618 916
916 4559
4559 2291
2291 5940
3939 853
853 5940
5940 3715
3715 2749
2749 2114
2672 1148
2114 405
1148 2208
2208 3588
405 5734
1565 3588
3588 3893
3893 3467
5734 3467
311 4668
4632 2863
4668 2863
3467 5419
2632 2863
2863 5419
4154 3088
545 5419
5419 1037
3088 1037
2956 1037
1489 2898
1037 2792
2913 5849
2792 2898
2898 1286
1286 2606
1164 5849
5849 3532
1855 3532
1495 2606
2606 2566
2566 1974
3532 1601
1974 2356
1601 297
5952 3763
2356 4747
4747 2579
2579 297
297 3763
3763 5562
5562 2619
3197 2619
2619 4678
4678 3278
2470 3478
117 3478
3086 3478
3278 5139
5139 4547
3478 2254
5362 5976
5976 3367
4547 2397
2852 3367
2254 2397
3367 4926
2397 5173
5173 1984
5597 2361
4926 4449
1984 786
4449 2361
2361 1775
2248 1781
1781 786
786 2756
4806 3999
1775 3999
3999 4167
4167 2833
2756 2842
2842 3137
3137 1459
2833 3464
4985 3070
3070 734
4244 1459
1459 1660
3464 1660
1660 734
734 415
2764 2003
1621 556
2003 2621
4086 3685
415 3685
2621 556
556 3646
3685 4724
4724 3021
3646 4791
3021 5521
4791 1291
1291 4515
5521 938
938 2798
2336 1969
2798 4515
4515 3962
3962 791
791 1969
1969 4138
4138 3119
3119 4401
3864 4215
4622 4401
4215 3399
4401 3005
3399 1816
1981 2451
2451 1816
5671 3005
3005 1816
1816 4565
3397 4326
3959 4326
4565 5557
5557 314
1247 3535
4326 314
314 1532
3240 152
1532 5353
3535 4611
4611 152
152 724
5353 4731
4731 1897
724 4716
4716 4825
4825 1897
1897 731
3151 2890
3354 4587
1245 4587
731 2228
2890 782
2228 4587
4587 782
782 3634
5503 5360
4252 897
407 3634
3634 897
897 251
5360 251
251 5704
5704 5325
3527 5564
169 3662
5325 5564
5564 2575
3662 5243
4135 2575
2575 3311
2286 1988
1988 4726
5243 4726
3311 4726
1550 5981
4726 2878
5382 529
5981 2878
2878 4422
529 4422
4422 3098
3098 2548
2548 5743
5743 677
1347 1664
1664 577
577 677
3165 677
677 1221
2281 3219
187 2577
3219 1221
1221 2577
2577 3432
3432 5299
1913 2960
305 5299
5299 2960
5119 2960
1488 5206
2960 2326
5206 2110
2326 3201
5614 4714
2110 5482
5482 4015
4732 3201
3201 4714
4714 4015
4015 4919
4919 1700
1315 1700
1700 4844
4844 1225
3897 2906
1225 5032
3271 5032
2906 5032
5032 5321
4560 2087
4294 2087
5321 694
694 5066
2087 3791
3791 5066
4446 4226
4393 4226
5066 1283
4226 4736
2204 3480
1283 2881
2881 4736
4736 3480
1000 4379
3480 1838
1838 2763
2763 4379
1341 2597
4379 5072
2249 5072
5072 108
1333 2597
2597 4095
5795 108
108 803
1157 3493
4296 4095
4095 4698
803 3493
3493 681
1123 4698
5184 5343
4698 681
616 290
681 1387
2394 1968
5343 1968
2610 290
290 1387
1387 1529
1968 2240
2240 591
1529 2601
2601 591
591 384
500 4803
4741 4803
4803 1139
1139 1187
384 721
721 1187
1187 5198
870 4042
4042 5893
5893 2920
985 5198
5198 4598
2920 4707
4261 4598
240 4707
4707 4598
4598 203
4023 2097
1985 2647
2097 2853
2853 104
203 104
2647 3275
3275 4572
104 367
4572 5233
2160 1312
367 1559
288 1312
1312 5186
5233 277
277 1559
1559 4337
4337 4312
5186 811
811 4312
4312 1233
4864 656
1448 1120
615 5103
1233 656
656 2510
5103 2944
1120 2246
2246 2510
2510 3171
2944 3018
4972 5914
5914 1436
1436 3171
3171 5635
3018 2478
825 4298
5869 3823
2478 3823
5635 1858
3823 4298
4298 1185
1185 1858
1858 4156
4156 5925
5925 137
137 3047
1930 3047
3047 3945
4918 1814
2828 4469
4469 2065
3945 2065
1677 1814
1814 1265
2065 1011
1011 5147
5147 5449
1265 5108
5449 5108
3920 295
317 4762
295 5609
5108 4762
2135 3924
5609 3589
4762 419
419 4967
3924 3589
4967 4375
3589 3691
3691 1053
4375 1199
5069 2822
1199 1053
1053 1142
1142 350
350 3495
2822 124
124 4005
5573 1282
3495 600
1640 600
4005 1282
854 2743
1282 600
600 4631
2308 4631
4631 5294
2743 3475
999 4990
5294 1570
4990 688
2613 3475
3475 688
1570 2364
5639 1650
688 1650
1650 4280
2887 659
2364 1420
659 1882
4280 5678
1420 4644
1882 1374
1374 3577
3577 5678
5678 4571
4644 4571
4571 1028
3972 3799
4310 3799
3799 1840
1840 3910
1028 5434
5434 3418
189 766
3910 3418
3418 1956
1956 4739
766 4870
3036 4870
4870 4739
4739 3673
2309 4318
4318 2402
2402 773
773 5020
3673 449
449 5020
5490 5574
5574 5020
5020 2657
3366 3239
3426 2657
2657 1754
1754 3239
3239 557
557 1275
2634 2439
3886 1910
1275 3449
2439 3071
3071 1910
1910 390
2239 390
3449 1949
4737 1949
5982 2072
390 408
5460 2072
1949 408
2264 408
2072 408
408 1921
5090 1921
3772 5138
445 2688
1921 2688
2688 752
5138 752
224 5115
5115 3567
131 752
752 3917
3917 3567
4938 1861
3567 3736
3736 3140
3140 5536
5536 2058
1861 5255
993 5255
3345 5710
2058 3412
5255 3416
3416 1417
5710 2526
1417 3412
3412 307
307 5540
2526 3803
5540 1352
2648 3803
3803 2106
2106 1352
1496 5776
1352 5776
2879 1319
3899 5776
5776 3697
3697 1319
1319 3576
1049 2102
2102 3576
3576 4905
4230 2351
1714 2693
3294 4905
4905 2351
2351 5995
2693 5995
2116 2203
5164 3473
5995 3556
3473 3556
692 3556
2203 4986
2099 2567
3556 2567
4986 2567
5525 2567
2567 3558
3558 3055
3055 1400
1400 5309
5309 3327
3254 3932
3932 4528
882 260
4528 5585
3327 4784
4784 3352
270 260
260 1684
5585 3352
3352 1684
1684 720
931 2614
4172 720
5289 1147
2614 2829
720 1147
1147 2829
2829 4662
5494 4662
648 3849
5942 1179
1179 4662
4662 3849
3849 237
4308 4018
1903 5120
4549 3500
237 5120
4018 3125
2118 5120
5120 2781
3500 2781
3125 2781
2781 4749
4749 1541
5944 1927
5247 1927
2784 2751
2751 1541
1541 1943
1927 4875
4875 3405
3405 5846
761 1943
1943 5846
5846 4829
5654 4057
4706 4829
4829 682
4297 2572
4728 4057
4057 682
682 4592
4592 874
2572 2625
2625 1100
1702 3000
874 4584
3760 4584
3676 1100
1100 2980
3000 4939
4584 992
4939 2980
2980 5051
992 5051
5051 603
3645 603
603 1600
1600 1918
2066 740
2347 740
740 676
4235 1175
1918 3894
676 1175
1175 3894
3894 5391
1901 5575
2608 1250
3167 5391
5391 5575
5575 2895
2895 1250
1250 40
40 3991
146 3991
3991 14
14 244
524 4471
1197 638
638 626
244 626
626 4378
4471 3606
3606 1586
172 4378
4378 1586
2535 4964
4964 2873
1586 5466
2873 1466
1173 881
5466 3174
881 3660
1466 3174
3174 5668
3660 377
3067 1869
377 4656
4656 1869
5668 69
5310 5356
1869 69
69 5356
5356 869
2912 1457
2885 5675
1801 4500
5675 869
869 3210
1457 4500
4500 5724
3210 153
3916 153
5724 2924
2924 153
4884 287
153 287
1118 213
213 287
287 4642
4642 4412
4412 129
2541 3351
3351 129
3671 1744
3901 3476
129 2155
1744 3636
3476 5082
2155 5082
2271 876
3636 5082
876 1450
5082 3548
1450 3548
3548 4671
4671 4003
4003 4568
4568 3612
2444 5250
2145 1672
5250 4104
3612 1952
1670 1672
1672 2542
2542 1740
4104 1952
1952 5827
4079 123
1740 5827
5827 4867
967 4867
4093 123
123 4867
2274 1479
4867 1866
4307 747
747 1611
1611 1866
1479 1866
1866 4088
4088 4246
4246 4638
4638 3601
406 2340
2340 3601
3601 5973
5538 4477
4477 5973
5005 4055
159 5973
5973 4055
1279 4139
4139 4485
4055 1369
4290 4485
4485 4011
1369 44
4011 1603
1603 209
44 209
442 2668
5257 209
209 2668
2668 3264
4147 3659
2313 3659
3264 1041
3659 4092
4928 4092
4329 1041
1041 4092
4092 4865
2851 3186
4490 5320
5226 303
5320 4865
4865 3186
3186 4842
303 4842
860 730
4842 3770
3770 5053
3306 730
4090 730
730 3593
5354 5053
5053 3593
3593 2791
1281 5487
5487 2791
4098 5810
784 2791
2791 2322
5810 4218
1540 3369
3369 4218
4218 3214
2322 5993
3574 3214
3214 243
5993 1647
5373 243
243 1525
1525 928
1647 2206
4965 2206
1837 2594
928 2594
3295 5813
2206 2594
2807 2594
2594 5323
5813 1934
4858 3987
4860 1934
5323 1934
1934 5379
5379 3987
3987 995
163 3785
3785 4224
3625 1061
995 1061
4331 136
4224 136
1061 2953
3485 3534
136 3534
21 3534
3534 1002
2953 4026
1071 1002
1002 185
4107 5420
4026 5420
5420 519
2728 4827
185 4859
4827 4478
4859 519
519 3331
4478 460
5223 460
460 4328
4328 3952
3331 2616
5991 3626
847 4482
4482 2230
3952 4231
2616 3626
3626 2230
2230 4231
4231 3130
4973 4814
4814 2147
2759 3130
2147 4185
3130 1224
2654 3255
1224 4185
4185 3775
728 382
382 3255
3255 4775
4820 25
3775 1269
4798 2243
4775 25
25 1269
1269 2243
1658 2243
2243 3844
3844 3030
3030 345
5312 2740
2740 345
5951 345
15 904
345 3721
702 904
904 1178
1178 52
3721 2537
2537 973
973 1964
1964 52
52 1595
2131 4128
1924 4128
1203 1085
1595 3437
4128 4392
282 1085
3437 3862
1085 5458
5079 5458
4392 5458
5926 1553
3862 5458
5458 3735
5623 2644
1553 5636
5636 2644
2381 3428
3735 5001
2644 5892
5001 1799
3428 966
1799 2826
2830 4065
5892 4065
966 4065
4065 1832
2826 1339
1689 1339
2445 5491
5491 5408
1832 310
1339 1831
5315 2591
310 5408
5408 1831
2591 1831
1831 1244
1244 1561
1561 3444
319 2534
1893 3444
3444 478
4496 4028
2534 478
478 4028
4028 2276
2276 5030
1945 1427
206 5030
5030 5392
5392 848
2961 1853
1427 4889
848 1853
3490 5690
1853 4889
5690 4750
4889 569
4750 5253
5253 1470
569 3472
3472 820
820 1470
1470 3623
3623 5531
48 3223
3223 5344
5531 2917
2917 704
4937 5770
5344 704
2673 1783
5770 704
704 951
1782 4146
1783 3380
4146 1594
951 5337
5337 1594
1594 5506
3380 4692
488 5506
5506 3401
3401 3261
3261 4523
4692 1137
1868 3654
4523 1345
1137 5974
4551 3654
3654 5080
5974 1345
1345 3951
5080 2038
3951 2038
1655 960
2038 960
960 5605
5011 5605
781 3183
3183 3781
5791 1397
5605 5742
5689 1397
3781 1397
1397 462
5742 462
3583 462
1299 462
462 178
3032 3492
3034 1240
5286 296
178 296
1240 3492
3492 1653
296 1686
1653 4532
2630 2101
1686 5799
4532 2101
2101 1058
1058 5799
2921 5515
5799 536
5515 269
269 4843
536 2185
4843 808
5965 1155
1155 808
2529 2185
2185 3460
808 5504
1413 5504
3460 598
598 2207
181 1045
5504 2207
2207 964
964 2074
1045 2074
2062 1172
2074 4920
4640 3610
1172 2491
2491 4073
4920 1141
4073 3610
3610 2434
2174 4521
1141 4521
1421 4521
2434 5800
1920 4521
4521 5217
3782 5800
5800 5122
5217 5122
5453 5231
5231 1673
1673 5471
5122 2232
2232 932
3288 1805
5471 1626
1805 5929
1626 330
932 875
3039 330
3554 2694
5929 3361
330 3361
875 1132
1132 4519
2694 5012
3361 4754
5012 5208
5208 4519
4519 267
4754 2674
2674 5549
267 5549
2656 1692
5549 632
1692 735
632 3848
1191 3451
3848 2256
735 2367
2367 4906
3797 3451
3451 5723
2256 2404
4906 5277
1337 2311
2404 5723
5723 2311
3509 1169
5277 5410
2311 3761
3761 1169
1169 5410
5410 2052
2052 3762
5896 3762
2907 2492
5543 2142
3762 161
161 166
2492 2142
2142 2690
166 3780
1376 1460
1460 2082
3780 2690
2690 1110
5287 1202
1202 1390
2082 1685
1685 1390
1110 3263
1888 1390
1390 1723
1723 3263
3263 4797
4255 3507
3507 5507
5333 2115
2115 4797
4797 5507
5507 1649
1681 3296
3296 3224
2973 607
5081 607
1649 1980
3224 4487
607 1980
3815 3902
1980 4487
4487 1572
3902 3641
3884 1384
2919 3641
1384 4468
1572 2722
3641 2722
2722 3349
4468 2811
5056 2811
2811 3313
3349 5064
2776 5064
3313 5244
2137 5244
5064 4056
5244 469
4056 364
5542 364
364 2622
2622 469
469 1808
2324 1808
1808 476
2159 476
476 3355
3355 2438
4168 3247
3247 689
1790 5783
2438 5783
2086 689
689 5783
3115 1284
5783 5225
5225 1284
3883 1284
1284 751
751 2307
2307 4151
5443 792
2844 3484
4151 2004
2004 792
4720 792
792 3795
3484 3949
3795 3949
1464 5078
1303 3949
3949 4398
1970 1696
5078 4309
4398 4309
5383 4309
674 1696
1696 357
4309 57
57 5713
5713 357
3637 1026
357 1026
2821 1428
466 4831
1026 3678
1428 3678
3678 4831
4831 3152
5657 5805
3325 5805
5805 5728
1493 2178
3152 5728
2178 3025
5271 899
5728 329
3025 201
3379 2267
899 329
329 201
2267 201
201 719
4134 1938
719 1938
5172 1938
1938 4286
4286 1267
1267 3051
4912 4626
619 4626
216 658
3051 658
4626 658
4454 4409
658 145
4409 145
769 4812
145 2883
3066 4812
4812 4977
2883 3857
2386 4591
4977 1426
1426 1015
3857 3101
1015 3101
4591 2089
3101 4036
4036 2089
2089 5497
5497 4365
4365 2237
3097 4653
4653 5895
5895 4899
4697 2237
2237 1358
5984 4899
4991 2598
4899 2598
2598 2084
1358 2914
5339 4546
2914 2989
2989 3890
2084 2329
3890 4546
4546 5017
5017 1367
2329 1014
1014 3353
3353 1367
1367 3257
3452 785
785 3394
3394 4788
4788 411
3257 3979
3979 4388
411 4388
4388 487
197 2040
2040 4936
487 5388
3988 5388
5388 4936
4313 4936
4936 4722
5261 453
5592 1701
4722 5911
5911 5730
1701 5730
453 2571
2571 1370
5730 1076
1076 5535
4780 5986
1370 2055
2055 3049
5986 3049
5535 3958
177 4929
3049 3958
528 4929
3958 3896
3896 4929
4929 2456
4362 4883
2456 933
2289 4883
4883 1940
2635 45
933 3340
1940 438
45 293
293 2221
3340 2221
438 5802
1719 5811
2221 5811
5811 4083
1959 17
5802 5403
5403 2373
2373 4083
4083 2739
17 2148
4084 1295
4007 4416
2739 2640
2640 5529
2148 1295
1295 5529
4416 5529
5529 893
893 2864
1734 4557
2864 1895
5263 4557
4557 1711
5934 1167
1167 1895
1895 3837
1711 1055
3837 1055
5317 3469
3469 3580
4969 5481
1055 3580
3580 1446
1446 2161
5481 1802
2306 221
4302 221
4981 221
2161 5924
1802 2769
221 4408
2769 5679
5945 3441
5924 4408
4408 5679
5679 4035
3441 537
5349 537
537 3967
4035 4437
3040 4437
480 1006
3967 4437
4437 929
760 1006
929 1006
1006 1995
1995 77
3859 1515
77 1515
1515 3385
3385 800
3950 4433
4433 800
800 2504
4025 2504
334 428
2504 3270
3270 5033
2325 2169
428 3033
2169 748
5033 1806
5591 3033
3033 4633
4633 584
748 584
1806 1171
584 1171
264 5992
2320 1171
1171 1375
1375 5369
3557 5828
5992 2192
2192 3796
5369 980
401 5560
5828 1248
980 3796
3796 816
1248 5560
5560 2555
2555 4272
4272 1774
816 4840
4840 1774
1774 4730
4730 4432
4874 4432
4432 4142
4142 4601
5547 5695
4271 5695
5695 4601
4601 5514
5514 530
5396 815
670 530
530 3384
1168 1
3384 815
815 426
3572 426
1 426
4046 2741
2741 426
426 1568
917 1568
1568 798
1262 3096
3096 47
798 47
47 315
315 392
2839 3187
3187 392
392 5905
982 37
37 3045
671 5905
3045 2997
5905 4974
2997 1546
1546 5845
5845 4608
4974 1656
3221 4745
1899 4745
4745 4608
4608 2238
1656 5715
635 2238
2605 3571
2238 1075
3571 889
5715 889
1527 491
889 491
1075 491
2375 3923
3923 491
491 3702
5209 3404
1107 2834
3702 2834
3404 3019
4621 3019
3019 2834
2834 4891
2799 1074
1697 225
4891 2945
2945 1074
1074 225
225 1409
2520 1409
1409 5462
4548 5462
5462 4241
4241 5702
5702 1636
504 1255
1255 1884
2389 1706
1636 1884
2359 1063
2773 1884
1884 1706
1706 1063
132 1063
1063 1025
1025 2030
1395 1863
1863 2030
2030 5857
2600 1542
5857 1274
1331 1274
1274 1542
2078 1905
1542 3585
3001 3585
1905 5594
3585 18
18 5594
5594 1789
907 1789
4370 1385
1385 1789
5377 1789
1789 3308
1614 580
3308 4072
2414 580
580 2219
4072 1177
2219 1177
1177 2911
2911 4155
4155 4209
2497 5583
2768 5583
3063 5583
4209 5928
5583 91
1237 2241
5928 1845
91 1051
1845 2241
2241 1018
1018 3189
1051 3189
3189 2167
1278 3074
4727 2167
1563 5168
3074 1442
2167 1442
246 5135
5168 2972
4733 891
1442 5135
5135 3909
2972 891
2009 891
891 733
5964 5821
3909 3565
1468 733
733 5821
5821 3929
1268 3929
3565 3929
3929 2512
3921 1212
5994 2512
3564 121
2512 121
4258 121
1212 2755
121 2755
555 4881
813 2225
2225 2755
2755 4881
4881 2039
110 1896
1896 4427
3973 4427
4427 4205
2039 3496
3496 4205
4205 753
753 1803
4049 5174
5174 1803
3508 1803
1803 2172
3879 5341
5341 16
2172 2872
2872 16
1140 2475
2063 2475
16 3079
3079 2475
1982 3798
2475 3798
542 3798
5541 5047
3798 919
5047 3012
3012 919
919 5561
2996 5561
5561 3683
3683 1131
3806 3383
1146 1131
925 2149
1131 5054
3383 2250
5054 1939
2149 1643
1643 2250
2250 1939
2797 1939
1939 3754
3754 3970
3970 2408
2408 2362
5980 2362
380 2936
2362 1947
1648 5431
5431 3739
3739 3113
2936 3417
1947 2471
3447 3417
3417 198
3113 347
3102 198
2471 198
347 1872
198 38
5685 2523
38 3376
1872 2523
4877 3751
3751 2523
2523 5880
3376 3
3 4984
4984 5880
5880 4913
4342 4771
2628 3116
4817 4913
4913 1663
1663 4771
4771 749
3116 2150
2150 4704
2273 749
749 2662
2662 2685
4704 2685
2685 1208
1208 4115
4115 4816
3299 2959
5613 5087
4816 127
2959 2210
5087 4742
4742 127
127 291
291 5822
2210 3465
3465 4721
4721 5822
5822 4008
4008 4871
4871 1371
3141 883
1371 883
883 5202
261 374
374 5949
5949 2809
5202 2809
2809 4701
4701 1378
3360 1378
5854 1599
1378 2934
2934 1599
3456 1599
1599 1851
3339 3450
1851 5384
3616 3450
5384 3450
3450 4777
4777 912
912 4002
3539 5910
2431 5910
3956 5682
5910 4002
4002 3925
3925 5276
5682 824
824 722
5161 5276
3461 4399
5276 2788
2788 722
722 727
4399 2222
5 268
727 268
2001 268
268 2222
2222 3457
3457 66
2119 4809
1261 2191
2191 4809
4809 66
66 3686
3686 873
1098 3903
3002 873
873 399
399 3044
3903 1462
3044 2033
2033 4367
3790 1462
1462 2843
2843 1588
4367 1588
1588 4247
1760 471
471 885
885 274
1467 3342
4247 3342
3342 4628
850 274
274 2943
5055 2943
4628 788
2943 1720
2730 1720
788 2498
4354 943
943 2498
1720 4304
497 2498
2498 661
2964 2262
4304 5401
5401 5735
833 1997
661 5413
2262 5735
5735 1997
1997 5413
5413 4725
4452 5950
5762 4725
5950 4589
4589 4725
4725 4504
1854 5937
381 4059
4059 5937
4504 1749
5937 2420
4659 1343
1343 3730
1749 5307
2420 3730
1506 5307
5307 3543
3730 3961
3961 3543
2421 4759
5990 3543
3543 4492
4759 4492
4492 1144
383 548
595 3206
3206 3752
548 1090
1144 5775
1090 3531
1705 3752
3752 3841
5775 5170
5170 3841
3531 5906
3841 259
259 1824
1824 2257
4821 101
5906 570
1220 441
2257 570
101 2200
2200 304
570 441
441 304
3598 2391
304 4234
2068 5517
5171 1102
1102 5266
2391 4234
4234 5517
5517 5266
5266 1770
5041 2050
2050 4578
4578 1770
1770 5578
5578 1194
1020 1607
208 1607
1194 1607
1607 5881
279 5882
5881 3710
5963 958
43 1302
1302 5882
5882 3710
3710 2014
958 2848
2848 4585
2014 4772
1823 3176
3704 4772
4772 4585
4585 2518
1406 723
3176 1710
2518 3522
3522 723
723 1434
1710 4404
1434 5692
5692 2125
4404 620
620 5019
2125 5019
2143 3505
5019 1835
5358 2469
2469 3505
3505 1835
1835 4643
4643 4676
4676 1721
5083 3757
2411 3757
3960 2138
1721 3757
3757 1024
3753 2138
2138 1078
2157 5252
1024 1078
4982 1078
1078 5252
5252 743
743 1505
4403 5212
2416 5212
5628 1505
1505 3619
5212 2880
2880 512
512 839
3619 839
839 4655
4655 465
2965 465
645 5084
465 4802
4341 4802
3319 4376
4376 3560
5084 4439
4802 5192
5295 3560
4792 865
3560 2012
4439 865
5192 4535
2012 3060
865 5852
5852 5311
3060 4535
4535 914
5311 2908
2908 3976
3976 2746
914 887
1195 3363
887 2746
2746 613
4407 613
613 3363
3363 154
154 3977
3586 83
3506 4904
3977 83
1990 4904
83 1088
4904 3669
1088 5569
5569 4222
1512 4222
2790 4545
3669 4222
4222 4545
5632 134
4545 346
4054 346
346 1836
134 1836
3147 2888
2888 1114
1836 646
2196 5637
1114 5687
5687 5637
5322 3881
646 5637
5637 3881
1733 4027
3881 3519
5921 4839
4027 1412
2269 4839
4839 5050
3519 4106
1412 3529
4106 5050
3529 3928
5050 5495
5329 962
5495 3928
3928 4813
4813 3258
3258 1870
962 489
867 3090
3090 1082
1870 2923
4170 1082
489 5789
2923 1082
1082 2293
2334 5789
5844 2737
5789 2293
526 2623
2293 4634
4634 2737
2737 2623
2623 5612
5612 755
4113 4063
755 423
423 1424
4063 4277
5767 4277
4277 547
236 1424
1424 3868
3868 5818
4353 547
547 4760
2319 5818
4760 5818
5818 1524
1524 1904
1904 2724
2724 1431
1431 5589
5815 4567
5589 4567
4567 3551
3756 5931
596 4945
5931 4534
4534 5219
3551 4945
4945 4854
1126 4854
1307 2383
5219 3482
4854 3482
2383 1798
435 214
3482 1798
214 2461
1798 2007
2007 936
936 4159
3602 1465
2461 3073
1465 3674
3073 420
4159 2070
2070 4976
4976 3675
3674 2104
420 4291
2152 935
935 564
3675 3364
2104 1069
4291 4895
564 5475
3364 1736
1069 4895
4895 5475
5475 1736
1188 1736
1736 5967
5179 1478
1478 4430
4430 1043
5967 1034
1034 1043
1043 174
174 3455
1860 3455
483 2860
3455 2073
2073 639
639 1629
1828 3395
2860 3132
3132 1251
1629 4352
2812 4352
3395 2695
1251 4352
4352 2695
2695 2026
3537 2026
3940 2126
2134 2026
2026 5111
4181 4143
4143 2126
2126 5270
5111 3713
3713 5270
5154 5989
5989 868
5270 507
868 5229
4082 5653
5653 5229
5229 507
507 2562
2562 3729
3729 4885
2353 2357
686 2357
2357 3974
4885 3974
3974 4417
1031 4473
5772 205
205 4417
4417 3828
3828 4473
4473 3741
3741 1117
1117 2796
281 1210
3142 2796
1210 573
573 4888
2796 4369
5152 3336
3582 2552
2552 5149
4888 5262
4369 3336
3336 4182
540 2472
5149 4182
5262 4182
2472 3181
4182 2252
1575 3181
2252 4949
3181 3906
3906 4949
4949 5117
22 4756
843 4756
5117 4756
4756 5340
1474 1661
4420 4132
5691 1661
5340 1661
1661 2539
2539 5336
4132 4880
2698 4880
5336 2905
3888 4880
4880 1497
2270 2905
2905 1497
756 1497
2678 1320
1497 1320
2824 4122
1320 3123
5826 4232
3093 1991
3123 4324
4122 1991
5265 4232
4232 4070
1991 4324
4324 4070
4542 4070
4070 2287
81 5305
5305 105
2287 105
105 1012
55 665
637 1159
1012 665
4162 1159
634 2774
665 2774
1159 4746
2774 3466
4746 510
3274 1380
510 3466
3466 4846
610 673
4846 1380
1380 4288
787 673
673 194
4288 3425
194 4249
4249 2130
2130 3425
3425 3682
3682 2018
2018 2197
2197 2581
732 4796
4796 2581
2581 4989
1916 4447
1747 4989
4989 4447
1296 4789
4789 5923
4447 285
285 4774
5784 2709
5923 3944
4774 2709
2709 828
3158 3944
3944 828
5812 2318
828 2318
1538 4099
525 3003
2318 4228
4351 3566
4099 4306
3003 4306
4228 3566
3566 4306
4306 2927
2927 805
3194 5987
3568 5987
5987 3117
2835 2903
805 2903
2903 3818
3117 3153
3818 3153
3029 1186
3153 1510
3655 250
250 1186
1186 4838
1510 2146
1482 2146
4838 2146
2146 4009
3878 3773
2636 1019
1249 3773
1198 1019
4009 3773
3773 3388
1019 1750
2801 4458
3388 3320
1750 3320
763 3014
4458 1215
135 271
3320 271
3014 1215
1215 522
522 1691
271 3832
3832 2140
4539 5114
2140 494
1691 2785
5114 5777
494 2785
2785 4615
5200 5777
5777 531
5913 1330
4615 531
531 4201
1330 4657
4657 2032
4201 3801
2032 1973
896 509
715 509
1973 3801
3801 5836
4462 509
509 39
230 3222
5836 3222
1272 3222
3222 1592
39 4356
4495 3069
4426 3069
1476 1592
1592 2051
4356 3069
3069 2051
2051 2342
4494 4459
4459 856
2342 2800
2029 856
2576 4220
856 2800
4220 3253
2800 1223
3253 1223
1235 3591
3591 2412
1223 2379
1067 2412
2412 2379
391 1558
2453 1403
2379 4619
4619 1558
1558 3370
4583 2665
1403 2665
3370 3946
256 1264
2665 3946
2896 1264
1381 2163
3946 142
1264 2477
4032 2163
142 2477
2163 4879
2477 1713
1138 3653
4879 3653
3745 1713
1713 283
283 744
3653 1039
5570 2458
2458 1039
1039 744
744 1645
3256 2400
343 1645
1152 2400
1645 363
2400 4574
4787 363
4574 814
814 1578
363 1578
1578 1038
5134 4211
1038 1310
3992 4211
4211 150
1310 150
150 4435
3526 4110
5658 3800
4110 4609
4435 710
977 4609
4609 4688
3800 2368
4670 631
710 2368
2368 2915
4688 5258
5258 2915
631 2915
2915 827
2463 827
5681 827
827 1308
2611 1308
1308 5439
768 4124
4124 235
5439 2651
2651 1953
1953 2859
235 4006
1942 4262
4006 2859
1338 4262
2859 4262
4262 64
422 5998
550 4513
64 5998
4513 5998
5998 4782
4782 1402
2987 3692
2875 1402
1422 1300
3489 1402
1402 2094
3692 1300
2094 2117
1300 5862
662 4852
2117 3205
4852 3293
5862 3293
3293 2825
2825 2714
3205 75
836 75
2714 5195
75 4052
4052 4537
5195 903
903 3808
4537 2596
4630 195
3808 4915
195 3083
2596 3083
3083 4239
1573 4915
4915 4239
1030 4805
523 4239
4239 3877
3877 5596
5596 4237
4805 4666
4666 4237
4237 2937
359 3687
2522 679
679 5904
4419 4682
2937 4682
3687 5191
5904 2559
5454 4682
4682 5191
5191 1729
1729 2559
2559 1180
5224 464
1180 464
2777 432
464 3617
972 3617
3617 432
432 5898
4030 5898
238 4325
4325 4533
4830 5898
5898 5733
3199 5733
3870 5527
4533 5733
1871 5733
5733 2494
5527 2494
1894 2494
1951 2494
5291 2494
2494 3150
323 4711
3150 192
3429 4111
192 4711
697 3706
4711 3706
4111 1491
1491 3706
3706 1453
1453 1674
3919 1620
1610 3838
5024 1674
1674 3838
3838 1620
1620 5457
5457 4460
1769 1539
5788 5394
397 5417
4460 5417
5417 4453
1539 4453
5394 5831
4453 5283
212 655
5283 496
5831 4457
496 4702
4702 655
655 4395
4457 4650
1652 1438
4395 455
4650 4177
2303 1438
455 3344
1438 4177
4177 4625
3344 4625
1504 4625
1461 5661
4625 1659
2378 1659
4512 5661
5661 2553
1659 701
701 2553
2736 1122
2553 4744
5175 1821
4744 273
1122 3491
3491 4998
273 4998
1821 5890
4998 3084
5890 3099
3099 2765
1892 3084
2765 4344
3084 4344
2992 2263
2341 2201
4344 2263
2263 3013
3013 2808
2201 4121
4121 4212
2808 4198
4360 1232
4198 4411
4212 3375
3375 4411
1232 4411
4411 1958
1054 1958
1958 3861
535 2268
3861 2268
2916 4233
2268 5421
5421 4233
4233 3155
1844 3696
3696 2868
3155 2868
2868 3876
2592 4882
4882 1329
2995 877
877 3876
3876 2578
1329 2578
3192 199
199 2578
2578 2195
3779 2195
2195 4041
4041 5151
1881 4856
3289 5151
227 4856
4405 5936
5151 5936
4856 2653
1907 5936
2734 562
5936 562
2653 2760
2760 1401
1401 5645
562 1724
581 3185
3185 5584
5584 1193
5645 459
1724 1193
1193 42
459 1955
2649 910
1955 42
42 5736
910 5771
5771 3462
5736 4339
3133 67
3462 4339
4339 1325
67 1494
1494 1325
1325 4338
2827 4600
4600 2847
4639 351
351 2847
4338 4061
4061 2847
2847 1301
1301 1864
3177 1864
1864 4259
4259 4180
4180 5953
3607 3504
1741 5953
5953 3504
3504 3750
2255 2732
2732 1633
3750 1690
5708 2355
2355 4440
1633 1344
1690 1344
4440 5182
5814 5182
1344 2016
2016 5182
5182 4561
4058 4561
4561 758
3346 758
5292 2692
2692 906
906 5553
758 1095
1095 952
5553 952
4497 952
2971 559
559 952
952 458
5268 316
2884 316
2343 316
458 316
4013 552
316 3982
5162 552
3982 552
552 4794
3414 2323
2323 5399
4863 4078
4794 5399
1176 5399
5399 2982
4078 544
1622 2982
2982 5620
4629 544
544 5620
5885 3993
5620 3993
1609 2677
2677 2092
3064 1954
3993 822
1483 822
2092 2563
3835 1954
1954 822
822 1125
2563 5245
2417 3396
3396 563
1125 969
969 5245
5245 4978
563 3285
3285 2312
4978 1780
2312 5732
5732 4544
739 1780
1780 5868
4544 1709
1709 3072
5868 5178
1966 3072
1407 58
3072 5782
1591 5178
5178 2057
58 32
5782 2057
2057 102
102 1679
4129 32
32 1679
3231 746
1679 2031
2377 5129
440 5129
746 1665
5129 1665
2031 1665
1665 4637
1569 4637
1324 3874
3874 617
4637 4194
617 2474
2474 4097
4097 5851
4194 5851
5851 2480
2124 3853
2344 3468
3468 4273
4273 3853
2480 3853
3853 5747
4804 3538
5747 3538
3538 3937
1922 418
418 1786
3937 1786
5112 2867
2867 1786
1786 5210
5866 1683
1683 2380
2380 5372
5372 5210
5210 5935
1712 1419
5935 2758
2132 4087
1196 2758
4087 864
1419 2957
2758 2422
2422 5181
864 1003
1003 5769
2957 5769
1752 3514
5181 959
959 5769
5769 3514
3514 4010
4511 1890
1890 4010
4010 5359
5359 3112
138 4993
675 4137
3112 4993
4993 2904
2904 4137
4137 1785
1785 4311
4606 5368
1731 4311
5368 2933
4311 5693
5537 4520
5642 1475
5693 1475
2933 3553
4520 5324
5324 1819
1475 3553
4081 4020
3553 5903
5903 1819
1819 3144
3144 4020
4020 29
29 1472
4942 1439
5126 1472
1472 5076
1439 1898
1898 5076
4483 5586
5076 804
804 5586
2168 3843
2168 4996
